NUMBER_OF_DIMENSION 80
ATOM_TYPE Mg
ESPERANCE
0.00747974 0.00345858 0.00161073 0.00431709 0.00162895 0.00612337 0.00184428 0.0185897 0.00243693 0.0109853 0.00276373 0.0225583 0.00375476 0.0170145 0.00456453 0.0206372 0.00550128 0.0207328 0.00597764 0.0281749 0.00750559 0.00523729 0.00339999 0.0108588 0.00335039 0.0109364 0.00574789 0.0156855 0.00813946 0.0217177 0.00906758 0.0262066 0.00901967 0.0308725 0.0128485 0.0239197 0.0147493 0.0237459 0.0125146 0.0335408 0.00761565 0.00612896 0.00594036 0.0131693 0.00584599 0.01973 0.0070572 0.0368437 0.0103396 0.0456257 0.0110454 0.0426632 0.0111537 0.0370427 0.0149344 0.0330617 0.0206719 0.0454977 0.0198121 0.0367064 0.00950175 0.00503608 0.00247489 0.0032994 0.0023379 0.00730614 0.00331608 0.0219388 0.00448287 0.0109136 0.00469322 0.0226796 0.00528537 0.0235005 0.00882355 0.0294383 0.0110622 0.032428 0.00972154 0.0310092 
INVERSE OF COVARIANCE MATRIX
1.79441e+07 56334.4 -2.61413e+06 3.59743e+06 1.01573e+06 -1.2076e+06 -1.93337e+06 2.65858e+06 3.00855e+06 911570 1.32848e+06 1.45307e+06 1.37747e+06 2.02707e+06 701597 -2.13121e+06 338842 -1.56425e+06 -3.24559e+06 -812741 -5.28118e+06 227594 892478 -1.07216e+06 -580182 63120.3 1.1565e+06 -334746 -154599 -384286 308744 274672 -2.18151e+06 445074 600572 -706414 -262490 1.15562e+06 315466 -431707 -1.8659e+06 720371 -632131 -13063.1 -667553 239620 -1.85332e+06 -866891 1.2375e+06 185169 716161 -280588 -296646 -852156 310062 -1.03695e+06 -785343 735116 720675 -981890 -1.04992e+07 -1.10758e+06 1.55916e+06 -795300 -1.41636e+06 -1.43858e+06 -1.17905e+06 -1.64088e+06 -315577 2.85933e+06 57774.8 -1.47689e+06 -1.96841e+06 -43616.2 -224889 1.5704e+06 -75780.8 -328449 -269828 1.59219e+06 
56334.4 2.52035e+07 67780.9 1.12089e+06 -7.47734e+06 9.22626e+06 2.97351e+06 4.78695e+06 -965866 -4.09467e+06 -3.49464e+06 1.08479e+07 6.23964e+06 -1.82555e+06 -6.18425e+06 2.41885e+06 725565 -4.44271e+06 964207 613831 399925 -4.03856e+06 -1.06147e+06 -808099 954454 -2.70787e+06 -237593 -590727 -74996 946572 296835 -2.45278e+06 -92302.8 207439 701674 399681 267861 854088 912337 -466688 413409 239140 763043 -3.01148e+06 -1.82628e+06 -360587 -252596 -390124 78457.1 -165779 -95518.1 -1.55825e+06 -1.26511e+06 670176 56928.2 -1.30231e+06 -110906 469713 145812 683810 -35056.8 -1.64335e+07 2.36012e+06 -1.21639e+06 3.85327e+06 -1.97325e+06 -1.67535e+06 -104759 -1.02554e+06 1.04411e+06 1.30138e+06 -8.01874e+06 -3.02642e+06 2.09127e+06 1.24192e+06 -1.88905e+06 337927 3.28942e+06 -788621 -184936 
-2.61413e+06 67780.9 2.1752e+07 166620 -1.55868e+06 51854.7 280328 -3.76834e+06 -119808 -3.90949e+06 821866 -468132 -1.52972e+06 -1.83601e+06 324661 -468206 -1.53195e+06 -2.32947e+06 245073 -5.2202e+06 695042 174156 -1.18256e+06 -1.26044e+06 -231317 249448 950964 -352032 -172061 790854 -446583 380567 -146572 -634377 -1.7877e+06 496252 1.25787e+06 562692 613320 1.56091e+06 539576 16212.4 -576570 264979 125899 -288877 206673 420452 -554796 1.04349e+06 327890 1.07818e+06 -408154 792052 -19575.3 199091 653209 -398155 67248.8 83029.4 1.99799e+06 -774004 -5.85773e+06 86264 -1.06737e+06 430355 -5401.51 3.4934e+06 -2.31629e+06 279173 -728374 1.66059e+06 959765 543216 1.292e+06 -330955 -2.13068e+06 596676 -127389 2.78736e+06 
3.59743e+06 1.12089e+06 166620 3.01444e+07 -1.26047e+06 -5.18528e+06 -3.30092e+06 681371 354266 1.06902e+06 1.90283e+06 4.91954e+06 3.45134e+06 2.14217e+06 -3.54867e+06 -3.7022e+06 -1.19652e+06 -3.01256e+06 2.53725e+06 -536937 -2.10111e+06 613688 2.28784e+06 -7.29301e+06 -1.08188e+06 -1.65108e+06 1.23108e+06 -1.16351e+06 -1.0984e+06 -420892 -851136 126800 -1.17091e+06 572486 2.02552e+06 -873829 -497880 2.19552e+06 489414 -382157 -649917 -278313 -1.11471e+06 -1.08875e+06 1.59634e+06 1.55065e+06 290447 376550 167863 -422519 478843 -1.02407e+06 942775 -185029 -150937 -1.07499e+06 241161 691729 -109876 -1.93955e+06 -772767 -5698.44 1.03291e+06 -1.606e+07 996678 -2.47226e+06 2.3348e+06 -3.56856e+06 -1.87577e+06 1.74075e+06 -2.75441e+06 -4.58371e+06 2.64296e+06 2.59655e+06 245953 3.12004e+06 876046 -443618 -256125 2.16166e+06 
1.01573e+06 -7.47734e+06 -1.55868e+06 -1.26047e+06 4.65727e+07 -9.74157e+06 -4.95108e+06 915915 3.14519e+06 4.68268e+06 2.59199e+06 -8.06945e+06 -5.37707e+06 -1.09216e+06 55064.3 1.30463e+06 -4.53089e+06 6.48824e+06 694515 1.1366e+06 -480202 -162076 334322 4.1674e+06 -6.67251e+06 1.14779e+06 1.08892e+06 780353 -360150 -537594 608837 3.55273e+06 305010 -923762 -331577 -1.05291e+06 -1.16602e+06 254721 714058 444543 -935056 801792 -482856 2.83217e+06 -1.89756e+06 2.24715e+06 1.18494e+06 -299176 -806143 213138 -582523 -1.34258e+06 176081 -389286 -171105 1.41348e+06 1.77381e+06 -5471.14 -256421 -1.36336e+06 492031 6.40521e+06 -1.38216e+06 1.28234e+06 -1.35028e+07 551938 458125 -992070 -1.01952e+06 -3.05732e+06 1.685e+06 5.96794e+06 4.73911e+06 -584404 620009 -3.14469e+06 633981 -4.1382e+06 -1.83368e+06 -238305 
-1.2076e+06 9.22626e+06 51854.7 -5.18528e+06 -9.74157e+06 3.48583e+07 -2.21544e+06 -7.99403e+06 -960567 -2.86581e+06 -1.80083e+06 9.82351e+06 4.61925e+06 2.42745e+06 -3.18504e+06 3.77595e+06 5.61443e+06 -8.68188e+06 -1.44711e+06 3.6059e+06 489915 -1.09763e+06 -561171 756499 787237 -5.9047e+06 -2.11688e+06 2.89857e+06 -1.053e+06 470357 899638 -2.39443e+06 -1.09196e+06 -206252 -537172 -201582 1.08629e+06 701423 -732168 -2.24336e+06 1.73716e+06 -460645 1.18772e+06 -2.92068e+06 -1.20784e+06 -4.35447e+06 17084 949429 -1.2307e+06 -516125 -24025.2 -2.50211e+06 -1.73319e+06 -1.01191e+06 1.05827e+06 -594657 -156291 1.60179e+06 -221011 1.70095e+06 1.05263e+06 -6.30351e+06 890567 1.54004e+06 6.12649e+06 -1.33442e+07 -296493 8.58049e+06 192707 3.24691e+06 1.60025e+06 -4.87644e+06 -2.15277e+06 -511231 -73071.9 -2.92777e+06 -879092 4.62221e+06 -643654 -1.4499e+06 
-1.93337e+06 2.97351e+06 280328 -3.30092e+06 -4.95108e+06 -2.21544e+06 5.0467e+07 -1.93245e+06 -6.61538e+06 -808620 -1.87242e+06 -3.30293e+06 -94902.9 -4.30729e+06 1.46237e+06 3.31932e+06 -580914 10428.7 4.52564e+06 -2.39755e+06 -1950.31 -3.31243e+06 -1.92042e+06 3.36455e+06 -1.96536e+06 1.06743e+06 -1.47295e+06 2.64441e+06 -1.97251e+06 -1.7467e+06 201144 134839 2.02346e+06 -1.22721e+06 3.73069e+06 714676 -3.37697e+06 248014 268167 794453 11248.7 -554930 -325339 -922592 -783039 -1.23756e+06 1.38124e+06 -714064 563067 153296 553101 910837 492366 1.76139e+06 -2.75944e+06 1.57022e+06 252606 -503616 1.5882e+06 1.44795e+06 -203051 -123541 -3.68259e+06 1.08458e+06 2.04092e+06 1.37769e+06 -1.82702e+07 5.11942e+06 1.49065e+06 603892 -512959 -508631 -1.91552e+06 869774 774850 -1.37892e+06 -330985 -1.46862e+06 -5.3896e+06 -1.65825e+06 
2.65858e+06 4.78695e+06 -3.76834e+06 681371 915915 -7.99403e+06 -1.93245e+06 5.33318e+07 6.93897e+06 -1.15219e+06 3.48564e+06 -5.97197e+06 8.32003e+06 -3.34952e+06 4.47756e+06 -465580 -968620 -2.71321e+06 -5.13756e+06 2.60145e+06 664569 1.20126e+06 -2.83889e+06 -852153 -822165 1.77881e+06 2.6894e+06 -8.3215e+06 162419 201087 -343857 1.46808e+06 1.24661e+06 2.49115e+06 840041 220410 -2.18178e+06 -2.14909e+06 1.97329e+06 -1.7883e+06 -1.79618e+06 568410 1.7998e+06 1.11473e+06 1.32808e+06 1.29086e+06 1.94132e+06 -4.1023e+06 796409 3.7728e+06 992423 -589325 1.4722e+06 -742276 155555 -439084 -1.11026e+06 1.87491e+06 -763442 -1.71645e+06 -2.02178e+06 -1.73007e+06 2.06658e+06 -802021 2.06591e+06 8.31912e+06 2.63844e+06 -3.33672e+07 4.44358e+06 -3.69749e+06 -3.78303e+06 1.73627e+06 -1.45971e+06 4.17576e+06 -3.67313e+06 -72524.1 4.4147e+06 1.29915e+06 633058 483505 
3.00855e+06 -965866 -119808 354266 3.14519e+06 -960567 -6.61538e+06 6.93897e+06 2.71856e+07 1.70562e+06 -2.01024e+06 -2.10553e+06 1.26607e+06 80351.7 1.74307e+06 3.46804e+06 -990499 -5.12992e+06 -2.09191e+06 6.96483e+06 -818197 830972 -2.0571e+06 627150 -833185 -43627.9 973750 127136 -2.15631e+06 638854 617216 48635.3 -1.67984e+06 -165971 -476359 -588994 -217460 1.6889e+06 2.1023e+06 -1.56084e+06 209005 -641018 -118324 203416 -367522 1.46948e+06 -426172 -1.27891e+06 -851677 -217773 434534 -1.05239e+06 89351.8 -1.21865e+06 1.76044e+06 -1.7532e+06 -1.42077e+06 576585 969705 -47753.2 -1.6946e+06 1.03295e+06 342938 -1.46557e+06 -1.88261e+06 597374 1.23671e+06 -4.09113e+06 -4.82928e+06 -1.66036e+06 -888979 2.73255e+06 901815 3.22514e+06 -677685 -5.40677e+06 -1.69039e+06 4.3849e+06 1.15949e+06 -3.94264e+06 
911570 -4.09467e+06 -3.90949e+06 1.06902e+06 4.68268e+06 -2.86581e+06 -808620 -1.15219e+06 1.70562e+06 2.44646e+07 945318 -3.86528e+06 -3.57126e+06 -2.51925e+06 -4.27112e+06 814254 1.07301e+06 -2.51786e+06 854838 1.06746e+07 1.02032e+06 1.86162e+06 1.7269e+06 1.60143e+06 -2.06997e+06 1.50567e+06 -1.62693e+06 357587 1.95946e+06 -1.88859e+06 -185035 2.14737e+06 -87162.4 -149495 -1.03407e+06 -1.95101e+06 -807100 -186322 -228247 -2.58218e+06 -286251 511432 -439524 -726995 383171 745246 134633 1.52849e+06 1.01113e+06 -2.19998e+06 -945534 241312 781870 346774 1.02223e+06 174038 769313 -1.51476e+06 197257 -1.83302e+06 -318366 3.70145e+06 1.25599e+06 -20441.5 -2.03942e+06 1.10725e+06 2.13787e+06 3.86285e+06 549946 -1.28049e+07 -74768.3 5897.81 -1.81988e+06 -2.396e+06 297422 26164.7 1.04932e+06 3.00751e+06 952757 -5.85525e+06 
1.32848e+06 -3.49464e+06 821866 1.90283e+06 2.59199e+06 -1.80083e+06 -1.87242e+06 3.48564e+06 -2.01024e+06 945318 2.36578e+07 1.41695e+06 -1.9703e+06 -1.01309e+06 -2.0086e+06 -1.59025e+06 176028 -3.32095e+06 -4.82697e+06 -2.7529e+06 39074.7 515700 1.67286e+06 -432243 -3.44385e+06 1.08933e+06 1.29791e+06 -951844 -503047 -1.64507e+06 -1.42577e+06 -746853 -280940 1.97836e+06 -52492.5 -1.06845e+06 390102 742235 -375705 -1.2495e+06 -872474 371389 -1.06011e+06 273144 1.54893e+06 893637 385918 -266692 787792 964302 -641988 -1.55784e+06 225051 -572065 260883 436112 939664 349591 -197569 -921945 1.00002e+06 4.12642e+06 -879166 669851 793993 -1.39183e+06 459253 -2.69541e+06 1.992e+06 1.06251e+06 -9.25645e+06 2.38091e+06 2.44406e+06 1.10283e+06 1.80124e+06 1.42958e+06 -129350 426482 497054 3.01001e+06 
1.45307e+06 1.08479e+07 -468132 4.91954e+06 -8.06945e+06 9.82351e+06 -3.30293e+06 -5.97197e+06 -2.10553e+06 -3.86528e+06 1.41695e+06 4.12934e+07 3.50991e+06 -1.15271e+06 -9.01032e+06 238921 117789 -4.61296e+06 -2.68123e+06 8.24921e+06 929516 -478665 -71050.1 753852 2.40267e+06 -1.04169e+06 -834078 -43729.4 2.80641e+06 -1.85476e+06 -710772 -8.22574e+06 425493 -926123 -1.16882e+06 942586 1.75946e+06 1.02114e+06 -1.25679e+06 -3.78242e+06 604860 141760 580774 -1.04594e+06 -550378 -2.97257e+06 -626892 -345318 -1.35486e+06 441769 417706 -5.33492e+06 -1.05442e+06 1.5165e+06 481534 -393095 -537371 192108 203820 64831.2 -415926 -8.4953e+06 2.83846e+06 -4.46096e+06 619156 -675992 303549 8.39616e+06 3.77961e+06 3.36855e+06 -222664 -2.50954e+07 913567 8127.21 1.92233e+06 169464 -1.98821e+06 -5014.39 1.16439e+06 -3.44058e+06 
1.37747e+06 6.23964e+06 -1.52972e+06 3.45134e+06 -5.37707e+06 4.61925e+06 -94902.9 8.32003e+06 1.26607e+06 -3.57126e+06 -1.9703e+06 3.50991e+06 2.48082e+07 2.76373e+06 -3.67065e+06 -837619 -796775 -241826 793424 -954163 -627652 -742800 -1.7152e+06 -2.67944e+06 118040 -1.67199e+06 1.17476e+06 -2.65214e+06 -1.33154e+06 1.08008e+06 -126799 -1.06713e+06 -1.65439e+06 -936131 200957 1.27412e+06 335336 -377244 -2103.85 634580 -525022 86124.6 140901 -637161 232937 -1.14038e+06 -28310.9 -426827 -457311 336610 -950445 -812814 -1.71011e+06 -1.24488e+06 2.40654e+06 -869807 -1.59045e+06 1.4935e+06 397180 323046 -759434 -5.86688e+06 1.91718e+06 -2.28433e+06 3.22506e+06 -52849.2 2.07528e+06 -4.28463e+06 2.57519e+06 1.77948e+06 -895645 -2.76153e+06 -7.82599e+06 1.75272e+06 -1.54688e+06 177096 1.06059e+06 66832.2 -2.17371e+06 1.85008e+06 
2.02707e+06 -1.82555e+06 -1.83601e+06 2.14217e+06 -1.09216e+06 2.42745e+06 -4.30729e+06 -3.34952e+06 80351.7 -2.51925e+06 -1.01309e+06 -1.15271e+06 2.76373e+06 2.05436e+07 2.32849e+06 -1.82715e+06 -151197 -1.78076e+06 4.30035e+06 452232 -951731 1.60529e+06 848063 -935454 1.12494e+06 -1.73435e+06 -1.00544e+06 730937 434278 -223268 1.35341e+06 407624 -1.84369e+06 -2.46895e+06 548289 137532 -77264.9 1.88086e+06 -1.69508e+06 -1.20415e+06 -116308 -636741 -424467 519380 -1.85574e+06 -2.03264e+06 -1.64314e+06 -944237 1.37609e+06 -1.02394e+06 232201 -213329 -553351 -1.68386e+06 855116 -1.20009e+06 623282 831552 -1.83476e+06 -258530 -808874 423879 2.13059e+06 -1.15744e+06 314663 -3.3781e+06 1.98509e+06 -235337 2.29954e+06 2.25467e+06 1.31557e+06 1.52232e+06 -2.19297e+06 -5.88324e+06 -900941 2.46553e+06 -2.3272e+06 2.12786e+06 -3.42806e+06 117155 
701597 -6.18425e+06 324661 -3.54867e+06 55064.3 -3.18504e+06 1.46237e+06 4.47756e+06 1.74307e+06 -4.27112e+06 -2.0086e+06 -9.01032e+06 -3.67065e+06 2.32849e+06 2.20893e+07 24851.4 -4.94446e+06 3.26967e+06 -3.87484e+06 -2.30254e+06 -947251 704986 -1.01846e+06 769042 737471 1.42278e+06 -354678 172822 6313.99 280233 1.19519e+06 1.42358e+06 -2.39749e+06 -1.25081e+06 953896 627584 -830680 94142.6 -65849.7 238039 153164 -568884 -621028 2.12205e+06 -381710 -196717 -95129.3 -1.9874e+06 -752957 330953 -453167 2.75025e+06 1.12828e+06 -646095 -1.34925e+06 -325732 -50942.8 690718 -431293 -513859 -1.40816e+06 3.69047e+06 -1.9858e+06 2.04891e+06 -867240 1.17134e+06 -415243 -4.02572e+06 -946464 1.5133e+06 -2.53286e+06 7.08574e+06 1.39821e+06 -1.95706e+06 -5.13821e+06 599498 -1.81546e+06 -1.73284e+06 -312574 -1.10929e+06 
-2.13121e+06 2.41885e+06 -468206 -3.7022e+06 1.30463e+06 3.77595e+06 3.31932e+06 -465580 3.46804e+06 814254 -1.59025e+06 238921 -837619 -1.82715e+06 24851.4 1.69874e+07 -2.44213e+06 -956492 -1.59612e+06 -4.84314e+06 756256 -998316 339467 2.52533e+06 1.01375e+06 -1.30284e+06 -2.70423e+06 2.29427e+06 1.12993e+06 -243717 -669075 -237525 -666382 -2.91446e+06 -2.74099e+06 -1.78611e+06 1.35844e+06 288705 -746557 1.7193e+06 -161453 -804764 1.24984e+06 3078.81 -2.0934e+06 -657389 1.21983e+06 586269 -1.81753e+06 668460 150375 -885746 182723 597617 -134873 -875205 612517 659698 628380 1.72704e+06 784255 -244187 -1.46798e+06 -407531 -1.35494e+06 2.0065e+06 -2.32379e+06 2.41527e+06 -1.49523e+06 -2.38147e+06 598829 157062 1.66697e+06 1.6773e+06 1.21478e+06 -1.17312e+07 -1.49312e+06 2.82221e+06 2.68414e+06 1.34717e+06 
338842 725565 -1.53195e+06 -1.19652e+06 -4.53089e+06 5.61443e+06 -580914 -968620 -990499 1.07301e+06 176028 117789 -796775 -151197 -4.94446e+06 -2.44213e+06 2.26792e+07 -5.35563e+06 -240963 1.89404e+06 69646 539426 -1.17589e+06 -214325 1.68644e+06 -918979 -1.13744e+06 1.52115e+06 -500330 -344598 997293 -930015 -176074 2.28297e+06 -266168 -1.3961e+06 -1.50123e+06 -1.47734e+06 -143518 -993678 -212971 -572605 -93392.3 509764 1.01192e+06 -855681 -55844.1 457450 1.60503e+06 -1.09252e+06 996514 900065 -2.03284e+06 607011 860391 65733.9 -79824.3 -1.0086e+06 -489138 858030 14390.3 -397682 2.36326e+06 2.15779e+06 -481718 -851324 1.31507e+06 -371943 820229 1.22216e+06 790919 1.82216e+06 -1.69873e+06 127661 220420 2.60501e+06 -1.27468e+06 1.76327e+06 -1.51646e+06 -1.76644e+06 
-1.56425e+06 -4.44271e+06 -2.32947e+06 -3.01256e+06 6.48824e+06 -8.68188e+06 10428.7 -2.71321e+06 -5.12992e+06 -2.51786e+06 -3.32095e+06 -4.61296e+06 -241826 -1.78076e+06 3.26967e+06 -956492 -5.35563e+06 2.12462e+07 687681 -5.29766e+06 924029 -1.02026e+06 350087 163297 -386428 2.12339e+06 333515 -1.43094e+06 2.65714e+06 1.16589e+06 -1.48347e+06 1.63462e+06 782549 229450 -1.46027e+06 -524156 -449736 -4.13189e+06 -1.19559e+06 3.1693e+06 -212522 660365 155868 1.4705e+06 84951.8 1.14126e+06 -479520 1.19111e+06 -993002 765390 -100830 888987 406638 -888295 -2.07299e+06 1.76536e+06 -554297 -1.24476e+06 -52350.8 -2581.68 737920 2.01229e+06 67848.9 2.20807e+06 -3.28233e+06 2.25511e+06 653021 -1.49358e+06 783677 51214 3.34193e+06 4.58716e+06 655995 -966922 -71914.8 1.84583e+06 1.66621e+06 -1.14475e+07 1.16734e+06 2.84606e+06 
-3.24559e+06 964207 245073 2.53725e+06 694515 -1.44711e+06 4.52564e+06 -5.13756e+06 -2.09191e+06 854838 -4.82697e+06 -2.68123e+06 793424 4.30035e+06 -3.87484e+06 -1.59612e+06 -240963 687681 1.98724e+07 -356459 619888 -656098 -436410 -449404 -57552.4 -1.36863e+06 -1.92674e+06 505149 -1.10004e+06 1.83216e+06 2.94059e+06 124656 1.53534e+06 -1.00576e+06 1.62085e+06 -237664 245356 450608 -3.31045e+06 733716 364251 -131808 338438 20176 -994135 -1.33423e+06 52515.8 754192 653542 -676159 129218 497649 -1.01542e+06 -520876 508008 369838 -206630 -613698 -650642 800990 739793 401684 430039 -1.7362e+06 2.1874e+06 -1.43847e+06 -1.6134e+06 1.95342e+06 1.21212e+06 -2.40052e+06 4.39258e+06 1.46847e+06 -4.76249e+06 1.31101e+06 -1.51347e+06 1.22454e+06 965734 39706.7 -9.07176e+06 -383293 
-812741 613831 -5.2202e+06 -536937 1.1366e+06 3.6059e+06 -2.39755e+06 2.60145e+06 6.96483e+06 1.06746e+07 -2.7529e+06 8.24921e+06 -954163 452232 -2.30254e+06 -4.84314e+06 1.89404e+06 -5.29766e+06 -356459 5.69427e+07 682781 373801 -313574 3.08435e+06 -739010 2.03433e+06 1.66129e+06 -183859 -1.67033e+06 -1.28401e+06 1.79376e+06 -658082 1.55055e+06 1.93581e+06 1.58341e+06 721928 -412050 1.0097e+06 2.05206e+06 -1.7052e+07 2.4737e+06 -518235 -1.13257e+06 -138746 -1.10291e+06 800974 -2.01547e+06 1.54503e+06 -541463 -3.46102e+06 -645492 -2.69063e+06 2.73671e+06 -759239 -745730 -347560 -1.36817e+06 -158548 1.23248e+06 -4.39615e+06 -59496.8 -207230 709464 -2.1168e+06 4.03841e+06 -1.34958e+06 3.17929e+06 -1.02998e+06 746924 -1.05257e+06 -449810 -1.27817e+07 3.08991e+06 -2.15475e+06 1.83422e+06 1.54793e+06 -3.44432e+06 4.48442e+06 -754711 -2.93467e+07 
-5.28118e+06 399925 695042 -2.10111e+06 -480202 489915 -1950.31 664569 -818197 1.02032e+06 39074.7 929516 -627652 -951731 -947251 756256 69646 924029 619888 682781 2.71039e+06 81461.3 -486783 305040 165260 344627 -539600 -364302 665782 252041 -226513 -667253 842811 -159233 -465297 115946 106267 -862102 -415918 4645.09 558551 -26682.4 276578 103862 153883 -119518 377231 222768 -385124 -135229 -90728.4 28546.1 54358.7 414271 -10061.6 293215 289382 -516742 -230532 489924 2.78852e+06 163812 826707 922815 627185 965386 457969 -200194 512586 -1.67529e+06 336661 -95092.8 351431 -346186 -156916 -410324 107917 317280 415706 -679500 
227594 -4.03856e+06 174156 613688 -162076 -1.09763e+06 -3.31243e+06 1.20126e+06 830972 1.86162e+06 515700 -478665 -742800 1.60529e+06 704986 -998316 539426 -1.02026e+06 -656098 373801 81461.3 3.17423e+06 297151 -165293 374348 165690 -160349 -757970 -92712 -417536 222169 508540 -359776 110221 -378965 111292 328799 -138185 -53201.5 -193977 -42905 -238895 -104920 147932 550785 -458900 -145002 -335335 455591 203625 123171 433660 302354 -61056.8 396149 -259348 48277.9 -226644 -449152 -566865 -63347.7 2.41884e+06 490928 -654827 -1.48039e+06 1.36069e+06 1.30596e+06 -1.35511e+06 239385 -683991 -465351 935681 596252 -701587 -183418 1.23977e+06 -624926 402332 500064 -242190 
892478 -1.06147e+06 -1.18256e+06 2.28784e+06 334322 -561171 -1.92042e+06 -2.83889e+06 -2.0571e+06 1.7269e+06 1.67286e+06 -71050.1 -1.7152e+06 848063 -1.01846e+06 339467 -1.17589e+06 350087 -436410 -313574 -486783 297151 4.69897e+06 269955 -677328 -119004 389253 -68410.5 519276 -381481 -765985 297539 -542268 -21491.5 -668460 -538243 678099 630677 -16784.7 -32030.2 -90249.2 184986 -164989 -545301 -419962 -435075 53381.7 160653 -140618 -465204 -711074 -646962 493134 140671 209174 207732 291898 -203656 164446 -376862 212135 956472 129554 -1.63501e+06 -395650 -1.01562e+06 966590 1.68704e+06 -260689 -259865 -453187 78008.1 2.13894e+06 -672190 646436 383884 -329073 -482164 1.04671e+06 633242 
-1.07216e+06 -808099 -1.26044e+06 -7.29301e+06 4.1674e+06 756499 3.36455e+06 -852153 627150 1.60143e+06 -432243 753852 -2.67944e+06 -935454 769042 2.52533e+06 -214325 163297 -449404 3.08435e+06 305040 -165293 269955 6.97028e+06 -1.14002e+06 209343 259453 1.50507e+06 -459343 -656981 148319 348826 -60076.9 -1.94509e+06 -404600 -15949.9 292683 -60047.2 462401 -412575 405982 452699 20456.9 694975 -755974 -309510 -158162 -232432 -90899.8 1.19993e+06 -705526 -701927 388919 742451 68295.5 213064 199071 -445461 589098 -266516 779633 492181 -871784 2.65628e+06 -1.40679e+06 1.6093e+06 -1.87307e+06 3.51163e+06 1.12256e+06 -2.22236e+06 1.05995e+06 -539286 -362651 -908407 511593 -2.07453e+06 -299752 358666 -552495 -2.93577e+06 
-580182 954454 -231317 -1.08188e+06 -6.67251e+06 787237 -1.96536e+06 -822165 -833185 -2.06997e+06 -3.44385e+06 2.40267e+06 118040 1.12494e+06 737471 1.01375e+06 1.68644e+06 -386428 -57552.4 -739010 165260 374348 -677328 -1.14002e+06 7.27689e+06 86346.6 -779532 678283 653991 -415978 594938 -700160 -20234.2 -573592 187189 409685 243398 -860278 -960802 -9275.37 -172173 -142767 1.02965e+06 307324 -307328 -1.34116e+06 -250919 -67854 -177437 -310333 655968 1.41812e+06 -291889 377890 35770.2 -138367 -388389 -269102 -464638 887426 -305953 -1.40568e+06 672852 29333.2 617122 2.29624e+06 966117 210746 562370 1.67195e+06 1.49789e+06 -2.67037e+06 -86321.8 -1.07566e+06 -435363 166083 67499.2 1.01456e+06 588845 189267 
63120.3 -2.70787e+06 249448 -1.65108e+06 1.14779e+06 -5.9047e+06 1.06743e+06 1.77881e+06 -43627.9 1.50567e+06 1.08933e+06 -1.04169e+06 -1.67199e+06 -1.73435e+06 1.42278e+06 -1.30284e+06 -918979 2.12339e+06 -1.36863e+06 2.03433e+06 344627 165690 -119004 209343 86346.6 4.8093e+06 176954 -311782 302155 -614978 -518751 475477 -87559.6 -69080.8 16569.4 262643 -479437 -229296 -103467 -817008 -627788 467701 -315125 712343 4947.39 804449 -183734 -712749 131873 -417444 -188865 647234 365587 188693 -313347 197203 -79462.7 -589180 579093 18666.4 -47580.1 1.33973e+06 -123871 1.19732e+06 -1.99485e+06 2.10119e+06 -34604.4 -1.25176e+06 374249 -154590 -1.23086e+06 -132272 699752 -265262 -409201 918546 137504 -1.19927e+06 1.44774e+06 -1.36096e+06 
1.1565e+06 -237593 950964 1.23108e+06 1.08892e+06 -2.11688e+06 -1.47295e+06 2.6894e+06 973750 -1.62693e+06 1.29791e+06 -834078 1.17476e+06 -1.00544e+06 -354678 -2.70423e+06 -1.13744e+06 333515 -1.92674e+06 1.66129e+06 -539600 -160349 389253 259453 -779532 176954 7.21607e+06 -1.16448e+06 -286279 203368 -1.44641e+06 174234 -512938 297100 529801 66482.4 -532419 375048 998050 -132684 182470 57550.2 -354177 -80625.6 710800 1.7524e+06 -897529 -122432 -351255 958092 295290 31877.2 411181 23316.3 124798 -52150.3 -497752 -165720 506417 -1.45899e+06 80380.1 -864571 327238 -1.40422e+06 878537 1.05707e+06 207676 -1.68942e+06 -803847 554856 -12618 -44175 383579 183834 655107 1.46279e+06 473900 -436113 91806.4 530792 
-334746 -590727 -352032 -1.16351e+06 780353 2.89857e+06 2.64441e+06 -8.3215e+06 127136 357587 -951844 -43729.4 -2.65214e+06 730937 172822 2.29427e+06 1.52115e+06 -1.43094e+06 505149 -183859 -364302 -757970 -68410.5 1.50507e+06 678283 -311782 -1.16448e+06 5.14113e+06 -859989 -441813 512057 -46635.8 -427082 -1.34803e+06 292451 -184541 430850 573756 267691 -308310 409945 -302060 -49151.4 149306 -966732 -848243 101722 402303 -311361 -575395 -43892 145156 -172782 223879 58174.4 199749 183335 33883 358319 632808 318367 1.05558e+06 -818877 -82660.6 21920.7 -1.76793e+06 -2.08519e+06 6.28602e+06 -622153 222061 1.14103e+06 -224457 -3015.31 -236660 678310 -1.66097e+06 -1.04344e+06 1.15825e+06 -430904 -1.30167e+06 
-154599 -74996 -172061 -1.0984e+06 -360150 -1.053e+06 -1.97251e+06 162419 -2.15631e+06 1.95946e+06 -503047 2.80641e+06 -1.33154e+06 434278 6313.99 1.12993e+06 -500330 2.65714e+06 -1.10004e+06 -1.67033e+06 665782 -92712 519276 -459343 653991 302155 -286279 -859989 5.78072e+06 -328319 -1.37263e+06 -1.21745e+06 -469059 548357 -2.2383e+06 -472503 693149 -419608 -1.7969e+06 284999 -413647 117212 751659 819266 -97573.4 -897842 184897 818274 -131463 -438917 403139 219988 -173617 -271937 355131 303832 249433 -159299 -644973 -60605.7 322831 -397187 813011 908183 -951722 1.49475e+06 1.20561e+06 232023 1.08907e+06 275941 2.55667e+06 -1.80166e+06 -1.39528e+06 -2.5512e+06 -1.13839e+06 -516312 432827 -1.40555e+06 1.41317e+06 2.13998e+06 
-384286 946572 790854 -420892 -537594 470357 -1.7467e+06 201087 638854 -1.88859e+06 -1.64507e+06 -1.85476e+06 1.08008e+06 -223268 280233 -243717 -344598 1.16589e+06 1.83216e+06 -1.28401e+06 252041 -417536 -381481 -656981 -415978 -614978 203368 -441813 -328319 4.52223e+06 1.10829e+06 -1.1702e+06 -20368.1 -451168 -312678 -222272 20544.7 -647389 -484368 568923 69930.6 866017 312326 439951 -52379.5 749886 -3225.33 364011 -736303 320121 -73853.2 40316.9 108910 -411825 276429 35952.5 -174876 11900.4 202489 520654 62751.3 -273919 766077 195013 -132015 -437257 703527 -2.1076e+06 -1.68861e+06 714686 1.2292e+06 2.57981e+06 -500821 1.05236e+06 -209989 260123 -625314 -86301 -10924.7 714058 
308744 296835 -446583 -851136 608837 899638 201144 -343857 617216 -185035 -1.42577e+06 -710772 -126799 1.35341e+06 1.19519e+06 -669075 997293 -1.48347e+06 2.94059e+06 1.79376e+06 -226513 222169 -765985 148319 594938 -518751 -1.44641e+06 512057 -1.37263e+06 1.10829e+06 3.72453e+06 -58689 233638 -491536 608699 41644.9 19131.4 146095 -954995 -622627 164547 176020 -6396.09 -105947 -456756 -220299 -74482.8 -307522 -56335.6 -238907 -246158 20961.1 -171065 -54013.7 -215500 209202 229894 117056 -143476 431139 -620475 771109 536376 464864 -524183 -653650 -275119 -727347 -87613.3 317707 -317687 536154 -294878 1.10564e+06 -333181 541406 -874136 755526 -2.16361e+06 -1.35478e+06 
274672 -2.45278e+06 380567 126800 3.55273e+06 -2.39443e+06 134839 1.46808e+06 48635.3 2.14737e+06 -746853 -8.22574e+06 -1.06713e+06 407624 1.42358e+06 -237525 -930015 1.63462e+06 124656 -658082 -667253 508540 297539 348826 -700160 475477 174234 -46635.8 -1.21745e+06 -1.1702e+06 -58689 5.43897e+06 -111877 549459 205932 -514329 -518270 -421054 1.11271e+06 730124 48088.2 -173264 -412047 182447 520769 759340 195401 108372 1.01739e+06 387835 -65485 778566 594516 396501 -528130 106668 127658 -242215 -247190 -704560 -218649 1.57641e+06 -1.38368e+06 -441976 -512504 -335673 335935 -979628 -1.07998e+06 -1.77228e+06 -1.09239e+06 3.90868e+06 1.01238e+06 -886041 -38323.1 -234727 1.01523e+06 -946.776 300057 -638793 
-2.18151e+06 -92302.8 -146572 -1.17091e+06 305010 -1.09196e+06 2.02346e+06 1.24661e+06 -1.67984e+06 -87162.4 -280940 425493 -1.65439e+06 -1.84369e+06 -2.39749e+06 -666382 -176074 782549 1.53534e+06 1.55055e+06 842811 -359776 -542268 -60076.9 -20234.2 -87559.6 -512938 -427082 -469059 -20368.1 233638 -111877 4.89073e+06 632144 286837 -47889 -35238.6 -578747 -564100 -582917 192697 266564 486798 -336397 728745 227911 769048 377724 -177933 -2896.87 -105238 16189.5 99339.7 943471 -640287 568420 400517 -277406 -44575.3 -13741.8 1.0448e+06 1.13598e+06 -81044.3 1.28021e+06 727495 544701 -1.68353e+06 -1.30988e+06 224763 -579894 -461844 -373035 -130515 806179 1.36536e+06 738586 464868 -829505 -238259 -1.10495e+06 
445074 207439 -634377 572486 -923762 -206252 -1.22721e+06 2.49115e+06 -165971 -149495 1.97836e+06 -926123 -936131 -2.46895e+06 -1.25081e+06 -2.91446e+06 2.28297e+06 229450 -1.00576e+06 1.93581e+06 -159233 110221 -21491.5 -1.94509e+06 -573592 -69080.8 297100 -1.34803e+06 548357 -451168 -491536 549459 632144 4.50484e+06 -397797 -94210.5 -41647.8 -768947 324025 -1.47029e+06 -100703 -237084 27921.7 -381224 1.36831e+06 319692 220541 341884 585976 -375860 769837 -284734 -146621 -104131 -187042 47153.6 -348259 25916.2 -688139 -251862 -256374 365973 -467995 726445 1.14964e+06 -1.57384e+06 141364 -3.32727e+06 240632 1.51925e+06 -865298 978404 1.6911e+06 652387 66205.3 1.32992e+06 674175 -1.54492e+06 586035 880860 
600572 701674 -1.7877e+06 2.02552e+06 -331577 -537172 3.73069e+06 840041 -476359 -1.03407e+06 -52492.5 -1.16882e+06 200957 548289 953896 -2.74099e+06 -266168 -1.46027e+06 1.62085e+06 1.58341e+06 -465297 -378965 -668460 -404600 187189 16569.4 529801 292451 -2.2383e+06 -312678 608699 205932 286837 -397797 4.47746e+06 427233 -1.98549e+06 732695 429818 -70977.6 -24501 -364173 -189163 -337863 -56726.9 320443 -228426 -692072 814177 -287231 147561 158703 -163641 422603 -437521 -495708 -84875.3 429566 -76913.8 -578637 -347152 16099.8 135715 -1.3049e+06 1.46084e+06 -662650 -1.23397e+06 -2.11489e+06 -443208 1.4516e+06 -1.63886e+06 -363406 -159052 507976 -333415 2.75833e+06 370368 472540 -1.74713e+06 -1.95562e+06 
-706414 399681 496252 -873829 -1.05291e+06 -201582 714676 220410 -588994 -1.95101e+06 -1.06845e+06 942586 1.27412e+06 137532 627584 -1.78611e+06 -1.3961e+06 -524156 -237664 721928 115946 111292 -538243 -15949.9 409685 262643 66482.4 -184541 -472503 -222272 41644.9 -514329 -47889 -94210.5 427233 2.27478e+06 170876 -29520.3 351678 -373806 128399 -19304 -61126.3 217061 119728 -21991.8 -232284 -63842.4 191646 -5484.73 191586 85496.4 30640.6 44023.6 -341805 -275548 -79940.8 76431.8 -175483 1051.08 -41286.7 -889592 -342074 -123983 790047 100962 187814 -220153 1.15543e+06 830463 -77857.1 -784700 -487160 169895 -223563 847918 108229 -92471.9 -88463.6 -16451.6 
-262490 267861 1.25787e+06 -497880 -1.16602e+06 1.08629e+06 -3.37697e+06 -2.18178e+06 -217460 -807100 390102 1.75946e+06 335336 -77264.9 -830680 1.35844e+06 -1.50123e+06 -449736 245356 -412050 106267 328799 678099 292683 243398 -479437 -532419 430850 693149 20544.7 19131.4 -518270 -35238.6 -41647.8 -1.98549e+06 170876 3.29165e+06 132580 -742111 -251911 -14131.1 114838 263201 -492272 -529687 -877977 199446 356139 -341328 256910 -511434 -181629 90127.2 10675.3 383266 599747 -48287.6 -241699 130900 563974 119375 -383328 277570 279035 272456 461699 471955 2.85222e+06 318051 196198 1.35946e+06 -1.20399e+06 237548 15239.8 159799 -1.58287e+06 338256 826911 306759 842750 
1.15562e+06 854088 562692 2.19552e+06 254721 701423 248014 -2.14909e+06 1.6889e+06 -186322 742235 1.02114e+06 -377244 1.88086e+06 94142.6 288705 -1.47734e+06 -4.13189e+06 450608 1.0097e+06 -862102 -138185 630677 -60047.2 -860278 -229296 375048 573756 -419608 -647389 146095 -421054 -578747 -768947 732695 -29520.3 132580 2.76796e+06 26410.2 -553264 76625.7 -72587.7 -472227 -215755 -423429 -115796 46470.2 -604619 -109727 -272035 -360123 -670951 -171509 -243576 431394 -271677 70121.8 545317 339045 -327301 -370376 -285086 -292612 -1.63895e+06 468876 -1.17701e+06 -509103 2.09765e+06 -1.38637e+06 1.00998e+06 -801740 -690244 -40928.1 -9318.04 -58548.4 -971168 -863357 2.04345e+06 -828314 -496081 
315466 912337 613320 489414 714058 -732168 268167 1.97329e+06 2.1023e+06 -228247 -375705 -1.25679e+06 -2103.85 -1.69508e+06 -65849.7 -746557 -143518 -1.19559e+06 -3.31045e+06 2.05206e+06 -415918 -53201.5 -16784.7 462401 -960802 -103467 998050 267691 -1.7969e+06 -484368 -954995 1.11271e+06 -564100 324025 429818 351678 -742111 26410.2 4.00316e+06 -168433 496122 -308855 -392999 -445844 410905 937350 -54068.8 -236395 246779 436502 132218 -6605.89 419113 393125 -101237 -232768 -284016 39147.3 83660.1 -1.00658e+06 -165443 -1.20776e+06 -701780 -357156 212409 301070 9200.57 -384232 -461788 -1.12939e+06 -379506 313140 1.8396e+06 475242 931571 -159427 -536355 402827 1.28462e+06 -1.4257e+06 
-431707 -466688 1.56091e+06 -382157 444543 -2.24336e+06 794453 -1.7883e+06 -1.56084e+06 -2.58218e+06 -1.2495e+06 -3.78242e+06 634580 -1.20415e+06 238039 1.7193e+06 -993678 3.1693e+06 733716 -1.7052e+07 4645.09 -193977 -32030.2 -412575 -9275.37 -817008 -132684 -308310 284999 568923 -622627 730124 -582917 -1.47029e+06 -70977.6 -373806 -251911 -553264 -168433 6.76124e+06 -546458 -44875.3 353832 -207978 147344 -21038.2 262572 -305454 80138.4 1.10443e+06 110412 1.0084e+06 -796880 297030 347761 6310.6 212403 -251188 -29809.2 1.00094e+06 459634 -385182 -48733.2 715239 -1.3935e+06 2.28778e+06 -859042 875877 -956246 -411105 921692 4.40244e+06 -1.58765e+06 1.03984e+06 -365714 -711913 1.28922e+06 -1.67228e+06 218589 7.80077e+06 
-1.8659e+06 413409 539576 -649917 -935056 1.73716e+06 11248.7 -1.79618e+06 209005 -286251 -872474 604860 -525022 -116308 153164 -161453 -212971 -212522 364251 2.4737e+06 558551 -42905 -90249.2 405982 -172173 -627788 182470 409945 -413647 69930.6 164547 48088.2 192697 -100703 -24501 128399 -14131.1 76625.7 496122 -546458 1.49342e+06 -303044 -158436 -339472 247269 48056.8 -174801 347650 -300504 598.731 -152413 -202927 298919 -83549.6 -82428.1 -52615.6 -380304 14598.8 82121.8 -188922 850611 -232000 642.348 356980 1.51112e+06 -545429 16823.3 1.26705e+06 341715 -581711 266202 70218.3 32416.6 -127402 142945 56034 -879918 563827 -264375 -1.75337e+06 
720371 239140 16212.4 -278313 801792 -460645 -554930 568410 -641018 511432 371389 141760 86124.6 -636741 -568884 -804764 -572605 660365 -131808 -518235 -26682.4 -238895 184986 452699 -142767 467701 57550.2 -302060 117212 866017 176020 -173264 266564 -237084 -364173 -19304 114838 -72587.7 -308855 -44875.3 -303044 1.67454e+06 104338 445472 56793.8 203108 -143908 -212387 -98858.7 429617 -311639 -114258 52675.6 -228217 136664 410576 58551.1 -3910.74 298832 16240.8 -238222 -341485 -132886 260796 -44504.6 -390445 236841 -363145 30150.5 236756 848644 195241 -852756 -326670 5014.32 322403 350806 -562153 301568 695789 
-632131 763043 -576570 -1.11471e+06 -482856 1.18772e+06 -325339 1.7998e+06 -118324 -439524 -1.06011e+06 580774 140901 -424467 -621028 1.24984e+06 -93392.3 155868 338438 -1.13257e+06 276578 -104920 -164989 20456.9 1.02965e+06 -315125 -354177 -49151.4 751659 312326 -6396.09 -412047 486798 27921.7 -189163 -61126.3 263201 -472227 -392999 353832 -158436 104338 2.06548e+06 -128172 -191979 -517109 277944 -85954.1 -59896.5 -74007.8 217248 243295 -320468 49528.7 17283.3 255109 -206092 29240.1 -107815 421203 212716 -443061 169586 138123 -711578 685497 230313 -1.12343e+06 176350 -46179.1 1.37357e+06 -513666 -159414 -394771 -446049 -793557 370430 409210 700531 526782 
-13063.1 -3.01148e+06 264979 -1.08875e+06 2.83217e+06 -2.92068e+06 -922592 1.11473e+06 203416 -726995 273144 -1.04594e+06 -637161 519380 2.12205e+06 3078.81 509764 1.4705e+06 20176 -138746 103862 147932 -545301 694975 307324 712343 -80625.6 149306 819266 439951 -105947 182447 -336397 -381224 -337863 217061 -492272 -215755 -445844 -207978 -339472 445472 -128172 3.75151e+06 489892 -204017 130647 251021 -380422 239577 163688 662493 155976 -327939 37479.9 67140.6 296893 155754 -374182 -93244.9 -211281 1.37474e+06 -555798 526294 -1.84791e+06 -23621.9 1.39172e+06 -1.91154e+06 -10082.3 -233282 -327348 1.736e+06 -168152 -770237 -872037 -263110 -211382 -756687 418673 -266575 
-667553 -1.82628e+06 125899 1.59634e+06 -1.89756e+06 -1.20784e+06 -783039 1.32808e+06 -367522 383171 1.54893e+06 -550378 232937 -1.85574e+06 -381710 -2.0934e+06 1.01192e+06 84951.8 -994135 -1.10291e+06 153883 550785 -419962 -755974 -307328 4947.39 710800 -966732 -97573.4 -52379.5 -456756 520769 728745 1.36831e+06 -56726.9 119728 -529687 -423429 410905 147344 247269 56793.8 -191979 489892 3.26147e+06 364524 418557 849455 114584 668960 286724 659650 375851 211532 -117566 -163646 -97614 -192081 -448621 -521782 272301 1.04237e+06 63028 -275215 672955 307723 535373 -2.1812e+06 1.08873e+06 -411792 -1.35427e+06 1.68724e+06 -140607 694693 -212487 1.19514e+06 141370 -933526 826231 1.29836e+06 
239620 -360587 -288877 1.55065e+06 2.24715e+06 -4.35447e+06 -1.23756e+06 1.29086e+06 1.46948e+06 745246 893637 -2.97257e+06 -1.14038e+06 -2.03264e+06 -196717 -657389 -855681 1.14126e+06 -1.33423e+06 800974 -119518 -458900 -435075 -309510 -1.34116e+06 804449 1.7524e+06 -848243 -897842 749886 -220299 759340 227911 319692 320443 -21991.8 -877977 -115796 937350 -21038.2 48056.8 203108 -517109 -204017 364524 4.28443e+06 -115467 410430 -32109.6 331194 335058 -6559.63 565902 8298.89 -789002 -420988 270289 -299176 580989 -761612 -253793 366711 -298168 -435392 -279085 1.00079e+06 99237.5 -1.47509e+06 -1.70053e+06 -836250 -881536 1.56281e+06 2.02214e+06 1.03044e+06 986976 34530.7 83199.1 -175516 999685 68775.1 
-1.85332e+06 -252596 206673 290447 1.18494e+06 17084 1.38124e+06 1.94132e+06 -426172 134633 385918 -626892 -28310.9 -1.64314e+06 -95129.3 1.21983e+06 -55844.1 -479520 52515.8 -2.01547e+06 377231 -145002 53381.7 -158162 -250919 -183734 -897529 101722 184897 -3225.33 -74482.8 195401 769048 220541 -228426 -232284 199446 46470.2 -54068.8 262572 -174801 -143908 277944 130647 418557 -115467 2.6636e+06 124621 -545074 -21944 -53526.4 123528 -360166 351995 136688 761207 331358 -135791 -397982 443534 1.01257e+06 856668 -449262 213122 -573874 517121 -1.02006e+06 -767436 -1015.91 -592606 -765844 484697 713346 409442 -428100 -899239 407032 -78609.3 348696 982908 
-866891 -390124 420452 376550 -299176 949429 -714064 -4.1023e+06 -1.27891e+06 1.52849e+06 -266692 -345318 -426827 -944237 -1.9874e+06 586269 457450 1.19111e+06 754192 1.54503e+06 222768 -335335 160653 -232432 -67854 -712749 -122432 402303 818274 364011 -307522 108372 377724 341884 -692072 -63842.4 356139 -604619 -236395 -305454 347650 -212387 -85954.1 251021 849455 410430 124621 2.92477e+06 -405857 81472.2 -76836.1 314808 55675 147231 23552.9 -68378.8 319972 -444765 -281532 -349501 126906 171461 219684 21317.9 149625 -771622 404966 1.46113e+06 1.21554e+06 -533912 1.53158e+06 176182 -507838 514364 35033.2 -27864.4 356151 -407778 739531 -241415 
1.2375e+06 78457.1 -554796 167863 -806143 -1.2307e+06 563067 796409 -851677 1.01113e+06 787792 -1.35486e+06 -457311 1.37609e+06 -752957 -1.81753e+06 1.60503e+06 -993002 653542 -541463 -385124 455591 -140618 -90899.8 -177437 131873 -351255 -311361 -131463 -736303 -56335.6 1.01739e+06 -177933 585976 814177 191646 -341328 -109727 246779 80138.4 -300504 -98858.7 -59896.5 -380422 114584 -32109.6 -545074 -405857 2.5959e+06 -35930.6 37224.8 456441 -276410 345766 -65968.3 -256174 -115210 -466667 -790269 -168629 -824664 199851 488167 292601 -97851.1 256306 214851 -634817 285133 -102508 -441763 776206 -1.20642e+06 -949178 -212862 1.73374e+06 207949 844713 -726511 -13234.9 
185169 -165779 1.04349e+06 -422519 213138 -516125 153296 3.7728e+06 -217773 -2.19998e+06 964302 441769 336610 -1.02394e+06 330953 668460 -1.09252e+06 765390 -676159 -3.46102e+06 -135229 203625 -465204 1.19993e+06 -310333 -417444 958092 -575395 -438917 320121 -238907 387835 -2896.87 -375860 -287231 -5484.73 256910 -272035 436502 1.10443e+06 598.731 429617 -74007.8 239577 668960 331194 -21944 81472.2 -35930.6 3.13385e+06 -68014.3 -121745 338365 304035 -6546.69 186353 -150117 -38766.7 -11983.3 -600869 -441759 -60852.4 -1.23013e+06 -451557 -6747.35 1.67997e+06 -634882 -1.85085e+06 501201 -576957 999132 1.02343e+06 130873 1.43238e+06 -172830 -734990 490654 -1.02158e+06 -244279 2.09361e+06 
716161 -95518.1 327890 478843 -582523 -24025.2 553101 992423 434534 -945534 -641988 417706 -950445 232201 -453167 150375 996514 -100830 129218 -645492 -90728.4 123171 -711074 -705526 655968 -188865 295290 -43892 403139 -73853.2 -246158 -65485 -105238 769837 147561 191586 -511434 -360123 132218 110412 -152413 -311639 217248 163688 286724 335058 -53526.4 -76836.1 37224.8 -68014.3 2.3694e+06 6164.7 76639.8 -172448 -615090 -489415 -203335 219581 -415602 -266792 -415889 -69203.2 -633258 -477659 878782 493739 -506792 -1.22895e+06 1174.35 1.00019e+06 122468 -245279 873416 -209296 335036 -577794 77506 -81985 -91554.9 789030 
-280588 -1.55825e+06 1.07818e+06 -1.02407e+06 -1.34258e+06 -2.50211e+06 910837 -589325 -1.05239e+06 241312 -1.55784e+06 -5.33492e+06 -812814 -213329 2.75025e+06 -885746 900065 888987 497649 -2.69063e+06 28546.1 433660 -646962 -701927 1.41812e+06 647234 31877.2 145156 219988 40316.9 20961.1 778566 16189.5 -284734 158703 85496.4 -181629 -670951 -6605.89 1.0084e+06 -202927 -114258 243295 662493 659650 -6559.63 123528 314808 456441 -121745 6164.7 3.52926e+06 168045 149525 -57163.5 -32109.3 137390 -923493 -361313 -256361 -411929 545722 246081 1.34454e+06 -905600 2.65041e+06 -292840 -69044.4 -180888 -542990 1.28165e+06 2.84271e+06 -949278 -887710 -1.33993e+06 730372 328190 406687 -58755.4 679130 
-296646 -1.26511e+06 -408154 942775 176081 -1.73319e+06 492366 1.4722e+06 89351.8 781870 225051 -1.05442e+06 -1.71011e+06 -553351 1.12828e+06 182723 -2.03284e+06 406638 -1.01542e+06 2.73671e+06 54358.7 302354 493134 388919 -291889 365587 411181 -172782 -173617 108910 -171065 594516 99339.7 -146621 -163641 30640.6 90127.2 -171509 419113 -796880 298919 52675.6 -320468 155976 375851 565902 -360166 55675 -276410 338365 76639.8 168045 2.59642e+06 444231 -936018 -3003.94 -30756.9 -81148.8 477661 -812104 193227 1.16596e+06 -104652 -971216 743700 1.1099e+06 -472203 -1.11413e+06 -317650 -795959 -565790 442859 2.19197e+06 -72053.2 699319 -4472.85 -587112 -396480 1.04731e+06 -1.51494e+06 
