NUMBER_OF_DIMENSION 80
ATOM_TYPE Si
ESPERANCE
0.00214559 0.00410126 0.00120094 0.00606666 0.00132032 0.00674128 0.00190864 0.0179388 0.00204886 0.0106633 0.00233802 0.0217882 0.00289093 0.0184527 0.00379116 0.0299153 0.00355458 0.0226576 0.00512746 0.0297734 0.00256726 0.0039422 0.00254144 0.0111466 0.0028753 0.0130076 0.00448811 0.0176646 0.00764434 0.0205251 0.00790317 0.0286498 0.00665587 0.0384014 0.00974587 0.0333467 0.0105983 0.0271429 0.0103395 0.0405875 0.00309801 0.00735292 0.004152 0.0116324 0.00541286 0.0208327 0.0075679 0.0237133 0.0109232 0.0358878 0.0119734 0.0436889 0.0129073 0.0325714 0.0176846 0.0373612 0.0203586 0.0476814 0.0188036 0.0272154 0.00282673 0.00621507 0.00219323 0.00557819 0.0023218 0.00795464 0.003573 0.0215051 0.00508814 0.0110998 0.00443265 0.0200642 0.00476794 0.0204069 0.00846184 0.0386415 0.0093098 0.0356875 0.00894704 0.0320157 
INVERSE OF COVARIANCE MATRIX
2.32286e+07 328673 3.36677e+06 3.13233e+06 4.98206e+06 251047 7.10193e+06 -2.98556e+06 1.89314e+06 -1.71633e+06 3.70903e+06 -5.0542e+06 1.21155e+06 -1.08221e+06 -912378 -593634 1.17331e+06 2.59829e+06 586564 3.06397e+06 -4.70834e+06 -399801 -317285 -353760 -1.15159e+06 -1.70823e+06 2.02424e+06 135054 2.37495e+06 -1.38334e+06 1.16234e+06 4.54724e+06 -293249 1.83259e+06 -772629 -472115 483254 -1.63502e+06 -1.10511e+06 317179 -316415 216608 -651788 -1.71789e+06 494942 1.5221e+06 181726 65582.5 773733 -60678.2 -1.99538e+06 1.25991e+06 791966 641940 163467 702240 77234.5 -1.00982e+06 -234998 410675 -1.12292e+07 -1.35641e+06 -4.51007e+06 -2.67745e+06 -3.81816e+06 -1.70996e+06 -106150 419142 2.4607e+06 -712972 -4.84728e+06 1.03378e+06 -3.52206e+06 4.04997e+06 148551 -924092 -2.89922e+06 -1.95386e+06 -3.0441e+06 171756 
328673 3.3651e+07 4.43156e+06 1.00658e+07 4.12193e+06 -711481 3.57604e+06 264502 11106.4 -1.18295e+07 1.8016e+06 4.94756e+06 -6.21971e+06 -799168 -1.21248e+06 2.70362e+06 -4.9627e+06 -2.43894e+06 1.32848e+06 -8.81689e+06 -620451 -4.79921e+06 -1.06659e+06 526997 -962912 598351 812234 -1.08475e+06 -1.79685e+06 3.37659e+06 -787490 -2.08462e+06 -109289 -919225 523193 325467 254437 831172 1.9873e+06 3.41673e+06 -7736.8 -3.40015e+06 -381127 1.69549e+06 1.73996e+06 1.16248e+06 -901882 -408864 1.86404e+06 -503968 1.99612e+06 316599 -813276 23084.8 353236 -1.24036e+06 -474362 -77682.4 345889 989943 -1.68383e+06 -1.85557e+07 -2.98474e+06 -8.44591e+06 811058 -37810.2 2.52784e+06 1.80929e+06 -998980 9.00925e+06 -3.0015e+06 2.24829e+06 3.92635e+06 3.04901e+06 275070 -3.40202e+06 1.45402e+06 3.74012e+06 -312776 3.27036e+06 
3.36677e+06 4.43156e+06 3.27867e+07 346174 945527 -1.28047e+06 3.5015e+06 -1.93002e+06 -1.31925e+06 -5.17851e+06 6.00808e+06 -2.36429e+06 191800 -287031 -4.55456e+06 -2.18962e+06 -2.17045e+06 1.25768e+06 548441 -2.00082e+06 -1.0101e+06 -1.8091e+06 -916935 3.6397e+06 -170162 1.81033e+06 -3.1124e+06 -1.52689e+06 -1.04626e+06 2.10233e+06 1.68167e+06 863447 864039 2.07749e+06 605089 -652153 -1.41288e+06 -3.82502e+06 2.07352e+06 1.46501e+06 -1.08621e+06 -667770 -454606 -615357 2.15019e+06 1.52203e+06 -941671 -1.37891e+06 380707 32792.5 248871 1.6314e+06 -114110 -719225 -125834 -331310 -1.58332e+06 724841 1.56196e+06 -387491 -1.30835e+06 -4.48513e+06 -9.77979e+06 -1.69759e+06 -1.0143e+06 1.06098e+06 1.92193e+06 2.13826e+06 928297 2.88672e+06 -2.53708e+06 1.47772e+06 -676304 1.27353e+06 1.28291e+06 2.3739e+06 -251724 -1.80911e+06 -1.71741e+06 1.39243e+06 
3.13233e+06 1.00658e+07 346174 5.44837e+07 -1.47086e+06 -3.22509e+06 3.09848e+06 7.38102e+06 1.01809e+07 -2.89393e+06 679478 -3.41816e+06 2.4208e+06 3.07513e+06 2.47259e+06 1.88023e+06 1.10767e+06 -1.39482e+06 1.02429e+06 -160117 -440383 -2.30184e+06 -1.04328e+06 -1.81255e+07 -2.65913e+06 -890575 1.32682e+06 -3.39038e+06 45079.2 -866355 -3.6597e+06 3.55331e+06 -278714 -61242.5 -46551.3 -1.18845e+06 497162 4.03953e+06 1.89174e+06 -2.69233e+06 297469 1.50555e+06 1.31022e+06 -2.65515e+06 68139.3 2.24427e+06 -972170 1.12752e+06 1.31703e+06 756516 -1.02987e+06 69850.8 -13109.6 -829180 -590782 256978 1.12629e+06 -539665 1.26643e+06 1.01188e+06 -1.7301e+06 -4.20445e+06 -2.10111e+06 -3.28965e+07 -2.43991e+06 -3.64173e+06 2.55076e+06 -5.0372e+06 -3.82502e+06 462561 -1.2807e+06 -299400 -4.76712e+06 -2.96018e+06 -2.70957e+06 1.27821e+06 1.07835e+06 646234 -2.98813e+06 882005 
4.98206e+06 4.12193e+06 945527 -1.47086e+06 4.29344e+07 4.21777e+06 863338 -1.26673e+06 -5.8595e+06 520159 -3.31412e+06 -1.27073e+06 -6.92351e+06 -3.15082e+06 312646 -139308 -3.53107e+06 5.8642e+06 1.39719e+06 6.52385e+06 -1.96066e+06 -187528 432258 260496 -3.84395e+06 -664406 -1.56057e+06 -848805 2.89764e+06 -2.43463e+06 1.36054e+06 2.39011e+06 -1.94148e+06 -1.85628e+06 1.05039e+06 912031 401659 650025 250340 343588 -317417 1.28635e+06 360331 -61783.4 1.41058e+06 -1.12793e+06 -2.00963e+06 717624 777252 -1.06859e+06 -1.62993e+06 -64386.5 445303 2.28212e+06 225754 568710 104362 -492289 -601231 -699426 -3.38947e+06 -2.19604e+06 -778166 -1.30193e+06 -1.5459e+07 -5.59723e+06 641299 1.13244e+06 -1.11342e+06 -1.55311e+06 1.9504e+06 739753 616518 3.54767e+06 1.66787e+06 -2.96177e+06 2.28452e+06 -397168 -4.56002e+06 -3.50894e+06 
251047 -711481 -1.28047e+06 -3.22509e+06 4.21777e+06 4.96198e+07 81278.7 -2.18987e+07 -2.16854e+06 -1.40119e+06 -3.41541e+06 -1.47691e+07 3.84958e+06 -550074 -3.30718e+06 -2.33396e+06 -1.02682e+07 5.73397e+06 -4.589e+06 3.7952e+06 329196 -2.79185e+06 -1.69981e+06 -1.84146e+06 -1.11244e+06 -1.32414e+07 1.0109e+06 1.06643e+06 4.27615e+06 548578 503966 2.24573e+06 152403 -1.40727e+06 643034 2.18977e+06 -2.2968e+06 -2.08458e+06 3.33746e+06 3.5912e+06 16542.2 -570136 1.12024e+06 2.65245e+06 -1.57273e+06 -1.87181e+06 2.81198e+06 25629.9 2.59384e+06 -1.15536e+06 -337927 1.11546e+06 1.23913e+06 4.1036e+06 -1.33767e+06 1.49966e+06 -1.60331e+06 -1.82447e+06 -1.37422e+06 -1.70684e+06 1.01869e+06 1.05327e+06 3.45634e+06 851726 -1.71507e+06 -2.83271e+07 1.26588e+06 1.4579e+07 -1.30702e+06 -484684 4.09262e+06 3.45891e+06 -2.55181e+06 -1.12588e+06 1.08734e+06 1.7041e+06 4.23032e+06 -6.92118e+06 876338 -2.39151e+06 
7.10193e+06 3.57604e+06 3.5015e+06 3.09848e+06 863338 81278.7 4.37291e+07 -738456 -5.47997e+06 1.00254e+06 7.94926e+06 974755 -781699 -2.87709e+06 -3.34856e+06 1.71619e+06 -5.1832e+06 -2.77945e+06 -9.70907e+06 1.20787e+07 -1.56802e+06 -787735 633424 1.97056e+06 -1.40345e+06 -1.58339e+06 -3.03384e+06 3.24555e+06 1.68107e+06 -734774 1.09498e+06 1.82657e+06 1.10774e+06 627327 1.76568e+06 1.35818e+06 -6789.06 -968892 1.20203e+06 -4.76485e+06 471265 -779268 2549.13 -1.20355e+06 -1.72718e+06 1.88041e+06 -1.74449e+06 1.12537e+06 711525 1.13869e+06 -1.35035e+06 -1.86763e+06 6072.71 -45391.8 -24299.2 725769 812648 -1.41596e+06 -408038 -1.96558e+06 -2.34262e+06 -2.26412e+06 -467940 -1.69982e+06 -4.97163e+06 4.0497e+06 -1.16575e+07 -4.74892e+06 -3.5588e+06 -4.99743e+06 -6.53557e+06 -832718 -466858 5.60469e+06 4.91281e+06 -1.07279e+06 -1.27672e+06 3.38232e+06 5.80986e+06 -7.42008e+06 
-2.98556e+06 264502 -1.93002e+06 7.38102e+06 -1.26673e+06 -2.18987e+07 -738456 1.10211e+08 -9.61106e+06 -3.442e+06 -1.6133e+06 2.24269e+07 -1.17127e+07 -3.45777e+06 1.4045e+06 -5.31053e+06 2.16142e+06 -1.56796e+07 2.74447e+06 1.27801e+07 2.43904e+06 1.28318e+06 -687964 2.63443e+06 1.85281e+06 3.44461e+06 1.86252e+06 -2.45795e+07 4.73556e+06 5.16142e+06 -5.14633e+06 -1.16333e+07 -4.05782e+06 -2.16085e+06 2.05917e+06 933219 1.44367e+06 5.00315e+06 -4.6428e+06 -1.06397e+07 497194 943195 -821050 -1.07059e+06 38243.9 1.61814e+06 -2.18927e+06 -6.8951e+06 -4.54393e+06 7.15684e+06 523095 -4.23209e+06 -1.68027e+06 -1.25791e+06 1.63506e+06 796460 770415 1.40263e+06 -441820 110267 -2.98878e+06 1.53797e+06 3.77791e+06 -3.05544e+06 -3.06727e+06 1.7622e+07 -2.16645e+06 -6.2972e+07 528750 5.39101e+06 3.28479e+06 -2.02651e+07 5.40047e+06 -1.67319e+06 888093 4.67453e+06 -3.55166e+06 1.2388e+07 2.45826e+06 -9.58477e+06 
1.89314e+06 11106.4 -1.31925e+06 1.01809e+07 -5.8595e+06 -2.16854e+06 -5.47997e+06 -9.61106e+06 4.13872e+07 -6.29474e+06 -2.8819e+06 112522 -2.65917e+06 2.6934e+06 63456.2 3.81507e+06 4.47561e+06 3.02002e+06 -511787 -5.82233e+06 -1.08133e+06 -69221.6 201842 -4.66191e+06 1.22214e+06 287450 -326096 -441363 -7.0102e+06 977276 612410 1.2083e+06 1.68737e+06 -14594.5 -1.71798e+06 -3.62454e+06 2.46316e+06 -227476 2.92898e+06 1.75058e+06 -32013.9 1.02297e+06 316328 -882682 601255 868541 -646155 2.25299e+06 1.19624e+06 -686387 816182 104336 676549 -414340 -811567 159986 -104703 1.03202e+06 2.33053e+06 -108143 -460769 367607 -3.64685e+06 -5.05213e+06 1.035e+06 -2.28589e+06 3.2039e+06 4.93474e+06 -7.96548e+06 3.37315e+06 774073 3.22796e+06 -2.53583e+06 433618 -656383 -491741 -1.41739e+06 -4.7346e+06 -2.49358e+06 4.90523e+06 
-1.71633e+06 -1.18295e+07 -5.17851e+06 -2.89393e+06 520159 -1.40119e+06 1.00254e+06 -3.442e+06 -6.29474e+06 4.34516e+07 -987868 -7.2093e+06 4.11135e+06 671518 -1.55708e+06 -4.02771e+06 8.10586e+06 591825 -1.2774e+06 1.56281e+07 368978 1.74092e+06 -2.08148e+06 326886 -3.39367e+06 -2.53386e+06 -633733 1.59928e+06 2.16252e+06 -7.24192e+06 -1.25635e+06 3.11869e+06 -705922 1.31507e+06 472022 67552.1 2.07125e+06 1.14574e+06 -1.89473e+06 -5.38338e+06 444111 2.44257e+06 -849292 -720191 -2.835e+06 -3.4692e+06 2.25609e+06 614821 -3.20203e+06 -2.39493e+06 -2.02049e+06 -68511.9 1.24101e+06 -3.67486e+06 -535140 803924 528397 -971036 -1.38691e+06 -433784 1.81929e+06 5.68274e+06 -399629 -1.23896e+06 -2.23991e+06 1.38016e+06 -4.45148e+06 -141632 1.7279e+06 -2.26078e+07 1.1021e+06 -3.32577e+06 889016 -5.13429e+06 256969 5.34974e+06 -1.67737e+06 -945562 4.56378e+06 -5.00914e+06 
3.70903e+06 1.8016e+06 6.00808e+06 679478 -3.31412e+06 -3.41541e+06 7.94926e+06 -1.6133e+06 -2.8819e+06 -987868 3.5222e+07 -4.06634e+06 1.27754e+06 -904273 -7.79361e+06 -651254 -15513.3 782183 -2.86187e+06 1.73448e+06 -319522 93041.5 -928894 2.11117e+06 726573 3.73703e+06 993420 136855 666569 781077 697046 3.53113e+06 134147 1.20539e+06 -2.97182e+06 215551 1.76114e+06 -1.27862e+06 -934241 -1.12489e+06 39521.9 -1.16936e+06 -738371 -844675 -1.06627e+06 1.79463e+06 -1.62438e+06 228710 464410 520526 917254 356818 -1.82913e+06 211885 -488541 -573271 746719 -1.03117e+06 1.14825e+06 -355722 -1769.3 -1.58924e+06 -4.32695e+06 -1.01307e+06 -2.02619e+06 2.45457e+06 -859883 -2.51611e+06 -321465 404261 -1.38199e+07 2.68286e+06 -1.90847e+06 3.07725e+06 3.15209e+06 -436830 -3.43198e+06 -866586 3.64589e+06 461577 
-5.0542e+06 4.94756e+06 -2.36429e+06 -3.41816e+06 -1.27073e+06 -1.47691e+07 974755 2.24269e+07 112522 -7.2093e+06 -4.06634e+06 6.03859e+07 -176123 -3.54439e+06 5.5093e+06 1.83724e+06 2.13588e+06 -1.51102e+07 -3.033e+06 -6516.33 2.83761e+06 1.4377e+06 4.84524e+06 6.60972e+06 743211 3.35246e+06 -1.13639e+06 -4.17354e+06 -3.10192e+06 333666 -978397 -1.48278e+07 2.8576e+06 -3.8263e+06 -777806 1.27889e+06 1.27282e+06 5.11859e+06 -2.98409e+06 -1.75975e+06 -285128 455446 -1.02126e+06 1.47468e+06 617034 241586 -754758 -836719 -2.82088e+06 1.65583e+06 1.77264e+06 -7.17452e+06 -362021 -2.47814e+06 460044 -119893 1.45954e+06 -599214 1.805e+06 128454 -2.12182e+06 1.08706e+06 2.41941e+06 4.38611e+06 1.26753e+06 9.06388e+06 -426332 -1.19285e+07 -1.55163e+06 -2.40985e+06 -4.12276e+06 -2.60729e+07 5.31613e+06 6.49945e+06 -2.12474e+06 -2.29277e+06 -3.21664e+06 1.36193e+07 -429923 -3.56623e+06 
1.21155e+06 -6.21971e+06 191800 2.4208e+06 -6.92351e+06 3.84958e+06 -781699 -1.17127e+07 -2.65917e+06 4.11135e+06 1.27754e+06 -176123 4.47557e+07 912676 -2.78482e+06 -1.93549e+06 -3.16402e+06 -4.33736e+06 -6.461e+06 9.60882e+06 307938 779385 -780067 -520384 -958851 -3.68855e+06 -671971 3.30953e+06 -222057 -2.51584e+06 3.22528e+06 1.43566e+06 -1.14298e+06 3.11418e+06 4.61095e+06 2.40251e+06 -2.08074e+06 -1.91693e+06 -2.40761e+06 -2.68507e+06 -759608 181984 -365265 -489666 -2.63857e+06 929702 -140884 506266 -1.5012e+06 -148736 569149 1.57067e+06 1.77653e+06 -2.91321e+06 -502865 504979 -11011.3 -1.34815e+06 -1.87743e+06 -912515 758557 6.00444e+06 -2.27199e+06 851226 1.14841e+06 -4.37443e+06 -68308.4 3.23168e+06 1.73767e+06 -3.36123e+06 -5.56517e+06 -3.63371e+06 -8.36735e+06 -2.35913e+06 -705352 4.55752e+06 -1.73064e+06 -2.47557e+06 371136 -6.43494e+06 
-1.08221e+06 -799168 -287031 3.07513e+06 -3.15082e+06 -550074 -2.87709e+06 -3.45777e+06 2.6934e+06 671518 -904273 -3.54439e+06 912676 1.80571e+07 2.74338e+06 64955.2 1.62916e+06 -3.04821e+06 3.93251e+06 -5.96566e+06 579980 -463341 -698983 -362647 -1.58859e+06 -1.6588e+06 2.34234e+06 911266 -215021 142784 57491.7 957389 1.18257e+06 -5.3478e+06 -458209 -1.27484e+06 -214977 1.25297e+06 -1.57699e+06 1.47074e+06 245725 329787 55349.7 375213 -338369 -270600 114574 -1.65265e+06 -681673 31355.2 -19276.8 1.8778e+06 132133 -2.47158e+06 -649779 153185 697525 -59403.6 590297 2.05668e+06 709114 -440823 -126379 -2.42722e+06 2.09662e+06 -332923 -1.8553e+06 2.92108e+06 -579622 -2.33071e+06 1.25933e+06 2.60503e+06 -2.25527e+06 -7.98911e+06 -1.53971e+06 2.12746e+06 -1.63491e+06 1.38133e+06 799663 3.89484e+06 
-912378 -1.21248e+06 -4.55456e+06 2.47259e+06 312646 -3.30718e+06 -3.34856e+06 1.4045e+06 63456.2 -1.55708e+06 -7.79361e+06 5.5093e+06 -2.78482e+06 2.74338e+06 1.98545e+07 1.3773e+06 124879 -1.55125e+06 1.00175e+06 -4.06139e+06 -201940 -308138 1.11515e+06 -2.06412e+06 166948 1.85796e+06 2.78636e+06 -2.065e+06 2.01633e+06 -1.48606e+06 2.01257e+06 -258468 -590917 -373625 -2.01744e+06 -365207 1.38415e+06 2.08756e+06 -2.01554e+06 854860 -103805 1.18594e+06 -55709.5 -496977 -180875 183162 -1.15015e+06 -525029 1.26012e+06 -234732 398979 218834 726302 239786 -1.15618e+06 -400252 371450 398424 -497050 1.86804e+06 -553061 2.17675e+06 1.60935e+06 -28452.3 328933 227525 1.00266e+06 3.53495e+06 -360420 -1.19331e+06 2.18615e+06 -3.11571e+06 -2.53265e+06 -1.65133e+06 -5.05792e+06 -2.7698e+06 819542 3.47811e+06 -2.93933e+06 2.74198e+06 
-593634 2.70362e+06 -2.18962e+06 1.88023e+06 -139308 -2.33396e+06 1.71619e+06 -5.31053e+06 3.81507e+06 -4.02771e+06 -651254 1.83724e+06 -1.93549e+06 64955.2 1.3773e+06 3.4373e+07 -2.08938e+06 -1.31748e+07 -2.603e+06 -3.13845e+06 206925 88339.6 680133 241934 -3.22727e+06 602358 -2.11917e+06 431507 -6.29068e+06 1.37224e+06 -2.57141e+06 -324716 -1.08811e+06 -1.48854e+06 3.02372e+06 -5.51456e+06 492044 4.03355e+06 1.80256e+06 -957418 -754320 459454 1.39141e+06 -704145 884908 1.73396e+06 -741752 -2.14349e+06 1.467e+06 1.50158e+06 -139203 882017 1.3977e+06 -123153 -15442.6 -1.62784e+06 -1.38252e+06 651737 -488479 -677117 -1.3351e+06 -1.99516e+06 1.2578e+06 1.83898e+06 6.32048e+06 3.50979e+06 312496 6.87051e+06 -4.85785e+06 3.19367e+06 -1.35633e+06 857758 1.40989e+06 2.48435e+06 1.1056e+06 -2.31385e+07 3.88039e+06 9.02918e+06 -603125 3.25266e+06 
1.17331e+06 -4.9627e+06 -2.17045e+06 1.10767e+06 -3.53107e+06 -1.02682e+07 -5.1832e+06 2.16142e+06 4.47561e+06 8.10586e+06 -15513.3 2.13588e+06 -3.16402e+06 1.62916e+06 124879 -2.08938e+06 2.89845e+07 481028 2.79651e+06 -5.21406e+06 1.6201e+06 1.23129e+06 1.75779e+06 1.28572e+06 315377 3.80654e+06 1.38328e+06 500358 -689841 -2.03482e+06 -1.04382e+06 472757 -794381 2.14933e+06 -1.26853e+06 -1.55182e+06 1.07648e+06 -20779.3 -1.44851e+06 -296846 -456490 1.3353e+06 -564813 -888048 -420333 -1.20652e+06 51498.5 2.13893e+06 -585910 -1.20881e+06 -1.03014e+06 1.18202e+06 1.00669e+06 -2.10862e+06 1.08053e+06 -399061 1.11775e+06 -298641 709203 2.77575e+06 702453 1.18386e+06 -2.38242e+06 -2.09845e+06 -1.27744e+06 5.11196e+06 -5.48e+06 -770343 -2.35711e+06 -4.73118e+06 -593225 -1.64756e+06 1.53282e+06 -2.30479e+06 -176647 3.36686e+06 -6.98074e+06 296443 -2.29186e+06 3.40526e+06 
2.59829e+06 -2.43894e+06 1.25768e+06 -1.39482e+06 5.8642e+06 5.73397e+06 -2.77945e+06 -1.56796e+07 3.02002e+06 591825 782183 -1.51102e+07 -4.33736e+06 -3.04821e+06 -1.55125e+06 -1.31748e+07 481028 2.45972e+07 1.56123e+06 -2.70698e+06 -990653 -1.36909e+06 -592824 -1.86897e+06 243844 -2.03129e+06 -205215 1.47195e+06 2.4113e+06 -2.39551e+06 611143 7.02835e+06 132427 46827.8 -2.31514e+06 1.77726e+06 -722291 -4.23531e+06 1.89374e+06 4.25793e+06 565174 4341.32 355499 1.12363e+06 658238 -585724 134780 3.46272e+06 2.72143e+06 -4.11838e+06 -866879 137104 -651133 3.3241e+06 -782857 -105031 -180996 92916.5 156694 -168138 853591 1.73044e+06 -2.04038e+06 -3.05363e+06 -5.26192e+06 -8.2822e+06 2.62363e+06 6.5142e+06 -900246 -798773 -1.42633e+06 9.62554e+06 -1.81891e+06 2.81366e+06 -372971 7.7583e+06 1.85128e+06 -1.54622e+07 -393596 2.21749e+06 
586564 1.32848e+06 548441 1.02429e+06 1.39719e+06 -4.589e+06 -9.70907e+06 2.74447e+06 -511787 -1.2774e+06 -2.86187e+06 -3.033e+06 -6.461e+06 3.93251e+06 1.00175e+06 -2.603e+06 2.79651e+06 1.56123e+06 2.92106e+07 -1.34216e+07 192677 -61749.2 970157 2.09985e+06 -30554.6 5.35609e+06 4.39996e+06 -2.58969e+06 -509662 945544 547404 -308935 -3.48305e+06 -375317 -3.91023e+06 890762 1.75008e+06 -400475 -3.80819e+06 2.85827e+06 -593791 191512 -242455 -474791 668800 1.07449e+06 524638 -2.11981e+06 -1.67544e+06 -352988 -730221 3.44683e+06 -2.05514e+06 -560749 1.0938e+06 -842082 2.0561e+06 601008 1.09845e+06 1.51918e+06 -1.55787e+06 -792886 -1.64571e+06 -5777.63 1.48935e+06 1.28521e+06 4.78035e+06 3.27698e+06 2.64114e+06 1.28792e+06 4.35392e+06 -1.48549e+06 -2.53854e+06 -5.56742e+06 -1.52438e+06 453423 -3.6625e+06 1.18085e+06 -1.4367e+07 8.30232e+06 
3.06397e+06 -8.81689e+06 -2.00082e+06 -160117 6.52385e+06 3.7952e+06 1.20787e+07 1.27801e+07 -5.82233e+06 1.56281e+07 1.73448e+06 -6516.33 9.60882e+06 -5.96566e+06 -4.06139e+06 -3.13845e+06 -5.21406e+06 -2.70698e+06 -1.34216e+07 7.20384e+07 -2.52438e+06 1.01888e+06 -674733 -3.87256e+06 -2.62085e+06 -6.15459e+06 -3.01985e+06 -710791 5.34026e+06 -4.41301e+06 -1.19999e+06 3.08091e+06 -2.82289e+06 -1.36009e+06 5.17281e+06 -340152 -579615 1.87416e+06 -1.10999e+06 -2.11904e+07 1.03334e+06 1.28572e+06 -664823 -2.64127e+06 -2.87541e+06 1.11513e+06 108441 486912 -1.69184e+06 316889 -3.23504e+06 -3.34334e+06 291510 1.87912e+06 -973458 3.67053e+06 -1.1159e+06 -2.9527e+06 -1.00649e+06 -4.73016e+06 -613921 7.30718e+06 1.62011e+06 2.80347e+06 -4.16102e+06 1.453e+06 -4.53776e+06 -1.54804e+07 4.5851e+06 -1.20305e+07 -323292 -8.59143e+06 -1.89498e+06 7.35706e+06 1.95792e+06 2.08536e+06 -1.00396e+06 3.25204e+06 4.5659e+06 -4.10588e+07 
-4.70834e+06 -620451 -1.0101e+06 -440383 -1.96066e+06 329196 -1.56802e+06 2.43904e+06 -1.08133e+06 368978 -319522 2.83761e+06 307938 579980 -201940 206925 1.6201e+06 -990653 192677 -2.52438e+06 4.45315e+06 220894 74472.8 612296 295392 -85683.8 -781528 -548368 -811247 105066 -957848 -751298 555216 -370589 1.05335e+06 214381 -775796 236720 320617 189905 498314 -135230 334271 853612 -771604 -256294 -211988 -304314 -406217 -58047.1 833444 97895.9 277912 -350470 11712.6 15412 320368 281901 -179058 351390 2.00777e+06 804045 104424 -183454 262074 753496 -272478 -771558 245976 -676204 479853 -2.53514e+06 60591.6 -1.46903e+06 -148937 1.31231e+06 -517991 57329 291114 630019 
-399801 -4.79921e+06 -1.8091e+06 -2.30184e+06 -187528 -2.79185e+06 -787735 1.28318e+06 -69221.6 1.74092e+06 93041.5 1.4377e+06 779385 -463341 -308138 88339.6 1.23129e+06 -1.36909e+06 -61749.2 1.01888e+06 220894 4.36855e+06 659986 -551568 -212722 465054 -315557 671261 -792141 370025 -195289 -170229 102715 -192778 346365 -359861 -123469 97478.9 -560429 -895056 262154 464301 -33893.2 138632 -131281 -653071 -43002.9 359408 -31339.7 457412 -399409 59154.6 69424.3 74123.9 351034 882.479 18143.1 -381920 183516 -50566 -31077 2.64891e+06 564003 1.90369e+06 1.23359e+06 2.6242e+06 231993 -319825 -423875 -1.22777e+06 1.21234e+06 -621476 682011 170659 499400 -128398 -301211 1.05004e+06 454782 -551941 
-317285 -1.06659e+06 -916935 -1.04328e+06 432258 -1.69981e+06 633424 -687964 201842 -2.08148e+06 -928894 4.84524e+06 -780067 -698983 1.11515e+06 680133 1.75779e+06 -592824 970157 -674733 74472.8 659986 7.3613e+06 580432 562791 734378 -506302 719018 1.5548e+06 -817967 777032 -687696 -590124 -528844 -1.62365e+06 197634 -76287.3 -307754 -869467 357511 -305948 350662 84725.2 -595826 1.05086e+06 23166 -299432 265698 -57304.3 163901 -489136 -349534 -232887 -267523 -213079 57039.6 269086 -107948 467020 385536 -849499 1.63259e+06 -533944 1.36568e+06 779896 1.61048e+06 831321 1.73206e+06 -755087 -1.46812e+06 359503 -1.11544e+06 -1.23555e+06 1.63984e+06 -782028 -1.28604e+06 508790 701885 -1.32398e+06 -12613.8 
-353760 526997 3.6397e+06 -1.81255e+07 260496 -1.84146e+06 1.97056e+06 2.63443e+06 -4.66191e+06 326886 2.11117e+06 6.60972e+06 -520384 -362647 -2.06412e+06 241934 1.28572e+06 -1.86897e+06 2.09985e+06 -3.87256e+06 612296 -551568 580432 1.40536e+07 1.99853e+06 1.24797e+06 -1.31473e+06 71722.1 -820085 932575 1.72733e+06 -3.48434e+06 142395 15534.5 -323108 607620 380467 -2.4236e+06 -506988 1.13936e+06 -592710 -1.00869e+06 -822922 1.81602e+06 505992 -1.41842e+06 -1.20285e+06 -812938 -1.52007e+06 600786 801483 126786 361625 -1.76809e+06 1.19689e+06 -431005 -537886 424316 -621905 9912.28 486824 -974747 -1.61878e+06 9.79099e+06 -160208 3.74664e+06 -2.62142e+06 -2.37799e+06 1.30173e+06 863569 -1.94386e+06 -1.69978e+06 804684 1.75369e+06 1.90898e+06 -585611 -2.5417e+06 1.73517e+06 2.06054e+06 980683 
-1.15159e+06 -962912 -170162 -2.65913e+06 -3.84395e+06 -1.11244e+06 -1.40345e+06 1.85281e+06 1.22214e+06 -3.39367e+06 726573 743211 -958851 -1.58859e+06 166948 -3.22727e+06 315377 243844 -30554.6 -2.62085e+06 295392 -212722 562791 1.99853e+06 9.92403e+06 2.90184e+06 72971.4 25884.8 498999 1.29545e+06 -561144 -1.89129e+06 80109.7 2.09873e+06 -875266 464196 -247061 -1.13287e+06 240214 474537 -476451 230250 -18337.6 1.14574e+06 285417 -1.57528e+06 -662320 428272 -186274 609653 681423 -700299 -896870 88624 523994 -465971 -127939 857711 1.06159e+06 -153572 561519 158025 -678130 453808 -1.90135e+06 897788 -1.08307e+06 -1.12122e+06 471826 3.9957e+06 -368871 1.09512e+06 -444159 -346465 -266651 1.58595e+06 -106415 34458.4 -357682 790048 
-1.70823e+06 598351 1.81033e+06 -890575 -664406 -1.32414e+07 -1.58339e+06 3.44461e+06 287450 -2.53386e+06 3.73703e+06 3.35246e+06 -3.68855e+06 -1.6588e+06 1.85796e+06 602358 3.80654e+06 -2.03129e+06 5.35609e+06 -6.15459e+06 -85683.8 465054 734378 1.24797e+06 2.90184e+06 1.3642e+07 1.80786e+06 -616420 -593983 -364974 1.40071e+06 -1.18782e+06 -1.74936e+06 1.35659e+06 -1.03354e+06 -1.15943e+06 7259.94 486685 -1.98187e+06 -271219 -593263 317415 -599142 -1.43921e+06 1.08234e+06 347747 -1.09995e+06 601541 -297152 -18762.9 875127 641567 -1.72859e+06 -752967 135207 -958242 1.23833e+06 1.39362e+06 938468 889613 203426 -1.08083e+06 -2.18499e+06 2.49907e+06 1.02107e+06 7.32012e+06 -873372 -1.94995e+06 410397 1.64719e+06 -767368 -421784 358374 -645624 588591 -1.93251e+06 -857099 3.55975e+06 -2.74407e+06 4.11697e+06 
2.02424e+06 812234 -3.1124e+06 1.32682e+06 -1.56057e+06 1.0109e+06 -3.03384e+06 1.86252e+06 -326096 -633733 993420 -1.13639e+06 -671971 2.34234e+06 2.78636e+06 -2.11917e+06 1.38328e+06 -205215 4.39996e+06 -3.01985e+06 -781528 -315557 -506302 -1.31473e+06 72971.4 1.80786e+06 9.74332e+06 -632956 1.16812e+06 494230 431017 -192789 -1.84425e+06 -182751 -1.23606e+06 444919 1.10216e+06 221392 -1.85517e+06 640560 194996 497892 -275446 -176571 -108793 260022 799159 -657320 -205006 27324.6 -153242 702422 -1.0334e+06 523526 35727.5 638356 1.07681e+06 -676327 -31020.2 398754 -1.58126e+06 -1.15862e+06 623113 -377948 172039 -1.18194e+06 -604531 -596211 1.69228e+06 455722 621051 -1.30354e+06 -1.27206e+06 -2.51428e+06 -1.19205e+06 387417 -1.47262e+06 1.30027e+06 -2.03311e+06 3.22044e+06 
135054 -1.08475e+06 -1.52689e+06 -3.39038e+06 -848805 1.06643e+06 3.24555e+06 -2.45795e+07 -441363 1.59928e+06 136855 -4.17354e+06 3.30953e+06 911266 -2.065e+06 431507 500358 1.47195e+06 -2.58969e+06 -710791 -548368 671261 719018 71722.1 25884.8 -616420 -632956 1.09349e+07 -846157 -852180 481788 1.36049e+06 1.37602e+06 1.08285e+06 648405 779583 -1.28244e+06 -1.49277e+06 1.08006e+06 -50292.4 179507 -376439 -350687 -15605.4 -705837 -544167 639285 3.03198e+06 182676 -994320 -239153 693483 -86006.6 -192564 303328 265246 479783 -445892 157429 -119217 1.17914e+06 -493011 268976 2.28791e+06 828361 -350247 -3.53478e+06 1.14194e+07 774398 -1.46338e+06 -1.21491e+06 4.38233e+06 -130935 -68115.8 1.15895e+06 -188347 224292 -885751 1.30544e+06 56048 
2.37495e+06 -1.79685e+06 -1.04626e+06 45079.2 2.89764e+06 4.27615e+06 1.68107e+06 4.73556e+06 -7.0102e+06 2.16252e+06 666569 -3.10192e+06 -222057 -215021 2.01633e+06 -6.29068e+06 -689841 2.4113e+06 -509662 5.34026e+06 -811247 -792141 1.5548e+06 -820085 498999 -593983 1.16812e+06 -846157 1.11189e+07 -2.04138e+06 618454 1.13485e+06 -1.59707e+06 -720997 -2.17245e+06 1.23362e+06 -1.0338e+06 -104690 -2.58929e+06 -320209 425193 -143627 -97736 -1.1447e+06 -31689 -207700 644137 386965 226122 190241 -863853 29814.2 -987020 731543 -406471 653510 494581 -858422 -856717 565050 -121479 1.36529e+06 1.72735e+06 -614693 -1.56313e+06 -2.20733e+06 -1.91242e+06 -1.8169e+06 -141210 -3.58794e+06 -1.1773e+06 -1.09201e+06 -2.07512e+06 452990 -905746 3.45117e+06 778111 -554028 860223 -3.44241e+06 
-1.38334e+06 3.37659e+06 2.10233e+06 -866355 -2.43463e+06 548578 -734774 5.16142e+06 977276 -7.24192e+06 781077 333666 -2.51584e+06 142784 -1.48606e+06 1.37224e+06 -2.03482e+06 -2.39551e+06 945544 -4.41301e+06 105066 370025 -817967 932575 1.29545e+06 -364974 494230 -852180 -2.04138e+06 7.47915e+06 -260157 -2.66501e+06 839985 1.10201e+06 -327572 -1.09016e+06 812595 -784746 909030 699362 -195853 -861662 846014 825939 -401369 -212831 -476686 -2.02095e+06 14127 1.38597e+06 938502 -209901 -760803 -129835 652895 -260813 -395637 409819 1.26167e+06 -711673 -31772.5 -2.47558e+06 679616 -130481 514256 2.90263e+06 1.8327e+06 -2.07457e+06 -100772 5.34834e+06 2.31172e+06 1.19187e+06 1.14596e+06 -777428 525609 -1.50432e+06 -348514 1.6487e+06 -314734 2.51397e+06 
1.16234e+06 -787490 1.68167e+06 -3.6597e+06 1.36054e+06 503966 1.09498e+06 -5.14633e+06 612410 -1.25635e+06 697046 -978397 3.22528e+06 57491.7 2.01257e+06 -2.57141e+06 -1.04382e+06 611143 547404 -1.19999e+06 -957848 -195289 777032 1.72733e+06 -561144 1.40071e+06 431017 481788 618454 -260157 6.78907e+06 679438 87709 478684 -2.24322e+06 -88139.9 334384 -2.03248e+06 -1.02216e+06 1.20233e+06 -415632 39736.1 -132727 -582006 562290 -85702.9 -902951 -10309.1 -154208 126939 484862 810554 84835.4 -287674 -464387 52123.4 -217990 251387 50598.1 23456.1 461536 643374 -726097 2.56361e+06 -1.60962e+06 611662 -175331 1.87735e+06 776382 -741725 -1.1645e+06 1.29667e+06 -2.23808e+06 1.17579e+06 427934 1.42481e+06 -924167 -608677 -325161 991358 
4.54724e+06 -2.08462e+06 863447 3.55331e+06 2.39011e+06 2.24573e+06 1.82657e+06 -1.16333e+07 1.2083e+06 3.11869e+06 3.53113e+06 -1.48278e+07 1.43566e+06 957389 -258468 -324716 472757 7.02835e+06 -308935 3.08091e+06 -751298 -170229 -687696 -3.48434e+06 -1.89129e+06 -1.18782e+06 -192789 1.36049e+06 1.13485e+06 -2.66501e+06 679438 8.06354e+06 -763183 -429548 -404858 -899297 -584205 -1.0676e+06 128310 165463 65060.1 337686 140848 -815996 -241019 760268 153018 1.1026e+06 1.59336e+06 -1.70344e+06 -1.08693e+06 2.14212e+06 579391 1.09502e+06 -1.02852e+06 349969 203513 -690290 -686741 573671 -549468 685280 -2.09861e+06 -3.4832e+06 -1.32618e+06 -2.97015e+06 361633 6.05619e+06 165860 -2.77665e+06 -1.50895e+06 5.54047e+06 -3.26734e+06 213818 -99392.3 7763.13 453605 -4.67409e+06 -701122 256852 
-293249 -109289 864039 -278714 -1.94148e+06 152403 1.10774e+06 -4.05782e+06 1.68737e+06 -705922 134147 2.8576e+06 -1.14298e+06 1.18257e+06 -590917 -1.08811e+06 -794381 132427 -3.48305e+06 -2.82289e+06 555216 102715 -590124 142395 80109.7 -1.74936e+06 -1.84425e+06 1.37602e+06 -1.59707e+06 839985 87709 -763183 5.73997e+06 -769797 617894 -804842 -786185 320584 715450 1.68234e+06 240952 -265576 64396 728146 -142943 -446372 34864.9 535641 -151615 -384310 374459 -610672 660182 -634002 80900.6 -254835 -712428 284247 -103982 450353 790664 -84227.2 419110 -1.08296e+06 -432010 -86502.9 46823.3 1.90985e+06 701656 758449 -1.41463e+06 697708 1.44131e+06 491502 -259085 2.02822e+06 141190 -1.97778e+06 2.72599e+06 915078 
1.83259e+06 -919225 2.07749e+06 -61242.5 -1.85628e+06 -1.40727e+06 627327 -2.16085e+06 -14594.5 1.31507e+06 1.20539e+06 -3.8263e+06 3.11418e+06 -5.3478e+06 -373625 -1.48854e+06 2.14933e+06 46827.8 -375317 -1.36009e+06 -370589 -192778 -528844 15534.5 2.09873e+06 1.35659e+06 -182751 1.08285e+06 -720997 1.10201e+06 478684 -429548 -769797 7.72606e+06 -517740 533768 796654 -2.42992e+06 1.39735e+06 -1.14833e+06 -416232 233750 -169016 -700085 -349062 -266167 -386191 491983 -672343 -291182 69282.4 128020 348250 -831580 461718 -650926 -291154 1.03044e+06 500174 -328826 -258809 -46232 -1.88887e+06 603460 -2.35612e+06 1.08266e+06 -350581 992169 82420.8 1.10309e+06 -26816 1.76725e+06 189793 1.06989e+06 992795 -66463.8 59622.9 -567357 -2.08821e+06 1.5177e+06 
-772629 523193 605089 -46551.3 1.05039e+06 643034 1.76568e+06 2.05917e+06 -1.71798e+06 472022 -2.97182e+06 -777806 4.61095e+06 -458209 -2.01744e+06 3.02372e+06 -1.26853e+06 -2.31514e+06 -3.91023e+06 5.17281e+06 1.05335e+06 346365 -1.62365e+06 -323108 -875266 -1.03354e+06 -1.23606e+06 648405 -2.17245e+06 -327572 -2.24322e+06 -404858 617894 -517740 7.83172e+06 331889 -2.78153e+06 969610 1.06007e+06 -1.85747e+06 495875 -219083 325156 225207 -536198 669185 -18744 49256.7 -58371.2 -54799.6 -33589.2 417332 1.02435e+06 -161355 348159 478041 -712713 -259111 -1.14818e+06 -488331 -211781 -847703 -881700 571049 -621127 -199518 -1.20102e+06 -1.24127e+06 1.61392e+06 1.37027e+06 1.16631e+06 -1.84158e+06 1.06889e+06 -1.33762e+06 604704 -189092 1.61231e+06 591985 1.08213e+06 -3.89384e+06 
-472115 325467 -652153 -1.18845e+06 912031 2.18977e+06 1.35818e+06 933219 -3.62454e+06 67552.1 215551 1.27889e+06 2.40251e+06 -1.27484e+06 -365207 -5.51456e+06 -1.55182e+06 1.77726e+06 890762 -340152 214381 -359861 197634 607620 464196 -1.15943e+06 444919 779583 1.23362e+06 -1.09016e+06 -88139.9 -899297 -804842 533768 331889 4.54552e+06 -141338 -1.0665e+06 138685 -11722.3 281523 -326852 -199407 692322 -91741.7 -158243 390050 6469.38 -295289 -93197.8 214362 -335518 -604500 842754 273928 36631.7 392406 -457942 -621019 -232816 -640076 622533 831369 94471.1 -1.43998e+06 -2.74136e+06 -197836 -632959 1.36367e+06 -848707 -1.39027e+06 -1.57932e+06 -531464 -297981 368880 3.50248e+06 -285424 -1.05777e+06 -226335 -716613 
483254 254437 -1.41288e+06 497162 401659 -2.2968e+06 -6789.06 1.44367e+06 2.46316e+06 2.07125e+06 1.76114e+06 1.27282e+06 -2.08074e+06 -214977 1.38415e+06 492044 1.07648e+06 -722291 1.75008e+06 -579615 -775796 -123469 -76287.3 380467 -247061 7259.94 1.10216e+06 -1.28244e+06 -1.0338e+06 812595 334384 -584205 -786185 796654 -2.78153e+06 -141338 4.02506e+06 608018 -732047 -86689.2 -343399 110643 -119589 -90019.9 -622927 286899 -25986.1 -1.0837e+06 -675349 796243 134760 -493561 -214900 -102698 -3168.43 -59197.5 438969 -29201.9 520359 -531402 -700706 433991 275424 -716063 -106432 1.49751e+06 1.03541e+06 -723198 -1.69897e+06 -1.00527e+06 481012 -623111 -790003 -542778 -506100 -1.18906e+06 -1.84429e+06 1.41465e+06 -537479 1.32019e+06 
-1.63502e+06 831172 -3.82502e+06 4.03953e+06 650025 -2.08458e+06 -968892 5.00315e+06 -227476 1.14574e+06 -1.27862e+06 5.11859e+06 -1.91693e+06 1.25297e+06 2.08756e+06 4.03355e+06 -20779.3 -4.23531e+06 -400475 1.87416e+06 236720 97478.9 -307754 -2.4236e+06 -1.13287e+06 486685 221392 -1.49277e+06 -104690 -784746 -2.03248e+06 -1.0676e+06 320584 -2.42992e+06 969610 -1.0665e+06 608018 4.87689e+06 -1.41198e+06 -993768 138027 416853 -42228.3 -342626 -323808 782953 458430 -634682 -381650 658950 -194502 -490922 31626.6 -347264 -79548.4 155667 540898 -476916 -429062 74063 -131800 255933 1.49875e+06 -1.77187e+06 975010 1.05797e+06 509845 -2.63861e+06 -661368 -74417.1 1.05734e+06 -3.03905e+06 961014 -1.9731e+06 -1.1491e+06 -2.52291e+06 405863 3.29768e+06 106842 -1.21125e+06 
-1.10511e+06 1.9873e+06 2.07352e+06 1.89174e+06 250340 3.33746e+06 1.20203e+06 -4.6428e+06 2.92898e+06 -1.89473e+06 -934241 -2.98409e+06 -2.40761e+06 -1.57699e+06 -2.01554e+06 1.80256e+06 -1.44851e+06 1.89374e+06 -3.80819e+06 -1.10999e+06 320617 -560429 -869467 -506988 240214 -1.98187e+06 -1.85517e+06 1.08006e+06 -2.58929e+06 909030 -1.02216e+06 128310 715450 1.39735e+06 1.06007e+06 138685 -732047 -1.41198e+06 6.21072e+06 182295 249894 -19931 310914 763498 682759 -979810 -414905 1.43631e+06 1.15612e+06 -292058 128986 -949053 468002 905866 -144113 92029.6 -755067 156326 515738 -999593 1.07959e+06 -1.35537e+06 160121 -1.73487e+06 -1.4255e+06 -1.54989e+06 -979479 2.67949e+06 -1.75726e+06 2.54548e+06 -128457 4.03973e+06 1.49619e+06 1.43324e+06 1.90423e+06 -1.07304e+06 614224 -1.42447e+06 2.32964e+06 95286.8 
317179 3.41673e+06 1.46501e+06 -2.69233e+06 343588 3.5912e+06 -4.76485e+06 -1.06397e+07 1.75058e+06 -5.38338e+06 -1.12489e+06 -1.75975e+06 -2.68507e+06 1.47074e+06 854860 -957418 -296846 4.25793e+06 2.85827e+06 -2.11904e+07 189905 -895056 357511 1.13936e+06 474537 -271219 640560 -50292.4 -320209 699362 1.20233e+06 165463 1.68234e+06 -1.14833e+06 -1.85747e+06 -11722.3 -86689.2 -993768 182295 9.34163e+06 -291682 -635810 403829 1.04651e+06 1.38653e+06 -498389 348165 -47479.1 1.32787e+06 -738337 739297 833869 216471 57340.6 -98732.7 -946785 -193352 507652 -163055 1.07416e+06 -69521.7 -2.3589e+06 -428051 -65382.1 1.18044e+06 -4.08487e+06 3.12341e+06 8.83642e+06 -410971 3.51753e+06 64576.1 4.2627e+06 265457 -676469 -1.1814e+06 914468 1.2216e+06 -4.3738e+06 -1.49258e+06 1.17465e+07 
-316415 -7736.8 -1.08621e+06 297469 -317417 16542.2 471265 497194 -32013.9 444111 39521.9 -285128 -759608 245725 -103805 -754320 -456490 565174 -593791 1.03334e+06 498314 262154 -305948 -592710 -476451 -593263 194996 179507 425193 -195853 -415632 65060.1 240952 -416232 495875 281523 -343399 138027 249894 -291682 1.22019e+06 -271867 113990 192288 -248290 217286 -7473.75 228189 235041 -125885 254671 -88028.7 -203226 323691 -66095.4 96449.4 69038.2 -273892 -243033 10109.7 302706 205910 223653 12452.1 -610841 -60031.1 505283 -435976 -19303.5 -425326 -748074 -317996 536410 136388 41962 849008 294381 -475464 803027 -720055 
216608 -3.40015e+06 -667770 1.50555e+06 1.28635e+06 -570136 -779268 943195 1.02297e+06 2.44257e+06 -1.16936e+06 455446 181984 329787 1.18594e+06 459454 1.3353e+06 4341.32 191512 1.28572e+06 -135230 464301 350662 -1.00869e+06 230250 317415 497892 -376439 -143627 -861662 39736.1 337686 -265576 233750 -219083 -326852 110643 416853 -19931 -635810 -271867 2.27299e+06 -289481 -164856 472675 -615610 -209710 118115 -319731 -213909 -873194 36358.3 449385 -297884 -250441 154890 143467 -16232.6 296623 432013 -257137 2.31943e+06 809851 -1.45566e+06 -978960 69726.4 -757381 -327239 92002.4 -3.09305e+06 1.14878e+06 -722746 -751218 -363962 -160129 30087.6 -208549 451538 -1.35279e+06 -567770 
-651788 -381127 -454606 1.31022e+06 360331 1.12024e+06 2549.13 -821050 316328 -849292 -738371 -1.02126e+06 -365265 55349.7 -55709.5 1.39141e+06 -564813 355499 -242455 -664823 334271 -33893.2 84725.2 -822922 -18337.6 -599142 -275446 -350687 -97736 846014 -132727 140848 64396 -169016 325156 -199407 -119589 -42228.3 310914 403829 113990 -289481 2.39062e+06 168126 -11182.9 -24344.3 -62969.6 -569671 598390 219641 21686.3 194245 18234 -64522.3 -89885 103126 -53776.9 258658 -70174 -62024.6 241543 533505 218419 -789321 -285246 -684457 1.25791e+06 1.29595e+06 -247668 420194 696439 726676 -171910 -65643.8 -297952 -764811 285988 -638485 10574.7 185095 
-1.71789e+06 1.69549e+06 -615357 -2.65515e+06 -61783.4 2.65245e+06 -1.20355e+06 -1.07059e+06 -882682 -720191 -844675 1.47468e+06 -489666 375213 -496977 -704145 -888048 1.12363e+06 -474791 -2.64127e+06 853612 138632 -595826 1.81602e+06 1.14574e+06 -1.43921e+06 -176571 -15605.4 -1.1447e+06 825939 -582006 -815996 728146 -700085 225207 692322 -90019.9 -342626 763498 1.04651e+06 192288 -164856 168126 2.97011e+06 -181908 -1.2584e+06 -261152 -39452.5 118424 -561913 575385 -369432 -11346.2 162643 379142 -429984 -337212 62606.1 -9071.55 38014.8 438835 -1.08364e+06 822406 21276.5 -533532 -1.49371e+06 470842 442028 -354074 1.27906e+06 581993 245659 652254 23767.9 -201307 -42368.7 229727 -539703 1.40279e+06 1.57326e+06 
494942 1.73996e+06 2.15019e+06 68139.3 1.41058e+06 -1.57273e+06 -1.72718e+06 38243.9 601255 -2.835e+06 -1.06627e+06 617034 -2.63857e+06 -338369 -180875 884908 -420333 658238 668800 -2.87541e+06 -771604 -131281 1.05086e+06 505992 285417 1.08234e+06 -108793 -705837 -31689 -401369 562290 -241019 -142943 -349062 -536198 -91741.7 -622927 -323808 682759 1.38653e+06 -248290 472675 -11182.9 -181908 3.5954e+06 -468858 -556714 135755 737637 -238572 -576423 -35894.9 -116759 168096 28007.5 -346352 -679747 246135 147162 453741 -506937 -1.25739e+06 -218044 -198091 778488 108350 1.02459e+06 619789 171887 1.29701e+06 277320 2.42603e+06 1.09295e+06 1.29315e+06 2804.88 -1.30375e+06 591542 438910 -195842 1.01721e+06 
1.5221e+06 1.16248e+06 1.52203e+06 2.24427e+06 -1.12793e+06 -1.87181e+06 1.88041e+06 1.61814e+06 868541 -3.4692e+06 1.79463e+06 241586 929702 -270600 183162 1.73396e+06 -1.20652e+06 -585724 1.07449e+06 1.11513e+06 -256294 -653071 23166 -1.41842e+06 -1.57528e+06 347747 260022 -544167 -207700 -212831 -85702.9 760268 -446372 -266167 669185 -158243 286899 782953 -979810 -498389 217286 -615610 -24344.3 -1.2584e+06 -468858 4.32581e+06 -19104.4 -1.1593e+06 -254919 452242 76241.3 440704 17886 605139 -374343 469795 370300 -242443 -255870 -104027 -1.12373e+06 -364213 -1.43568e+06 289563 -227951 382421 871805 -872090 897207 1.79031e+06 -1.61438e+06 -2.63595e+06 -906772 134021 -341814 -806857 -14257.4 -566325 -1.66075e+06 -229118 
181726 -901882 -941671 -972170 -2.00963e+06 2.81198e+06 -1.74449e+06 -2.18927e+06 -646155 2.25609e+06 -1.62438e+06 -754758 -140884 114574 -1.15015e+06 -741752 51498.5 134780 524638 108441 -211988 -43002.9 -299432 -1.20285e+06 -662320 -1.09995e+06 799159 639285 644137 -476686 -902951 153018 34864.9 -386191 -18744 390050 -25986.1 458430 -414905 348165 -7473.75 -209710 -62969.6 -261152 -556714 -19104.4 3.19195e+06 -133594 -75416.1 -65375.5 -804123 -32801.8 48722.3 648640 -281133 27398.2 -59148.4 -432825 -313739 -482480 -793.662 203261 380907 545724 2.32165e+06 -1.63255e+06 107440 756303 1.25933e+06 -898846 770979 139669 -126528 -577400 -668091 398342 631798 -406638 -288641 488988 
65582.5 -408864 -1.37891e+06 1.12752e+06 717624 25629.9 1.12537e+06 -6.8951e+06 2.25299e+06 614821 228710 -836719 506266 -1.65265e+06 -525029 -2.14349e+06 2.13893e+06 3.46272e+06 -2.11981e+06 486912 -304314 359408 265698 -812938 428272 601541 -657320 3.03198e+06 386965 -2.02095e+06 -10309.1 1.1026e+06 535641 491983 49256.7 6469.38 -1.0837e+06 -634682 1.43631e+06 -47479.1 228189 118115 -569671 -39452.5 135755 -1.1593e+06 -133594 4.35907e+06 929036 -1.46756e+06 -163974 -381626 -77382.7 552992 -181040 -395029 226057 -581014 32973.4 -229901 1.23245e+06 -253278 274878 -506733 -832870 -1.22413e+06 -2.6487e+06 805813 -1.88704e+06 -389516 -1.49382e+06 2.33449e+06 307473 2.19076e+06 699486 1.1082e+06 502436 -1.88557e+06 992566 -223811 
773733 1.86404e+06 380707 1.31703e+06 777252 2.59384e+06 711525 -4.54393e+06 1.19624e+06 -3.20203e+06 464410 -2.82088e+06 -1.5012e+06 -681673 1.26012e+06 1.467e+06 -585910 2.72143e+06 -1.67544e+06 -1.69184e+06 -406217 -31339.7 -57304.3 -1.52007e+06 -186274 -297152 -205006 182676 226122 14127 -154208 1.59336e+06 -151615 -672343 -58371.2 -295289 -675349 -381650 1.15612e+06 1.32787e+06 235041 -319731 598390 118424 737637 -254919 -75416.1 929036 4.07511e+06 -668804 377170 78460.7 -161406 1.42563e+06 -801748 -315443 -770727 -198838 -90273.9 148053 -115872 -869494 114390 -939895 982315 -2.63505e+06 1.0312e+06 2.89033e+06 -1.62651e+06 979587 -30330.9 3.46828e+06 455666 2.26367e+06 -770040 -2.19989e+06 1.17646e+06 -697445 602566 986195 
