NUMBER_OF_DIMENSION 80
ATOM_TYPE O
ESPERANCE
0.00135304 0.00376773 0.000813421 0.00599408 0.000836821 0.00707307 0.00117455 0.0211319 0.00139222 0.00717734 0.0014499 0.0272985 0.00190471 0.0188682 0.00243339 0.0328896 0.00227892 0.0250155 0.00241187 0.0530368 0.00152173 0.00794603 0.00138383 0.0142843 0.00135922 0.0135681 0.00171852 0.0206214 0.00250919 0.0287262 0.00315849 0.0324001 0.00322141 0.0440071 0.00433901 0.0374607 0.00496367 0.0350304 0.00518237 0.0664234 0.00312103 0.00449064 0.00260612 0.0126175 0.00304406 0.0236126 0.0043424 0.0352872 0.00502585 0.0496691 0.00548903 0.0546082 0.00623235 0.0417479 0.00814688 0.0524468 0.00748729 0.0694708 0.00706423 0.0450707 0.00145769 0.00885054 0.00121255 0.0073928 0.00114733 0.00776727 0.00155647 0.0239713 0.00201539 0.00930978 0.00206521 0.0254138 0.00253365 0.0169457 0.00381912 0.0446096 0.00360472 0.0447831 0.00344894 0.0545419 
INVERSE OF COVARIANCE MATRIX
2.27506e+07 2.88111e+06 -2.44247e+06 -3779.6 -811917 -1.71033e+06 -1.74526e+06 -4.35704e+06 -783608 276756 2.06175e+06 -1.40574e+06 -2.01054e+06 1.51225e+06 -625545 2.71405e+06 137632 -1.0192e+06 -198092 -2.12885e+06 -6.06932e+06 -469157 557779 -558624 -441366 775811 810553 1.87827e+06 -1.10833e+06 -708530 334629 290589 630256 -87486.1 247428 -1.87993e+06 597518 1.04599e+06 -263084 967456 -2.78507e+06 165473 -373211 -890522 255240 478450 -341535 -30033.2 896.593 81689.5 -50409.7 -31746.3 223682 -138258 239898 -296416 70847.2 590019 -41511.1 50326.9 -1.40348e+07 -1.40926e+06 588779 220228 452979 646617 -204478 2.56963e+06 47464.9 844397 -191594 848528 819820 -772188 331497 -1.37839e+06 74689.6 1.44436e+06 -146727 1.17365e+06 
2.88111e+06 2.31892e+07 1.88775e+06 -2.1233e+06 -3.02738e+06 7.16088e+06 -616444 6.47784e+06 -2.20471e+06 -262035 1675.72 3.5992e+06 -1.40407e+06 5.54018e+06 -1.19594e+06 305047 -53191.3 -3.49866e+06 -2.07721e+06 90774.2 105371 -1.9591e+06 -859868 -95660.3 1.24761e+06 -2.58753e+06 -530478 1.02013e+06 478327 3.83526e+06 119846 742266 -204992 -2.76547e+06 336310 -1.42546e+06 426336 3556.78 -361110 843169 -496202 -2.24046e+06 -119271 -680056 34061.7 235591 49672.8 -135566 -110422 1.1137e+06 -261467 2.77384e+06 56066.3 574262 515353 125056 125006 -399735 450927 -244951 -1.31045e+06 -1.56663e+07 -1.29947e+06 -238142 2.53294e+06 -2.06141e+06 -396727 -4.81493e+06 1.2319e+06 2.91596e+06 1.17542e+06 -1.84998e+06 -154274 -4.06275e+06 587674 -1.53112e+06 380946 2.86649e+06 440176 1.57913e+06 
-2.44247e+06 1.88775e+06 4.38683e+07 357497 -404118 4.67738e+06 612312 -1.13299e+06 -83085.2 -341391 -4.05178e+06 3.13132e+06 -935216 -655421 1.51103e+06 215146 -273585 -1.22295e+06 -2.79858e+06 2.96264e+06 -64367 290476 -3.03825e+06 -296378 734510 -708005 -2.0909e+06 -26352.7 -267123 471703 -801985 -714029 26995.1 1.40636e+06 287997 77378.8 -350397 -577069 786706 -1.31889e+06 -160034 -340373 -1.92416e+06 366815 -493055 -711726 746359 904710 70794.3 176161 16782.3 -908211 -356403 245398 -15417.5 157231 83878.9 -336256 165065 292973 666417 -1.2044e+06 -1.96513e+07 1.28824e+06 -677365 -2.38066e+06 -525320 1.40755e+06 865251 -534021 439350 -1.67806e+06 604087 -233751 453555 -466450 319383 -657033 -220292 -1.54992e+06 
-3779.6 -2.1233e+06 357497 4.50908e+07 427629 -4.52029e+06 -2.69881e+06 -4.42937e+06 -854754 -3.38921e+06 -294988 -554738 -2.38905e+06 2.05053e+06 2.34896e+06 1.28431e+06 1.59164e+06 -5.11586e+06 -1.06378e+06 -5.00707e+06 -508076 -1.18232e+06 -221497 -1.17588e+07 212616 2.04155e+06 633628 485969 890759 -3.78567e+06 71745.8 611511 1.72667e+06 135244 -271437 -1.70545e+06 -552472 2.08831e+06 -713571 150137 -50653.2 -411841 -824448 -1.58062e+06 41961.7 -1.38202e+06 -6276.75 -577535 212670 -1.04621e+06 338761 -456593 196724 -3.27473e+06 -57845.6 -790798 -419453 1.90547e+06 11719.1 2.14905e+06 20294.2 5.16014e+06 -457878 -1.67715e+07 62235.6 -892729 2.20553e+06 8.64899e+06 -135576 1.31051e+06 -1.81335e+06 -2.01978e+06 1.75946e+06 2.9627e+06 -949307 -1.8467e+06 -670379 -1.06211e+06 410963 7.30405e+06 
-811917 -3.02738e+06 -404118 427629 6.61809e+07 -600303 -1.12838e+07 2.4556e+06 6.74549e+06 824519 1.28246e+06 -3.26658e+06 2.02547e+06 850698 507436 -392282 1.83652e+06 -609602 -226542 -2.11331e+06 697570 -258699 590551 1.88908e+06 -6.63331e+06 -35188 488566 -822714 762984 643848 -590278 -36246 725468 -803925 -1.19188e+06 1.94575e+06 23852.4 -56481.3 387625 -553074 -228948 92345.3 -366116 -15142 -3.78595e+06 -852698 -553307 -696207 501526 320795 -887668 445229 -33086.6 651026 723795 239747 29921.3 160652 -54370.5 217610 -982121 2.97255e+06 1.73644e+06 -704740 -2.98043e+07 692089 -41737.3 -1.29097e+06 -1.20717e+06 -412087 -1.90008e+06 1.44843e+06 -1.50704e+06 521244 629146 355022 -1.17973e+06 705151 -105627 648811 
-1.71033e+06 7.16088e+06 4.67738e+06 -4.52029e+06 -600303 1.03136e+08 -1.1115e+06 -7.0439e+06 -469404 6.16766e+06 -838411 2.07887e+07 -1.64245e+06 5.22117e+06 -1.70124e+06 1.54582e+07 1.2971e+06 -2.59633e+06 1.14065e+06 3.40965e+06 23096.3 6.05491e+06 -228716 -1.46551e+07 2.83092e+06 -2.28047e+07 -855978 6.13478e+06 -287756 -562053 839053 -4.12804e+06 -48712.7 2.34123e+06 -796747 -6.90842e+06 875138 2.3835e+06 -759688 -1.56459e+06 180187 -2.24423e+06 -310546 -508757 -836533 -5.09054e+06 -1.48353e+06 4.87496e+06 -307239 -2.48383e+06 454955 -177018 501590 2.28144e+06 125140 952061 102868 999511 -471733 1.14471e+06 1.73974e+06 -1.24063e+06 -1.67935e+06 291388 1.5263e+06 -5.29843e+07 -2.31546e+06 7.70318e+06 1.62887e+06 -3.8475e+06 -1.1125e+06 -1.00993e+06 -143365 -3.85056e+06 1.6181e+06 -1.54765e+07 -534398 1.09414e+06 -1.7343e+06 -4.52077e+06 
-1.74526e+06 -616444 612312 -2.69881e+06 -1.12838e+07 -1.1115e+06 6.38276e+07 2.58808e+06 -885884 654450 1.46953e+06 -178232 -628601 33580 -723864 315574 -1.03163e+06 -721089 1.77396e+06 3.96268e+06 155984 -2.02202e+06 -346777 2.95904e+06 937256 -568454 -3.82477e+06 873142 1.1258e+06 -1.11089e+06 239952 -336130 794417 -1.68726e+06 -422035 242998 458246 -1.05315e+06 -541405 -911728 429331 424999 20955 652670 252101 -334281 -4.11062e+06 -1.18401e+06 656378 366770 588603 274626 -1.35389e+06 514931 -345865 874118 -171241 7529.5 689691 -399884 2.49501e+06 -127709 -540403 816192 2.1196e+06 3.74358e+06 -2.95793e+07 -656641 -1.6916e+06 -651618 194445 -279417 1.74341e+06 -380057 -1.26785e+06 251499 508518 -1.29086e+06 -561488 -2.72107e+06 
-4.35704e+06 6.47784e+06 -1.13299e+06 -4.42937e+06 2.4556e+06 -7.0439e+06 2.58808e+06 1.24086e+08 9.2175e+06 -8.58812e+06 -1.72399e+06 1.28222e+07 4.65672e+06 776602 -5.13941e+06 -1.53093e+07 2.6667e+06 -2.78968e+06 -2.87858e+06 2.51707e+07 1.53558e+06 -3.49624e+06 -1.08637e+06 -7.09382e+06 -81670.6 -5.09057e+06 2.18051e+06 -2.85766e+07 -192592 3.09274e+06 -1.64891e+06 761519 -5.45185e+06 6.7261e+06 885957 3.35366e+06 -1.92912e+06 -3.84595e+06 1.78431e+06 -1.11897e+07 1.073e+06 -62517.7 1.2965e+06 7.62087e+06 235864 8038.14 -92820.7 -1.01297e+07 -234703 1.798e+06 -815300 -2.47376e+06 9141.82 -3.25041e+06 597294 -2.42026e+06 95371.3 200532 -199945 -1.30972e+06 1.64427e+06 -7.78921e+06 -564450 -5.15381e+06 3.04222e+06 1.12479e+07 1.77573e+06 -7.80123e+07 -1.39306e+06 3.07845e+06 1.14445e+06 -1.70704e+07 -3.42569e+06 5.30556e+06 3.33213e+06 1.89239e+06 -4.51605e+06 -1.65573e+06 1.93345e+06 -8.67594e+06 
-783608 -2.20471e+06 -83085.2 -854754 6.74549e+06 -469404 -885884 9.2175e+06 3.34648e+07 2.24172e+06 978934 -760493 3.77756e+06 -454761 1.38576e+06 -5.37823e+06 -3.17617e+06 -260605 -3.08762e+06 2.52226e+06 -197286 -1.34864e+06 1.01486e+06 2.36688e+06 263977 743176 67355.3 -3.22147e+06 -978776 736260 1.22502e+06 -421460 176222 -1.42043e+06 -1.2466e+06 3.03458e+06 382828 -545234 -107456 -715132 224559 559416 575241 711460 -760251 -1.77713e+06 329561 -2.12567e+06 -1.88701e+06 -886318 -775901 -9502.51 978773 420105 -195086 1.01278e+06 -477641 122500 -169635 505952 123158 1.32718e+06 -844631 69597.8 -2.8869e+06 1.0142e+06 -893749 -5.59959e+06 -1.06846e+07 -1.14947e+06 -2.42604e+06 -525146 -601689 465184 -2.09567e+06 3.08454e+06 2.78925e+06 -1.09258e+06 1.00374e+06 -2.0181e+06 
276756 -262035 -341391 -3.38921e+06 824519 6.16766e+06 654450 -8.58812e+06 2.24172e+06 4.64609e+07 -74259.3 1.4486e+06 -1.06081e+06 -3.85091e+06 -636817 5.5177e+06 47336.6 -1.1563e+06 714703 1.54012e+07 -282894 1.72583e+06 35797.1 2.15717e+06 615896 -3.8472e+06 -292709 -3.32498e+06 648639 -4.59604e+06 193971 1.52252e+06 -96945.1 813056 -1.13405e+06 -2.1503e+06 589248 -146944 -47913.5 -3.33625e+06 6990.58 329727 -206268 -425065 -716543 -1.35436e+06 119607 863502 -21463.2 -1.25547e+06 535503 -1.14149e+06 -145784 782716 -417826 -796377 220592 -1.45285e+06 -117822 -36187.2 258364 392557 258086 7.72735e+06 164145 -3.86456e+06 -793957 559805 -1.06343e+06 -1.39684e+07 215310 1.21583e+06 -101016 -3.88088e+06 -312806 -3.30562e+06 658984 2.92767e+06 -76958.6 -7.78427e+06 
2.06175e+06 1675.72 -4.05178e+06 -294988 1.28246e+06 -838411 1.46953e+06 -1.72399e+06 978934 -74259.3 3.40416e+07 -168742 3.73396e+06 -1.1311e+06 -6.33544e+06 988933 -2.03581e+06 946220 -4.13097e+06 2.85301e+06 -142092 455407 -832759 -383167 -274372 -235619 -650552 917698 694991 -549120 -3.13776e+06 57398 -2.3869e+06 974233 1.15325e+06 -187978 474052 95643.5 582005 -1.09867e+06 -420388 -612108 526975 -240219 19182 490301 -410612 905382 586897 -95396.4 -1.51804e+06 302350 -133280 -407168 109423 -492520 -834794 25390.6 846953 -370422 -1.81134e+06 -33017.5 1.19737e+06 889134 -1.13942e+06 -56477.9 -2.11196e+06 601669 403041 620868 -1.19395e+07 -1.74428e+06 -1.53975e+06 641332 2.11953e+06 -842566 -488556 -380044 2.05942e+06 -1.05535e+06 
-1.40574e+06 3.5992e+06 3.13132e+06 -554738 -3.26658e+06 2.07887e+07 -178232 1.28222e+07 -760493 1.4486e+06 -168742 7.07306e+07 -3.96493e+06 -7.57907e+06 -2.32054e+06 -5.82272e+06 1.23526e+06 3.1711e+06 -891305 1.88005e+07 724862 2.10101e+06 -441853 -6.52708e+06 1.04789e+06 -8.68805e+06 -686407 -4.80274e+06 -919801 -3.01388e+06 -325996 -1.57243e+07 -440736 5.44314e+06 7757.5 -1.95516e+06 382640 3.23829e+06 158603 -7.16062e+06 153918 -881061 342348 2.14838e+06 1.30206e+06 -2.11424e+06 -314680 -1.13092e+06 254130 -3.17385e+06 1.93978e+06 -8.31648e+06 -158729 -3.34854e+06 963720 1.4426e+06 167924 -284026 -817652 656294 -220944 -1.23804e+06 -881900 -730900 874589 -8.78944e+06 -437898 -894161 -13479.3 384173 674483 -3.90959e+07 1.09899e+06 -2.90725e+06 1.73047e+06 74970.6 880348 2.95862e+06 -579363 -1.16135e+07 
-2.01054e+06 -1.40407e+06 -935216 -2.38905e+06 2.02547e+06 -1.64245e+06 -628601 4.65672e+06 3.77756e+06 -1.06081e+06 3.73396e+06 -3.96493e+06 3.37126e+07 376887 -6.63786e+06 -2.37924e+06 -3.80428e+06 1.33107e+06 -2.93176e+06 4.5805e+06 62581.3 372516 -416812 765880 -1.0652e+06 160226 1.05933e+06 -414683 909875 1.22353e+06 -833189 492513 -3.25845e+06 -374288 470819 693342 682972 -857370 408457 -1.1592e+06 8477.35 258015 -173800 358106 -290778 -115032 61931 -136686 -75235.4 -116790 -456187 156079 -2.12071e+06 26788.9 436033 173157 74596.5 -838721 -244669 -61899.6 2.45001e+06 875928 -1.01916e+06 118568 -2.66828e+06 2.80665e+06 152341 -2.26623e+06 19661.8 746139 -1.15593e+06 3.42394e+06 -1.24412e+07 -295358 1.28201e+06 892991 -427377 -600001 2.25906e+06 -3.87353e+06 
1.51225e+06 5.54018e+06 -655421 2.05053e+06 850698 5.22117e+06 33580 776602 -454761 -3.85091e+06 -1.1311e+06 -7.57907e+06 376887 2.65309e+07 -732221 4.80414e+06 537239 -657758 793695 -1.29126e+07 -123392 -531921 -380140 -1.40526e+06 -362825 -2.61505e+06 236965 2.58851e+06 555553 813398 55170.4 2.28848e+06 870415 -8.74471e+06 -213427 -2.09554e+06 -354274 -3.15903e+06 -452890 4.5779e+06 1564.88 -371032 2083.09 1.20778e+06 -332782 -1.56675e+06 -270341 -1.00073e+06 325070 -891511 -111516 964196 88760.2 -289482 97505.2 -1.96206e+06 174839 557022 174601 942321 -597572 -3.03148e+06 165663 -4.52951e+06 -768524 -3.46677e+06 66840.6 -6.24055e+06 -436570 -2.07425e+06 -114471 6.32513e+06 443210 -7.10091e+06 963147 -854141 -751528 -192133 -1.09145e+06 6.48974e+06 
-625545 -1.19594e+06 1.51103e+06 2.34896e+06 507436 -1.70124e+06 -723864 -5.13941e+06 1.38576e+06 -636817 -6.33544e+06 -2.32054e+06 -6.63786e+06 -732221 2.16899e+07 837242 -1.82968e+06 -503410 -881022 -691936 172168 566255 -634624 -1.44444e+06 -197442 332253 -263897 1.05219e+06 32081 -964950 2.55228e+06 706542 306080 1.0746e+06 -2.50784e+06 -677585 185167 -372581 633201 274292 357191 241193 -96891.1 301841 -97522.6 210825 -1.05614e+06 1.01344e+06 -111435 969121 401478 -45699.8 226971 -84313.8 -1.078e+06 -32016.5 95870.6 -488054 435631 -31039.8 237282 744855 -320057 -1.26311e+06 584221 503058 2.00583e+06 2.44974e+06 -975772 -764934 1.3516e+06 1.94116e+06 1.83014e+06 488383 -9.56362e+06 -365255 -122797 -524633 836560 886405 
2.71405e+06 305047 215146 1.28431e+06 -392282 1.54582e+07 315574 -1.53093e+07 -5.37823e+06 5.5177e+06 988933 -5.82272e+06 -2.37924e+06 4.80414e+06 837242 3.53832e+07 1.89932e+06 -7.7065e+06 1.24868e+06 -1.05826e+07 -731914 1.44832e+06 151420 -2.67215e+06 -955167 -1.13531e+06 543457 3.87022e+06 449738 -2.83493e+06 -195665 1.26336e+06 1.33101e+06 -6.30071e+06 282285 -1.14502e+07 -1.05523e+06 4.12226e+06 2333.27 4.28036e+06 -291065 -162514 -404196 384978 -27677.3 -1.39537e+06 -161204 -1.30024e+06 96976.6 -2.10982e+06 248624 528472 -10913.1 1.52666e+06 -666742 -1.96172e+06 253597 2.22631e+06 -183654 1.2846e+06 -1.25556e+06 1.13855e+06 -1.69934e+06 2.91183e+06 -898733 -4.02402e+06 -1.76277e+06 1.38043e+07 3.82656e+06 -3.19408e+06 -875874 5.11715e+06 2.16698e+06 -1.06635e+06 -143406 -2.02185e+07 29394 7.276e+06 -824527 3.61284e+06 
137632 -53191.3 -273585 1.59164e+06 1.83652e+06 1.2971e+06 -1.03163e+06 2.6667e+06 -3.17617e+06 47336.6 -2.03581e+06 1.23526e+06 -3.80428e+06 537239 -1.82968e+06 1.89932e+06 1.56861e+07 -302888 -3.22907e+06 -2.24299e+06 428545 -318913 194672 -450488 320043 -1.33169e+06 -641319 -733618 -380547 -670793 -1.3761e+06 -574275 812538 -471911 -465589 -691710 -1.63053e+06 273207 453497 519746 270381 -278994 307080 67131.3 -391137 64278.9 256403 -787612 -385285 -222798 108721 252749 243656 -916720 -428212 -549323 228631 840941 474138 265756 37580.8 616291 956036 34048.8 -1.93254e+06 -1.16757e+06 -670764 -2.06793e+06 1.76295e+06 -119529 1.65492e+06 -1.66094e+06 939672 1.44141e+06 715487 -1.69907e+06 -4.72421e+06 145509 860379 1.90509e+06 
-1.0192e+06 -3.49866e+06 -1.22295e+06 -5.11586e+06 -609602 -2.59633e+06 -721089 -2.78968e+06 -260605 -1.1563e+06 946220 3.1711e+06 1.33107e+06 -657758 -503410 -7.7065e+06 -302888 2.1229e+07 87274.7 -1.85281e+06 255173 457768 -418103 2.05246e+06 183342 -4.26886e+06 -216700 -7123.07 -42451.9 2.23617e+06 -214012 -175888 -531503 3.24476e+06 277689 -9483.19 176378 -3.08739e+06 251580 1.22314e+06 -44536.5 258624 76572.7 -483538 119764 753673 293025 1.01123e+06 288007 -128685 -383023 -111775 -219872 -1.31546e+06 22645.1 1.20905e+06 125515 -324411 -149514 -1.96104e+06 608449 2.10838e+06 581004 2.61289e+06 -469812 -1.95203e+06 1.00085e+06 -4.09616e+06 148011 1.23271e+06 -707618 1.84797e+06 -214625 -2.25111e+06 154350 7.87932e+06 -495624 -1.19929e+07 962705 1.27091e+06 
-198092 -2.07721e+06 -2.79858e+06 -1.06378e+06 -226542 1.14065e+06 1.77396e+06 -2.87858e+06 -3.08762e+06 714703 -4.13097e+06 -891305 -2.93176e+06 793695 -881022 1.24868e+06 -3.22907e+06 87274.7 1.92077e+07 -1.77687e+06 -197881 -610249 653692 567741 740075 -309328 897675 233079 -265612 55113.4 521716 174644 96877 853896 -123429 526463 1.01505e+06 -262764 -3.27923e+06 -87173.6 -83433.9 371193 -85009.2 146689 257373 -406614 34134.9 444982 759822 -544109 893338 -402984 -73404.5 1.22782e+06 -230426 96942.3 146223 -251980 -1.05209e+06 519947 235239 1.64954e+06 -183677 -953458 -1.19065e+06 -941041 678055 2.15868e+06 2.09242e+06 542382 3.13166e+06 -109283 736337 40261.3 1.00352e+06 -1.08842e+06 30305.9 378886 -8.9774e+06 1.26929e+06 
-2.12885e+06 90774.2 2.96264e+06 -5.00707e+06 -2.11331e+06 3.40965e+06 3.96268e+06 2.51707e+07 2.52226e+06 1.54012e+07 2.85301e+06 1.88005e+07 4.5805e+06 -1.29126e+07 -691936 -1.05826e+07 -2.24299e+06 -1.85281e+06 -1.77687e+06 8.78569e+07 86662.3 3.08688e+06 315019 -2.23048e+06 552255 -808858 -678703 -7.59767e+06 -903172 -2.41639e+06 555435 -4.77773e+06 -1.06923e+06 5.46604e+06 -24209 362245 654359 2.30569e+06 324120 -2.60053e+07 137067 416298 -487820 2.89793e+06 -424633 -1.05536e+06 -203439 -640967 -1.41815e+06 824135 -2.58708e+06 -2.74977e+06 418334 -1.71371e+06 -378295 2.82245e+06 -437827 -2.97027e+06 -387474 -4.39032e+06 1.50326e+06 166826 -2.60755e+06 494704 2.12322e+06 1.49993e+06 -3.25798e+06 -1.68678e+07 -3.86539e+06 -4.76561e+06 153741 -8.94066e+06 -3.30421e+06 2.99337e+06 1.53687e+06 4.27823e+06 1.02668e+06 535449 1.47973e+06 -5.1459e+07 
-6.06932e+06 105371 -64367 -508076 697570 23096.3 155984 1.53558e+06 -197286 -282894 -142092 724862 62581.3 -123392 172168 -731914 428545 255173 -197881 86662.3 4.65797e+06 379237 -91673.6 228831 -122608 111364 -934039 -1.09238e+06 113438 412068 131032 -389820 -524697 264679 -372337 330505 -36015.4 -180842 17101 -27990.6 575392 -220944 22866.9 -51976.2 -67912.3 -19531.3 32072.9 -19506 14659.5 67296.9 156153 168234 4943.28 40602.6 -145415 6026.22 30019.7 -4675.39 -13158.1 69870.9 3.33457e+06 30221.5 -59322.9 -61564.2 -811954 314695 58778.9 -1.40948e+06 139434 -536285 -29379 -366085 -40478.5 286283 -60942.4 530855 -244806 211917 -73381.2 -244994 
-469157 -1.9591e+06 290476 -1.18232e+06 -258699 6.05491e+06 -2.02202e+06 -3.49624e+06 -1.34864e+06 1.72583e+06 455407 2.10101e+06 372516 -531921 566255 1.44832e+06 -318913 457768 -610249 3.08688e+06 379237 8.22695e+06 54587.2 -2.38282e+06 20777.6 -2.01223e+06 -508644 813608 -244520 -1.32401e+06 187966 -1.58242e+06 -340598 -161902 136383 -840753 -59131.9 -96226.1 208019 -84533.4 130366 -502290 -289074 -314162 -216905 57114.9 178008 1.03244e+06 -60099.7 -711775 73520.2 377271 137695 -38201.3 -166247 -96720.5 165155 16730.3 -341437 -321882 -32972.2 2.1584e+06 -89608 23717.5 -16809.2 -3.90685e+06 704855 3.46218e+06 431601 -2.88569e+06 120767 2329.38 -336873 -303787 -150354 60160.5 -72231.5 89098.9 463992 -2.8989e+06 
557779 -859868 -3.03825e+06 -221497 590551 -228716 -346777 -1.08637e+06 1.01486e+06 35797.1 -832759 -441853 -416812 -380140 -634624 151420 194672 -418103 653692 315019 -91673.6 54587.2 8.89146e+06 -86707.1 -2.39751e+06 366256 -241956 33145.8 -410229 667594 81072.7 6471.73 -392530 -1.00785e+06 -643001 99553.1 326153 49246.9 -172093 165456 66526 -129863 305753 -161834 281477 168795 4188.34 -164224 63596.2 95993.1 71624.8 491059 204904 -162975 -282200 7540.75 82274 -73912 -105616 -107498 -1.03216e+06 395905 1.63504e+06 -353441 -233128 61085.6 423583 828273 -253141 629691 346516 164509 160900 -580160 71618.7 76693.1 -81881.8 38542.5 -257589 -246581 
-558624 -95660.3 -296378 -1.17588e+07 1.88908e+06 -1.46551e+07 2.95904e+06 -7.09382e+06 2.36688e+06 2.15717e+06 -383167 -6.52708e+06 765880 -1.40526e+06 -1.44444e+06 -2.67215e+06 -450488 2.05246e+06 567741 -2.23048e+06 228831 -2.38282e+06 -86707.1 1.89729e+07 -225717 1.43799e+06 -301057 1.10198e+06 -506368 2.12271e+06 -16390.1 -222124 -568869 -2.39771e+06 38676.4 4.83364e+06 522956 -627340 -298720 1.24122e+06 44050.5 -119038 263826 451821 -70141.9 1.29641e+06 451055 815989 -175352 1.0631e+06 -183487 1.27909e+06 -198252 1.44853e+06 226440 594659 72735.5 -1.42511e+06 149067 -357860 465599 -327060 778214 7.57952e+06 -630386 9.60839e+06 -1.20574e+06 -1.36441e+06 -1.8148e+06 -3.01368e+06 613984 2.09222e+06 -646381 1.69336e+06 579749 4.1659e+06 914492 -182946 -398688 -432255 
-441366 1.24761e+06 734510 212616 -6.63331e+06 2.83092e+06 937256 -81670.6 263977 615896 -274372 1.04789e+06 -1.0652e+06 -362825 -197442 -955167 320043 183342 740075 552255 -122608 20777.6 -2.39751e+06 -225717 1.30299e+07 -192534 -470099 -454733 -268354 -579288 529090 -209024 -406838 1.0677e+06 -633200 85954.1 -659021 113114 -163580 162999 -81400.8 34061.6 72246.5 -23316.5 239208 165684 226515 210022 -280260 8259.25 87068.4 37267.5 -209623 -72057.9 71158 299107 -98663.8 -152258 293429 170245 395487 -1.09198e+06 -1.10858e+06 800727 3.24221e+06 -1.01883e+06 28971 -825061 -160462 -1.42367e+06 103293 -1.40244e+06 184778 -38245.3 -87371 1.42762e+06 603981 288055 -481818 -589492 
775811 -2.58753e+06 -708005 2.04155e+06 -35188 -2.28047e+07 -568454 -5.09057e+06 743176 -3.8472e+06 -235619 -8.68805e+06 160226 -2.61505e+06 332253 -1.13531e+06 -1.33169e+06 -4.26886e+06 -309328 -808858 111364 -2.01223e+06 366256 1.43799e+06 -192534 1.91915e+07 -312362 -1.84765e+06 259622 1.92865e+06 -361368 1.70866e+06 -199685 -1.12787e+06 96820.1 93364.7 544586 423784 203023 -944515 -143799 384785 -23099.4 -272136 346042 687361 269412 -1830.11 -24825.3 1.16189e+06 -72924.3 -200842 98498.3 1.47987e+06 -113054 -620236 56298.8 479089 -35446.9 -761843 -849448 -187491 -388575 -1.70011e+06 -663063 1.20533e+07 1.2048e+06 4.0642e+06 -556298 2.50516e+06 -12270.1 2.15814e+06 206431 -2.13456e+06 -536115 3.73799e+06 1.37433e+06 3.23502e+06 376573 873588 
810553 -530478 -2.0909e+06 633628 488566 -855978 -3.82477e+06 2.18051e+06 67355.3 -292709 -650552 -686407 1.05933e+06 236965 -263897 543457 -641319 -216700 897675 -678703 -934039 -508644 -241956 -301057 -470099 -312362 1.26571e+07 205576 -656725 994480 222483 380674 -1.40212e+06 -147346 -341735 31555.7 -38636.5 -115521 3488.58 -31688.2 -188888 192922 26362.7 32499.4 251464 410502 455676 -378967 -17538.9 214225 40763.6 130893 -210833 -109554 23013.1 -105371 138854 -46396.9 -257399 -82236.4 -265526 -88886.7 733478 102606 72951.9 615727 1.03671e+06 -1.44293e+06 35994.8 39997 639187 322671 -645679 768853 458765 -628995 276003 405266 -825474 727749 
1.87827e+06 1.02013e+06 -26352.7 485969 -822714 6.13478e+06 873142 -2.85766e+07 -3.22147e+06 -3.32498e+06 917698 -4.80274e+06 -414683 2.58851e+06 1.05219e+06 3.87022e+06 -733618 -7123.07 233079 -7.59767e+06 -1.09238e+06 813608 33145.8 1.10198e+06 -454733 -1.84765e+06 205576 1.65375e+07 -203947 115207 1.06306e+06 -98409.1 809342 -4.41891e+06 203398 -740142 659524 -1.57501e+06 -748353 2.30391e+06 -267500 -646323 -510254 -2.41909e+06 -154451 -48664.8 -178451 2.43912e+06 -7048.84 6449.45 245470 1.83813e+06 -23776.8 1.26162e+06 -128278 653716 49832.3 476676 131607 -171883 -594071 164017 322468 1.29403e+06 -323229 -5.61133e+06 -2.60999e+06 1.8408e+07 374775 2.53143e+06 -320394 5.83888e+06 498581 -2.2735e+06 -373313 -1.20114e+06 1.31342e+06 -2.08302e+06 -1.0599e+06 3.12511e+06 
-1.10833e+06 478327 -267123 890759 762984 -287756 1.1258e+06 -192592 -978776 648639 694991 -919801 909875 555553 32081 449738 -380547 -42451.9 -265612 -903172 113438 -244520 -410229 -506368 -268354 259622 -656725 -203947 8.41444e+06 535505 -1.02036e+06 496088 -579715 -180238 59001.5 336620 -1.05921e+06 102501 -559870 463251 75288.8 -61489.7 132769 -109762 -422050 219573 -91962.6 -274969 138545 138945 140199 -5249.91 -14340 11715.1 -102250 93746.2 67801.5 350310 -20912.3 -172874 669036 -361908 -105788 -355457 -446908 -220893 -270684 303500 -76463.9 -89659.4 -258706 1.03315e+06 -649764 -160580 154664 195617 -224924 159288 403286 192522 
-708530 3.83526e+06 471703 -3.78567e+06 643848 -562053 -1.11089e+06 3.09274e+06 736260 -4.59604e+06 -549120 -3.01388e+06 1.22353e+06 813398 -964950 -2.83493e+06 -670793 2.23617e+06 55113.4 -2.41639e+06 412068 -1.32401e+06 667594 2.12271e+06 -579288 1.92865e+06 994480 115207 535505 1.35015e+07 -22304 -401961 -51529.3 -1.09536e+06 547373 -282417 -161964 -522991 376723 -496194 -23911.9 -152849 203947 -665909 -141689 866583 109607 -386558 77847.6 2.0137e+06 -393157 905804 -81065 1.99216e+06 258896 1.22956e+06 106491 110654 86734 -943561 840652 -4.54011e+06 -225916 -350378 -83829.9 1.94241e+06 1.63074e+06 -3.48279e+06 -490373 3.30059e+06 -116310 4.34624e+06 -240757 -898818 473916 1.03951e+06 -219969 -782179 654452 1.24572e+06 
334629 119846 -801985 71745.8 -590278 839053 239952 -1.64891e+06 1.22502e+06 193971 -3.13776e+06 -325996 -833189 55170.4 2.55228e+06 -195665 -1.3761e+06 -214012 521716 555435 131032 187966 81072.7 -16390.1 529090 -361368 222483 1.06306e+06 -1.02036e+06 -22304 5.94262e+06 45613.6 -284633 -33359.7 -1.21161e+06 -57769.9 -150734 -59852.8 -921172 53235 -35715.9 -86629.1 68351.9 13940.3 93855.6 -510534 -117419 282574 -299498 -245856 414395 61501.2 26826.7 294963 -239550 -85637 104004 -11606 -75999 174659 -39255.8 116574 490612 -360856 1.05269e+06 -708858 -484350 703102 -629953 123940 527045 417677 324676 -106589 -1.01928e+06 -10313.4 783610 -258823 -215640 -429283 
290589 742266 -714029 611511 -36246 -4.12804e+06 -336130 761519 -421460 1.52252e+06 57398 -1.57243e+07 492513 2.28848e+06 706542 1.26336e+06 -574275 -175888 174644 -4.77773e+06 -389820 -1.58242e+06 6471.73 -222124 -209024 1.70866e+06 380674 -98409.1 496088 -401961 45613.6 6.91714e+06 287728 -682442 101679 993832 103167 -1.76714e+06 -159642 1.57884e+06 116727 67561.9 61477.3 -429219 -91432.8 360300 113067 189867 -47230.5 421012 -458774 1.19636e+06 30063.3 698898 -283923 -981551 -74252.5 58212.5 221815 -193755 186462 -1.14821e+06 94595.9 -461182 -230490 1.89259e+06 14446.8 -1.49773e+06 480179 486066 187977 7.80159e+06 -166247 -2.07249e+06 -474815 -62543.4 -146786 -1.04858e+06 197617 3.68335e+06 
630256 -204992 26995.1 1.72667e+06 725468 -48712.7 794417 -5.45185e+06 176222 -96945.1 -2.3869e+06 -440736 -3.25845e+06 870415 306080 1.33101e+06 812538 -531503 96877 -1.06923e+06 -524697 -340598 -392530 -568869 -406838 -199685 -1.40212e+06 809342 -579715 -51529.3 -284633 287728 7.0821e+06 63233.6 -746487 -328002 -346090 422686 -873929 426450 156112 203515 -35279.6 210187 101671 -136764 -62679.1 348790 105265 -170841 -114123 -333395 144789 -151672 153919 -235780 -144022 61457.4 74505.4 247023 -640015 101263 310495 -121637 -398614 -843765 -102414 3.47993e+06 -730523 -252588 860630 -144519 1.50947e+06 -252970 218926 -218787 -305631 78865.9 -142872 702446 
-87486.1 -2.76547e+06 1.40636e+06 135244 -803925 2.34123e+06 -1.68726e+06 6.7261e+06 -1.42043e+06 813056 974233 5.44314e+06 -374288 -8.74471e+06 1.0746e+06 -6.30071e+06 -471911 3.24476e+06 853896 5.46604e+06 264679 -161902 -1.00785e+06 -2.39771e+06 1.0677e+06 -1.12787e+06 -147346 -4.41891e+06 -180238 -1.09536e+06 -33359.7 -682442 63233.6 1.42971e+07 -316149 2.49716e+06 677874 715146 -425074 -3.909e+06 -226880 723248 89776.4 -219129 171170 8237.89 -135013 410109 17834 145312 -210624 -1.0076e+06 209810 -219391 -1553.9 861175 9816.69 -888452 -187371 118653 119704 822457 -506305 208277 395553 641647 1.30431e+06 -2.59691e+06 1.27708e+06 -419079 -809259 -5.04348e+06 -63761.3 1.60756e+06 -320052 2.23534e+06 -57701.5 -338623 551734 -2.18631e+06 
247428 336310 287997 -271437 -1.19188e+06 -796747 -422035 885957 -1.2466e+06 -1.13405e+06 1.15325e+06 7757.5 470819 -213427 -2.50784e+06 282285 -465589 277689 -123429 -24209 -372337 136383 -643001 38676.4 -633200 96820.1 -341735 203398 59001.5 547373 -1.21161e+06 101679 -746487 -316149 6.03364e+06 -39681.2 -1.11867e+06 563148 -829875 -82040.2 -17757.4 -31162.7 -157050 -262663 -50311.9 243844 439065 -109084 204519 -172345 -146044 80788.5 -94365.4 -45515.7 241318 -34575.1 -162467 287797 -212379 -144300 -201943 112695 211896 8222.55 362943 -144861 265057 22424.5 327832 1.14591e+06 -280577 -196804 -268867 288116 850970 -40952.7 538047 -82159 -297887 -142891 
-1.87993e+06 -1.42546e+06 77378.8 -1.70545e+06 1.94575e+06 -6.90842e+06 242998 3.35366e+06 3.03458e+06 -2.1503e+06 -187978 -1.95516e+06 693342 -2.09554e+06 -677585 -1.14502e+07 -691710 -9483.19 526463 362245 330505 -840753 99553.1 4.83364e+06 85954.1 93364.7 31555.7 -740142 336620 -282417 -57769.9 993832 -328002 2.49716e+06 -39681.2 8.94133e+06 520755 -1.55679e+06 -455376 -837367 215071 -99653.7 123182 73291.2 -83709.2 348019 243270 626288 -92405.3 211702 190289 -78313.7 5447 -66171.5 123354 -215725 -163443 -673800 -36329.1 256972 820933 465273 742703 -619498 -678035 2.56924e+06 637796 -4.05278e+06 -1.67972e+06 -370114 404651 409868 -893971 2.53175e+06 22076.1 5.378e+06 14423.6 -1.1317e+06 -185909 -12654.3 
597518 426336 -350397 -552472 23852.4 875138 458246 -1.92912e+06 382828 589248 474052 382640 682972 -354274 185167 -1.05523e+06 -1.63053e+06 176378 1.01505e+06 654359 -36015.4 -59131.9 326153 522956 -659021 544586 -38636.5 659524 -1.05921e+06 -161964 -150734 103167 -346090 677874 -1.11867e+06 520755 3.42063e+06 -471805 -1.29605e+06 -219782 -68414.1 93588.7 124546 -171714 154642 -120502 -182766 367359 67323.1 55805.9 -6284.95 -42979.4 -36036.8 504613 188142 154161 -68831.1 -419287 -253724 -51670.4 -374940 -457048 59986.3 174180 59076.7 -64314.6 -69165.2 1.23553e+06 -435576 -116986 -27426.5 -203026 -519761 -705512 -107852 628825 360992 256362 -312205 -620820 
1.04599e+06 3556.78 -577069 2.08831e+06 -56481.3 2.3835e+06 -1.05315e+06 -3.84595e+06 -545234 -146944 95643.5 3.23829e+06 -857370 -3.15903e+06 -372581 4.12226e+06 273207 -3.08739e+06 -262764 2.30569e+06 -180842 -96226.1 49246.9 -627340 113114 423784 -115521 -1.57501e+06 102501 -522991 -59852.8 -1.76714e+06 422686 715146 563148 -1.55679e+06 -471805 6.94206e+06 298015 124533 -77367.6 24510.7 104036 -368138 -16098.9 -121099 -18625.9 410123 -149236 -575310 57968.2 -322527 42447.4 116162 16669.2 432624 -175334 59369.9 105157 -367962 -581160 376360 -9178.3 -997247 236802 -1.36892e+06 -83386 4.60749e+06 778776 82245.7 165673 -1.32933e+06 526256 2.0343e+06 198856 -3.27169e+06 275593 3.72675e+06 -64085.4 -2.132e+06 
-263084 -361110 786706 -713571 387625 -759688 -541405 1.78431e+06 -107456 -47913.5 582005 158603 408457 -452890 633201 2333.27 453497 251580 -3.27923e+06 324120 17101 208019 -172093 -298720 -163580 203023 3488.58 -748353 -559870 376723 -921172 -159642 -873929 -425074 -829875 -455376 -1.29605e+06 298015 3.87813e+06 56025 1286.65 -13155.2 -168382 29496.5 66526.3 334569 -77574.4 -218062 -166380 95430.2 -73655.6 16934.1 10956.4 -369605 -56834 -44637.8 29364.4 3585 316683 -225535 119299 -311689 -104669 651204 -457430 580311 254924 -1.07406e+06 118048 9127.67 -608345 -124709 263356 -96725.7 -380353 -29576.5 -1313.34 -82996.6 1.67604e+06 -62076.4 
967456 843169 -1.31889e+06 150137 -553074 -1.56459e+06 -911728 -1.11897e+07 -715132 -3.33625e+06 -1.09867e+06 -7.16062e+06 -1.1592e+06 4.5779e+06 274292 4.28036e+06 519746 1.22314e+06 -87173.6 -2.60053e+07 -27990.6 -84533.4 165456 1.24122e+06 162999 -944515 -31688.2 2.30391e+06 463251 -496194 53235 1.57884e+06 426450 -3.909e+06 -82040.2 -837367 -219782 124533 56025 1.02612e+07 -82904.5 -208098 202447 -826078 228457 130840 112691 190770 434061 -523642 719594 994401 -166029 315983 29699.3 -911410 96834.9 910504 181693 809929 -548809 -283050 821263 404903 162695 -974875 654411 6.38986e+06 1.06239e+06 1.00193e+06 411898 4.17921e+06 817808 -1.0182e+06 -601339 -1.48651e+06 -259957 -332979 -294990 1.40709e+07 
-2.78507e+06 -496202 -160034 -50653.2 -228948 180187 429331 1.073e+06 224559 6990.58 -420388 153918 8477.35 1564.88 357191 -291065 270381 -44536.5 -83433.9 137067 575392 130366 66526 44050.5 -81400.8 -143799 -188888 -267500 75288.8 -23911.9 -35715.9 116727 156112 -226880 -17757.4 215071 -68414.1 -77367.6 1286.65 -82904.5 1.29644e+06 -52436.5 170287 135178 -87503.9 -100610 89965 -106170 -136528 -164266 -220455 -44644.9 16431.7 -27705.9 -5219.15 -46707.5 -45208.2 6444.52 -104792 14297.1 1.31861e+06 337641 174573 -110125 104679 27901.3 846.954 -583648 -223332 -49119.6 18247.1 -307995 -55221.6 106249 -203810 332765 -142927 -118966 5321.74 -160705 
165473 -2.24046e+06 -340373 -411841 92345.3 -2.24423e+06 424999 -62517.7 559416 329727 -612108 -881061 258015 -371032 241193 -162514 -278994 258624 371193 416298 -220944 -502290 -129863 -119038 34061.6 384785 192922 -646323 -61489.7 -152849 -86629.1 67561.9 203515 723248 -31162.7 -99653.7 93588.7 24510.7 -13155.2 -208098 -52436.5 2.01546e+06 76524 511983 114366 -217909 -18552.7 -795848 -76458.2 151980 108636 -680995 -95770.2 -85596.1 -64138.9 -122331 90816.1 101673 -170476 -253366 27017.4 1.11891e+06 85678.5 -131688 -245619 1.26979e+06 117059 177726 -288749 -209211 283893 637015 -64668.7 353841 -57225.4 -196958 157526 -292843 -147026 -108303 
-373211 -119271 -1.92416e+06 -824448 -366116 -310546 20955 1.2965e+06 575241 -206268 526975 342348 -173800 2083.09 -96891.1 -404196 307080 76572.7 -85009.2 -487820 22866.9 -289074 305753 263826 72246.5 -23099.4 26362.7 -510254 132769 203947 68351.9 61477.3 -35279.6 89776.4 -157050 123182 124546 104036 -168382 202447 170287 76524 2.6727e+06 37050.8 -200017 84598.9 93832.8 -190412 -374743 60204.7 -41687 104426 -27561.3 32853.9 -168298 57167.2 31064.1 -282860 -4874.79 -60428.7 50991.7 157167 1.10575e+06 396432 247141 133152 234852 -1.08158e+06 -483823 -2128.04 164034 -131327 -178685 253592 28140.7 -81434.3 -341749 478739 175384 178492 
-890522 -680056 366815 -1.58062e+06 -15142 -508757 652670 7.62087e+06 711460 -425065 -240219 2.14838e+06 358106 1.20778e+06 301841 384978 67131.3 -483538 146689 2.89793e+06 -51976.2 -314162 -161834 451821 -23316.5 -272136 32499.4 -2.41909e+06 -109762 -665909 13940.3 -429219 210187 -219129 -262663 73291.2 -171714 -368138 29496.5 -826078 135178 511983 37050.8 4.04138e+06 19457.1 -1.74743e+06 -54898.2 -450767 -101721 -353966 31162 -799792 8618.72 -645015 -31206.7 -632103 32609.3 -617326 -227973 310142 224265 103910 2912.42 307366 386587 1.31406e+06 -146780 -4.51396e+06 -414090 -260678 95838.8 -2.63623e+06 -376385 7628.87 178662 -264907 -194167 -555060 -82867.1 -1.74873e+06 
255240 34061.7 -493055 41961.7 -3.78595e+06 -836533 252101 235864 -760251 -716543 19182 1.30206e+06 -290778 -332782 -97522.6 -27677.3 -391137 119764 257373 -424633 -67912.3 -216905 281477 -70141.9 239208 346042 251464 -154451 -422050 -141689 93855.6 -91432.8 101671 171170 -50311.9 -83709.2 154642 -16098.9 66526.3 228457 -87503.9 114366 -200017 19457.1 3.54423e+06 52663.6 -463566 -95762.6 257270 68846.3 122111 -330063 -552686 -88015.7 249878 102634 -232613 84492.1 -394492 -51418.6 -96863.4 -114360 4114.98 -111662 1.52e+06 557562 326010 -76294.1 732877 79579.5 -216347 -678283 -131780 2324.17 27006.6 115124 657163 -119535 -353381 352193 
478450 235591 -711726 -1.38202e+06 -852698 -5.09054e+06 -334281 8038.14 -1.77713e+06 -1.35436e+06 490301 -2.11424e+06 -115032 -1.56675e+06 210825 -1.39537e+06 64278.9 753673 -406614 -1.05536e+06 -19531.3 57114.9 168795 1.29641e+06 165684 687361 410502 -48664.8 219573 866583 -510534 360300 -136764 8237.89 243844 348019 -120502 -121099 334569 130840 -100610 -217909 84598.9 -1.74743e+06 52663.6 5.38147e+06 352090 -574866 -180424 1.4534e+06 -220966 678545 -133092 -973027 107144 545856 128706 -815333 245944 -123413 -202540 -419355 437367 729785 517953 1.89206e+06 36692.3 -524086 495486 932705 326753 339474 -75890.3 658294 -137906 698362 119780 584522 -28118.2 1.06964e+06 
-341535 49672.8 746359 -6276.75 -553307 -1.48353e+06 -4.11062e+06 -92820.7 329561 119607 -410612 -314680 61931 -270341 -1.05614e+06 -161204 256403 293025 34134.9 -203439 32072.9 178008 4188.34 451055 226515 269412 455676 -178451 -91962.6 109607 -117419 113067 -62679.1 -135013 439065 243270 -182766 -18625.9 -77574.4 112691 89965 -18552.7 93832.8 -54898.2 -463566 352090 3.19615e+06 125295 220911 414543 -285825 103804 -792700 -24805.9 -387696 -74361.8 168465 -310016 -209319 -210246 125815 265071 -257435 114081 287458 711812 1.84213e+06 -303778 343958 52270.7 -398084 876134 43967.6 100738 373722 121184 93959 195863 48952.6 8634.4 
-30033.2 -135566 904710 -577535 -696207 4.87496e+06 -1.18401e+06 -1.01297e+07 -2.12567e+06 863502 905382 -1.13092e+06 -136686 -1.00073e+06 1.01344e+06 -1.30024e+06 -787612 1.01123e+06 444982 -640967 -19506 1.03244e+06 -164224 815989 210022 -1830.11 -378967 2.43912e+06 -274969 -386558 282574 189867 348790 410109 -109084 626288 367359 410123 -218062 190770 -106170 -795848 -190412 -450767 -95762.6 -574866 125295 4.82101e+06 -44115.2 -463382 -94682 -1.27237e+06 -11467.7 1.22608e+06 -16548.7 -23268.3 -93926.6 -935155 55633.1 384670 -166229 -382952 174894 791555 -500069 -3.59693e+06 -565995 5.39148e+06 351002 22762.8 -399992 2.52902e+06 412190 -3654.01 -824924 895928 657414 -831484 -1039.48 455839 
896.593 -110422 70794.3 212670 501526 -307239 656378 -234703 -1.88701e+06 -21463.2 586897 254130 -75235.4 325070 -111435 96976.6 -385285 288007 759822 -1.41815e+06 14659.5 -60099.7 63596.2 -175352 -280260 -24825.3 -17538.9 -7048.84 138545 77847.6 -299498 -47230.5 105265 17834 204519 -92405.3 67323.1 -149236 -166380 434061 -136528 -76458.2 -374743 -101721 257270 -180424 220911 -44115.2 2.14041e+06 -129408 7282.48 -124912 -79834.7 160349 -427591 -12327.7 -470161 161934 -233385 -18203 94518.3 36142.3 27638.9 17592 -627228 249228 89597.2 523082 997502 197109 -298064 -526811 -81943 -343808 98057.5 53681.2 195176 -122516 -232917 962148 
81689.5 1.1137e+06 176161 -1.04621e+06 320795 -2.48383e+06 366770 1.798e+06 -886318 -1.25547e+06 -95396.4 -3.17385e+06 -116790 -891511 969121 -2.10982e+06 -222798 -128685 -544109 824135 67296.9 -711775 95993.1 1.0631e+06 8259.25 1.16189e+06 214225 6449.45 138945 2.0137e+06 -245856 421012 -170841 145312 -172345 211702 55805.9 -575310 95430.2 -523642 -164266 151980 60204.7 -353966 68846.3 1.4534e+06 414543 -463382 -129408 3.37656e+06 101713 1.13772e+06 -104576 760238 68249.2 858160 100609 -469324 -31765 -1.83364e+06 -240970 -776386 -84027 534085 -279993 187501 -298535 -2.46712e+06 -14166.1 120272 619806 2.3082e+06 248828 1.63549e+06 -410556 809008 390586 322007 -8712.81 431972 
-50409.7 -261467 16782.3 338761 -887668 454955 588603 -815300 -775901 535503 -1.51804e+06 1.93978e+06 -456187 -111516 401478 248624 108721 -383023 893338 -2.58708e+06 156153 73520.2 71624.8 -183487 87068.4 -72924.3 40763.6 245470 140199 -393157 414395 -458774 -114123 -210624 -146044 190289 -6284.95 57968.2 -73655.6 719594 -220455 108636 -41687 31162 122111 -220966 -285825 -94682 7282.48 101713 3.14138e+06 -312382 -428995 97263.9 -762129 35624.4 -356938 297830 -380815 75571.2 191453 -41411.2 84819.6 -239866 399909 -247906 -332700 501595 844797 -338393 100486 -839376 391011 -67248.8 -127186 -492598 338761 302299 -644231 1.6461e+06 
-31746.3 2.77384e+06 -908211 -456593 445229 -177018 274626 -2.47376e+06 -9502.51 -1.14149e+06 302350 -8.31648e+06 156079 964196 -45699.8 528472 252749 -111775 -402984 -2.74977e+06 168234 377271 491059 1.27909e+06 37267.5 -200842 130893 1.83813e+06 -5249.91 905804 61501.2 1.19636e+06 -333395 -1.0076e+06 80788.5 -78313.7 -42979.4 -322527 16934.1 994401 -44644.9 -680995 104426 -799792 -330063 678545 103804 -1.27237e+06 -124912 1.13772e+06 -312382 5.05464e+06 36073.6 -363889 12703.7 312490 -23418.2 -100032 330760 -648976 180374 -1.0885e+06 385812 -368897 335778 -1.27077e+06 -74757.8 53986.8 -136961 758304 -15151.3 4.16125e+06 -125176 84376 83106.1 -136502 -162362 -221907 429888 2.05331e+06 
223682 56066.3 -356403 196724 -33086.6 501590 -1.35389e+06 9141.82 978773 -145784 -133280 -158729 -2.12071e+06 88760.2 226971 -10913.1 243656 -219872 -73404.5 418334 4943.28 137695 204904 -198252 -209623 98498.3 -210833 -23776.8 -14340 -81065 26826.7 30063.3 144789 209810 -94365.4 5447 -36036.8 42447.4 10956.4 -166029 16431.7 -95770.2 -27561.3 8618.72 -552686 -133092 -792700 -11467.7 -79834.7 -104576 -428995 36073.6 2.09034e+06 160730 -353287 29762.9 -30920.5 -33775.2 -98430.4 59178.7 -175601 -157433 163464 -213557 242746 -349386 471739 119241 -652184 102091 411023 -60292.8 693038 -250172 153041 103612 -115164 -120338 -114144 -212576 
-138258 574262 245398 -3.27473e+06 651026 2.28144e+06 514931 -3.25041e+06 420105 782716 -407168 -3.34854e+06 26788.9 -289482 -84313.8 1.52666e+06 -916720 -1.31546e+06 1.22782e+06 -1.71371e+06 40602.6 -38201.3 -162975 1.44853e+06 -72057.9 1.47987e+06 -109554 1.26162e+06 11715.1 1.99216e+06 294963 698898 -151672 -219391 -45515.7 -66171.5 504613 116162 -369605 315983 -27705.9 -85596.1 32853.9 -645015 -88015.7 -973027 -24805.9 1.22608e+06 160349 760238 97263.9 -363889 160730 4.54438e+06 -183250 893983 50997.6 -360006 -87822.7 -769620 -55832 -1.57678e+06 -316812 577251 -538336 -1.55213e+06 -645233 1.63002e+06 -142395 427281 387857 2.93405e+06 344143 -471886 -128702 -1.37962e+06 623826 668712 -647824 886771 
