DESCRIPTOR_NAME Steinhardt
FILTER_TYPE element
NUMBER_OF_DIMENSION 10
CUTOFF_RADIUS 3.500000
STEINHARDT_STYLE Multi
AVE_STYLE none
STEINHARDT_MODE Full
FILTER_VALUE Au
NUMBER_OF_CLUSTER 10
WEIGHT 0.0548927
ESPERANCE 0.34148 0.150314 0.114123 0.26567 0.274568 0.571156 0.301395 0.44851 0.140919 0.152289
COVARIANCE_MATRIX
4.3663e-05 -3.63372e-05 1.52283e-06 1.80331e-05 -7.30258e-05 5.05142e-06 5.13368e-05 -1.40293e-05 0.000107458 -1.92411e-05 
-3.63372e-05 4.1239e-05 1.42916e-05 -1.98824e-05 4.99927e-05 -5.71081e-06 -3.60672e-05 1.53954e-05 -8.63984e-05 2.25078e-05 
1.52283e-06 1.42916e-05 2.80043e-05 -7.18037e-06 -2.36149e-05 -2.09195e-06 1.49584e-05 5.57992e-06 1.28186e-05 6.20318e-06 
1.80331e-05 -1.98824e-05 -7.18037e-06 1.13412e-05 -2.47309e-05 2.35309e-06 1.77965e-05 -7.53413e-06 4.34623e-05 -8.06563e-06 
-7.30258e-05 4.99927e-05 -2.36149e-05 -2.47309e-05 0.000144247 -8.44909e-06 -9.64409e-05 1.66496e-05 -0.000184992 3.35544e-05 
5.05142e-06 -5.71081e-06 -2.09195e-06 2.35309e-06 -8.44909e-06 4.03062e-06 3.01017e-06 3.14081e-07 5.92922e-06 -1.16702e-05 
5.13368e-05 -3.60672e-05 1.49584e-05 1.77965e-05 -9.64409e-05 3.01017e-06 7.18446e-05 -1.67913e-05 0.000138909 -1.40024e-05 
-1.40293e-05 1.53954e-05 5.57992e-06 -7.53413e-06 1.66496e-05 3.14081e-07 -1.67913e-05 1.15202e-05 -4.24692e-05 -3.17643e-06 
0.000107458 -8.63984e-05 1.28186e-05 4.34623e-05 -0.000184992 5.92922e-06 0.000138909 -4.24692e-05 0.000298296 -1.93039e-05 
-1.92411e-05 2.25078e-05 6.20318e-06 -8.06563e-06 3.35544e-05 -1.16702e-05 -1.40024e-05 -3.17643e-06 -1.93039e-05 7.13831e-05 
WEIGHT 0.0323326
ESPERANCE 0.387193 0.117855 0.123271 0.27776 0.208719 0.549715 0.379122 0.404786 0.265852 0.19403
COVARIANCE_MATRIX
0.000174009 -0.000160998 -3.68535e-05 5.31545e-05 -0.000251463 -8.66633e-05 0.000264853 -0.00013228 0.00025573 5.95665e-05 
-0.000160998 0.000267194 0.000195845 -0.000104341 0.00015114 2.35615e-05 -0.000157514 0.000129887 -0.000170616 -0.000116616 
-3.68535e-05 0.000195845 0.000340195 -0.000115936 -0.000109883 -9.10072e-05 0.000143726 3.67486e-05 0.000124983 -0.000373221 
5.31545e-05 -0.000104341 -0.000115936 8.21356e-05 -6.1815e-05 -2.49859e-07 -3.2396e-06 1.03532e-05 6.18145e-06 0.000131686 
-0.000251463 0.00015114 -0.000109883 -6.1815e-05 0.000638799 0.00011501 -0.00044245 6.67348e-05 -0.000364654 0.000183117 
-8.66633e-05 2.35615e-05 -9.10072e-05 -2.49859e-07 0.00011501 0.000130075 -0.000207901 7.38496e-05 -0.00021448 3.0441e-05 
0.000264853 -0.000157514 0.000143726 -3.2396e-06 -0.00044245 -0.000207901 0.000566824 -0.000236769 0.000508362 -0.00018127 
-0.00013228 0.000129887 3.67486e-05 1.03532e-05 6.67348e-05 7.38496e-05 -0.000236769 0.000239369 -0.000262743 -0.000137951 
0.00025573 -0.000170616 0.000124983 6.18145e-06 -0.000364654 -0.00021448 0.000508362 -0.000262743 0.000589657 -9.35755e-05 
5.95665e-05 -0.000116616 -0.000373221 0.000131686 0.000183117 3.0441e-05 -0.00018127 -0.000137951 -9.35755e-05 0.00117682 
WEIGHT 0.00949479
ESPERANCE 0.35991 0.148312 0.133001 0.257855 0.29171 0.514782 0.380645 0.374918 0.273584 0.250274
COVARIANCE_MATRIX
0.00355262 -0.00221989 0.00083906 0.000750121 -0.00477191 0.000156153 0.00298655 -0.000254715 0.00237376 -0.000889814 
-0.00221989 0.00183316 -5.27704e-05 -0.000619208 0.00317847 -2.69237e-05 -0.0018763 0.000355195 -0.00165882 0.000906883 
0.00083906 -5.27704e-05 0.00123261 -0.000165509 -0.000583377 0.00011441 0.000921491 7.51603e-05 0.000369085 -0.000198791 
0.000750121 -0.000619208 -0.000165509 0.000634937 -0.00133245 -8.01688e-05 0.000562759 8.28446e-05 0.000557532 -2.47678e-05 
-0.00477191 0.00317847 -0.000583377 -0.00133245 0.00840354 -5.70367e-05 -0.00412924 0.000144988 -0.00359397 0.00150928 
0.000156153 -2.69237e-05 0.00011441 -8.01688e-05 -5.70367e-05 0.000560123 -0.000273901 7.59013e-05 -0.000238376 -2.58905e-05 
0.00298655 -0.0018763 0.000921491 0.000562759 -0.00412924 -0.000273901 0.0032491 -0.000554456 0.00227647 -0.000966849 
-0.000254715 0.000355195 7.51603e-05 8.28446e-05 0.000144988 7.59013e-05 -0.000554456 0.000681254 -0.000565457 0.000169399 
0.00237376 -0.00165882 0.000369085 0.000557532 -0.00359397 -0.000238376 0.00227647 -0.000565457 0.00280162 -0.000998882 
-0.000889814 0.000906883 -0.000198791 -2.47678e-05 0.00150928 -2.58905e-05 -0.000966849 0.000169399 -0.000998882 0.00201112 
WEIGHT 0.0335246
ESPERANCE 0.305429 0.177763 0.109653 0.252144 0.348219 0.541175 0.29344 0.420507 0.160997 0.226664
COVARIANCE_MATRIX
0.000260763 -0.000195297 1.44544e-06 0.000117087 -0.000340671 0.000126666 8.71029e-05 1.00372e-05 0.000181214 -5.43772e-05 
-0.000195297 0.000354434 0.000251117 -0.000170539 1.51189e-05 -6.18963e-05 -7.69836e-07 0.000111325 -0.000228269 0.000366259 
1.44544e-06 0.000251117 0.000398024 -0.000124468 -0.000308954 2.36794e-05 0.000117917 0.000140232 3.62426e-06 0.000291901 
0.000117087 -0.000170539 -0.000124468 0.000152949 -7.99053e-05 1.37606e-05 -1.04748e-05 1.97147e-05 9.72408e-05 -7.49191e-05 
-0.000340671 1.51189e-05 -0.000308954 -7.99053e-05 0.000786729 -0.000240005 -0.000105 -0.000263949 -7.47142e-06 -0.000233667 
0.000126666 -6.18963e-05 2.36794e-05 1.37606e-05 -0.000240005 0.00017308 -8.43538e-05 0.00010292 -0.000157189 -7.56269e-05 
8.71029e-05 -7.69836e-07 0.000117917 -1.04748e-05 -0.000105 -8.43538e-05 0.000362614 -0.000183457 0.000326604 0.000169164 
1.00372e-05 0.000111325 0.000140232 1.97147e-05 -0.000263949 0.00010292 -0.000183457 0.000352396 -0.00038273 1.41147e-05 
0.000181214 -0.000228269 3.62426e-06 9.72408e-05 -7.47142e-06 -0.000157189 0.000326604 -0.00038273 0.00132218 2.97709e-05 
-5.43772e-05 0.000366259 0.000291901 -7.49191e-05 -0.000233667 -7.56269e-05 0.000169164 1.41147e-05 2.97709e-05 0.00110173 
WEIGHT 0.045958
ESPERANCE 0.347171 0.143624 0.107547 0.269719 0.283295 0.56066 0.313745 0.424837 0.192505 0.206703
COVARIANCE_MATRIX
0.000134579 -0.000119051 -2.33235e-05 5.29277e-05 -0.000197794 1.88573e-05 0.000128758 -5.12115e-05 0.000228186 1.97343e-05 
-0.000119051 0.000219707 0.000167183 -9.92956e-05 6.2656e-05 -2.34888e-05 -2.54677e-05 7.21369e-05 -0.000254736 7.08076e-05 
-2.33235e-05 0.000167183 0.000281808 -9.95479e-05 -0.000125302 -3.61e-05 0.000161754 2.91829e-05 -1.27242e-05 -6.66782e-05 
5.29277e-05 -9.92956e-05 -9.95479e-05 8.41361e-05 -4.13512e-05 5.25648e-08 -2.72673e-05 1.76101e-05 6.9952e-05 4.97236e-05 
-0.000197794 6.2656e-05 -0.000125302 -4.13512e-05 0.000459375 -4.13985e-05 -0.000245194 -8.72636e-06 -0.000224378 -9.66353e-05 
1.88573e-05 -2.34888e-05 -3.61e-05 5.25648e-08 -4.13985e-05 5.52153e-05 -3.85505e-05 -5.15093e-07 -3.52264e-05 2.4104e-05 
0.000128758 -2.54677e-05 0.000161754 -2.72673e-05 -0.000245194 -3.85505e-05 0.000329792 -9.8262e-05 0.000298925 -8.89694e-05 
-5.12115e-05 7.21369e-05 2.91829e-05 1.76101e-05 -8.72636e-06 -5.15093e-07 -9.8262e-05 0.000138799 -0.000212003 3.8155e-05 
0.000228186 -0.000254736 -1.27242e-05 6.9952e-05 -0.000224378 -3.52264e-05 0.000298925 -0.000212003 0.000735682 -0.000145405 
1.97343e-05 7.08076e-05 -6.66782e-05 4.97236e-05 -9.66353e-05 2.4104e-05 -8.89694e-05 3.8155e-05 -0.000145405 0.000691823 
WEIGHT 0.0614888
ESPERANCE 0.357554 0.13899 0.117543 0.271518 0.250043 0.565977 0.32726 0.434518 0.195328 0.174356
COVARIANCE_MATRIX
0.000105407 -0.000103349 -2.34233e-05 4.62845e-05 -0.000159061 -8.59221e-06 0.000137044 -6.06403e-05 0.00021223 -5.8266e-06 
-0.000103349 0.000163442 0.000122694 -7.45228e-05 8.51343e-05 -1.01842e-05 -8.05901e-05 7.44069e-05 -0.000170467 5.25383e-06 
-2.34233e-05 0.000122694 0.000188052 -6.21283e-05 -9.18301e-05 -3.17557e-05 7.10056e-05 3.82736e-05 3.6814e-05 -5.07386e-05 
4.62845e-05 -7.45228e-05 -6.21283e-05 4.36902e-05 -3.82633e-05 2.10637e-06 2.61292e-05 -2.38253e-05 6.66488e-05 2.39801e-05 
-0.000159061 8.51343e-05 -9.18301e-05 -3.82633e-05 0.000355288 2.66885e-05 -0.000266109 5.30223e-05 -0.000352993 4.85633e-05 
-8.59221e-06 -1.01842e-05 -3.17557e-05 2.10637e-06 2.66885e-05 2.00244e-05 -3.72275e-05 5.59761e-06 -4.70492e-05 -1.01576e-05 
0.000137044 -8.05901e-05 7.10056e-05 2.61292e-05 -0.000266109 -3.72275e-05 0.000256184 -8.17551e-05 0.000337383 -4.98698e-05 
-6.06403e-05 7.44069e-05 3.82736e-05 -2.38253e-05 5.30223e-05 5.59761e-06 -8.17551e-05 7.09668e-05 -0.000143497 -1.7346e-05 
0.00021223 -0.000170467 3.6814e-05 6.66488e-05 -0.000352993 -4.70492e-05 0.000337383 -0.000143497 0.000537593 -1.84507e-05 
-5.8266e-06 5.25383e-06 -5.07386e-05 2.39801e-05 4.85633e-05 -1.01576e-05 -4.98698e-05 -1.7346e-05 -1.84507e-05 0.000316439 
WEIGHT 0.0276981
ESPERANCE 0.351705 0.15455 0.127931 0.26305 0.272649 0.549137 0.337013 0.412027 0.225067 0.23396
COVARIANCE_MATRIX
0.000261936 -0.000255978 -9.39359e-05 9.80421e-05 -0.000265459 -5.06987e-06 0.000263514 -0.000169694 0.000403484 -6.4412e-05 
-0.000255978 0.000409887 0.00025728 -0.000142847 5.48149e-05 1.13023e-05 -0.000226047 0.000270125 -0.000449339 0.000187899 
-9.39359e-05 0.00025728 0.000442856 -0.000134827 -0.000201946 -5.30218e-05 8.98779e-05 0.00019026 -2.72384e-05 -0.000268896 
9.80421e-05 -0.000142847 -0.000134827 0.000159149 -8.44222e-05 -3.43646e-05 6.92213e-06 3.61809e-05 8.18067e-05 0.000102265 
-0.000265459 5.48149e-05 -0.000201946 -8.44222e-05 0.000744031 -6.65933e-05 -0.000227391 -0.000155562 -0.000231668 5.59395e-05 
-5.06987e-06 1.13023e-05 -5.30218e-05 -3.43646e-05 -6.65933e-05 0.000150381 -0.00013912 2.18351e-05 -0.000151245 6.36928e-05 
0.000263514 -0.000226047 8.98779e-05 6.92213e-06 -0.000227391 -0.00013912 0.000581332 -0.00029614 0.000576781 -0.000369336 
-0.000169694 0.000270125 0.00019026 3.61809e-05 -0.000155562 2.18351e-05 -0.00029614 0.000488474 -0.000476906 7.12283e-05 
0.000403484 -0.000449339 -2.72384e-05 8.18067e-05 -0.000231668 -0.000151245 0.000576781 -0.000476906 0.00124563 -0.000389791 
-6.4412e-05 0.000187899 -0.000268896 0.000102265 5.59395e-05 6.36928e-05 -0.000369336 7.12283e-05 -0.000389791 0.00128927 
WEIGHT 0.00193306
ESPERANCE 0.353479 0.0885825 0.0442183 0.218056 0.303044 0.462432 0.35172 0.438962 0.162485 0.176197
COVARIANCE_MATRIX
0.000550229 -0.00025127 -6.50295e-05 0.000251165 -0.000888367 0.000231031 -0.0002367 0.000517813 0.000320784 -0.000272673 
-0.00025127 0.000272881 4.07079e-05 -0.000114444 0.000332825 -0.000119298 0.000128813 -0.000223864 6.90488e-05 0.000313035 
-6.50295e-05 4.07079e-05 0.000232548 -6.07564e-05 0.000121576 -9.62732e-05 0.000101206 -0.00019434 0.000331304 0.000155688 
0.000251165 -0.000114444 -6.07564e-05 0.000176126 -0.000430847 8.1196e-05 -0.000100468 0.000275365 0.000108077 -0.000118302 
-0.000888367 0.000332825 0.000121576 -0.000430847 0.00154127 -0.000401046 0.000433675 -0.000967426 -0.000528733 0.000525955 
0.000231031 -0.000119298 -9.62732e-05 8.1196e-05 -0.000401046 0.000228163 -0.000274317 0.000398176 -0.000149575 -0.000383525 
-0.0002367 0.000128813 0.000101206 -0.000100468 0.000433675 -0.000274317 0.000427792 -0.000549958 0.000251622 0.000523112 
0.000517813 -0.000223864 -0.00019434 0.000275365 -0.000967426 0.000398176 -0.000549958 0.000994463 -0.00030857 -0.000863771 
0.000320784 6.90488e-05 0.000331304 0.000108077 -0.000528733 -0.000149575 0.000251622 -0.00030857 0.00185468 0.000705871 
-0.000272673 0.000313035 0.000155688 -0.000118302 0.000525955 -0.000383525 0.000523112 -0.000863771 0.000705871 0.00155876 
WEIGHT 0.0611938
ESPERANCE 0.32601 0.162811 0.112561 0.259855 0.30616 0.561999 0.290671 0.442271 0.133487 0.18475
COVARIANCE_MATRIX
0.00012794 -0.000109409 -8.2393e-06 5.95152e-05 -0.000195401 4.63132e-05 8.81276e-05 -8.54316e-06 0.000205604 -6.58173e-05 
-0.000109409 0.000177906 0.000132239 -8.88013e-05 6.43297e-05 -4.01239e-05 -2.96505e-05 4.75338e-05 -0.000174867 0.000168913 
-8.2393e-06 0.000132239 0.000204736 -6.41588e-05 -0.000147998 -5.56593e-06 7.01491e-05 6.09003e-05 1.6762e-05 0.0001449 
5.95152e-05 -8.88013e-05 -6.41588e-05 5.58399e-05 -4.7713e-05 1.77413e-05 1.33442e-05 -1.18636e-05 8.75784e-05 -5.8472e-05 
-0.000195401 6.43297e-05 -0.000147998 -4.7713e-05 0.000447997 -7.94162e-05 -0.000176177 -6.05036e-05 -0.000284265 -1.70835e-05 
4.63132e-05 -4.01239e-05 -5.56593e-06 1.77413e-05 -7.94162e-05 3.39389e-05 1.26621e-05 9.97883e-06 2.74669e-05 -4.7364e-05 
8.81276e-05 -2.96505e-05 7.01491e-05 1.33442e-05 -0.000176177 1.26621e-05 0.000135919 -1.9229e-05 0.0002071 1.82748e-05 
-8.54316e-06 4.75338e-05 6.09003e-05 -1.18636e-05 -6.05036e-05 9.97883e-06 -1.9229e-05 6.70768e-05 -8.96943e-05 2.66744e-05 
0.000205604 -0.000174867 1.6762e-05 8.75784e-05 -0.000284265 2.74669e-05 0.0002071 -8.96943e-05 0.000630483 -3.86202e-05 
-6.58173e-05 0.000168913 0.0001449 -5.8472e-05 -1.70835e-05 -4.7364e-05 1.82748e-05 2.66744e-05 -3.86202e-05 0.000405024 
WEIGHT 0.00481699
ESPERANCE 0.322063 0.180051 0.111724 0.164336 0.291689 0.468422 0.372313 0.40621 0.225994 0.232987
COVARIANCE_MATRIX
0.00133606 -0.000858652 0.000402137 0.000177604 -0.00119465 0.000110376 0.000494368 0.000153909 0.00089465 -0.000402234 
-0.000858652 0.00078029 -0.000129934 -7.00354e-05 0.000678552 -0.000235227 -9.26779e-05 -8.9298e-05 -0.000570059 0.000299736 
0.000402137 -0.000129934 0.000481683 -3.26291e-05 -0.00048741 7.72812e-05 9.36612e-05 0.00021031 4.42127e-05 -3.94242e-05 
0.000177604 -7.00354e-05 -3.26291e-05 0.000301785 -0.000224155 -0.000126533 0.000192993 2.06625e-05 0.000228354 3.63513e-05 
-0.00119465 0.000678552 -0.00048741 -0.000224155 0.00190323 -0.000226521 -0.000278189 -0.000459231 -0.000719895 0.000518462 
0.000110376 -0.000235227 7.72812e-05 -0.000126533 -0.000226521 0.000527946 -0.000622018 0.000383275 -0.000445432 -0.00013092 
0.000494368 -9.26779e-05 9.36612e-05 0.000192993 -0.000278189 -0.000622018 0.00150026 -0.000795547 0.00113588 -6.64003e-05 
0.000153909 -8.9298e-05 0.00021031 2.06625e-05 -0.000459231 0.000383275 -0.000795547 0.000916561 -0.000717214 -0.000186457 
0.00089465 -0.000570059 4.42127e-05 0.000228354 -0.000719895 -0.000445432 0.00113588 -0.000717214 0.00203114 -0.000415927 
-0.000402234 0.000299736 -3.94242e-05 3.63513e-05 0.000518462 -0.00013092 -6.64003e-05 -0.000186457 -0.000415927 0.000999495 
