DESCRIPTOR_NAME Steinhardt
FILTER_TYPE element
NUMBER_OF_DIMENSION 10
CUTOFF_RADIUS 3.500000
STEINHARDT_STYLE Multi
AVE_STYLE none
STEINHARDT_MODE Full
FILTER_VALUE Au
NUMBER_OF_CLUSTER 8
WEIGHT 0.0490295
ESPERANCE 0.268386 0.177323 0.063726 0.212204 0.220993 0.591451 0.223349 0.42686 0.133954 0.146329
COVARIANCE_MATRIX
3.72693e-05 -1.28833e-05 -2.09826e-05 7.81733e-06 -4.42316e-05 2.57469e-06 3.17013e-05 -1.27564e-05 9.82846e-05 1.16601e-05 
-1.28833e-05 8.8955e-06 4.71832e-06 -4.77134e-06 1.80203e-05 -1.8929e-06 -1.47712e-05 7.21101e-06 -2.97617e-05 -5.33265e-06 
-2.09826e-05 4.71832e-06 3.3509e-05 -2.53163e-06 1.34862e-05 -1.45547e-06 -4.2024e-06 3.80285e-06 -6.47233e-05 5.41885e-07 
7.81733e-06 -4.77134e-06 -2.53163e-06 4.40529e-06 -1.05813e-05 3.3797e-07 1.00483e-05 -4.90744e-06 1.90755e-05 7.07746e-06 
-4.42316e-05 1.80203e-05 1.34862e-05 -1.05813e-05 6.51265e-05 -6.02388e-06 -4.30015e-05 1.52893e-05 -0.000109242 -1.12457e-05 
2.57469e-06 -1.8929e-06 -1.45547e-06 3.3797e-07 -6.02388e-06 4.32796e-06 -1.74075e-06 1.14155e-06 9.2073e-07 -7.42211e-06 
3.17013e-05 -1.47712e-05 -4.2024e-06 1.00483e-05 -4.30015e-05 -1.74075e-06 4.78748e-05 -1.99748e-05 8.53296e-05 2.84425e-05 
-1.27564e-05 7.21101e-06 3.80285e-06 -4.90744e-06 1.52893e-05 1.14155e-06 -1.99748e-05 1.16135e-05 -3.52605e-05 -1.67229e-05 
9.82846e-05 -2.97617e-05 -6.47233e-05 1.90755e-05 -0.000109242 9.2073e-07 8.53296e-05 -3.52605e-05 0.000287004 4.24288e-05 
1.16601e-05 -5.33265e-06 5.41885e-07 7.07746e-06 -1.12457e-05 -7.42211e-06 2.84425e-05 -1.67229e-05 4.24288e-05 5.86459e-05 
WEIGHT 0.0305056
ESPERANCE 0.317209 0.159752 0.0589774 0.220164 0.188759 0.55897 0.318238 0.376793 0.262677 0.183996
COVARIANCE_MATRIX
0.000264725 -0.000135939 -2.81234e-05 -1.71919e-05 -0.000166724 -0.000137448 0.000412825 -0.000258063 0.000464179 -0.000152231 
-0.000135939 0.000125236 3.26857e-05 -3.57014e-05 0.0001406 4.2876e-05 -0.000203855 0.000122793 -0.000189875 9.02719e-05 
-2.81234e-05 3.26857e-05 0.000305902 1.11767e-06 -0.000118122 -3.39947e-05 6.99596e-05 3.11979e-05 -5.56426e-05 3.48799e-05 
-1.71919e-05 -3.57014e-05 1.11767e-06 8.24903e-05 -5.51599e-05 -6.31873e-08 -1.07102e-05 3.86722e-05 -0.000103962 0.000136468 
-0.000166724 0.0001406 -0.000118122 -5.51599e-05 0.000488822 -7.73316e-05 -0.000162306 6.78023e-05 -0.000153981 6.46946e-05 
-0.000137448 4.2876e-05 -3.39947e-05 -6.31873e-08 -7.73316e-05 0.000238424 -0.00037915 0.000185875 -0.000284966 -1.65301e-05 
0.000412825 -0.000203855 6.99596e-05 -1.07102e-05 -0.000162306 -0.00037915 0.000899311 -0.000481663 0.000715154 -0.000143094 
-0.000258063 0.000122793 3.11979e-05 3.86722e-05 6.78023e-05 0.000185875 -0.000481663 0.000328054 -0.000475342 7.50195e-05 
0.000464179 -0.000189875 -5.56426e-05 -0.000103962 -0.000153981 -0.000284966 0.000715154 -0.000475342 0.00102565 -0.00047777 
-0.000152231 9.02719e-05 3.48799e-05 0.000136468 6.46946e-05 -1.65301e-05 -0.000143094 7.50195e-05 -0.00047777 0.00102814 
WEIGHT 0.0337328
ESPERANCE 0.227527 0.192448 0.0984832 0.20327 0.284795 0.555819 0.254705 0.400365 0.142309 0.187196
COVARIANCE_MATRIX
0.000207498 -4.89337e-05 -0.000101441 6.85424e-05 -0.000223543 9.22031e-05 -8.01579e-05 7.47402e-05 9.08019e-05 0.000107354 
-4.89337e-05 0.00013308 -7.91586e-05 -3.77243e-05 7.68301e-05 -6.94752e-05 -4.70376e-05 9.36726e-05 -1.56756e-07 0.000155351 
-0.000101441 -7.91586e-05 0.000350969 -4.9895e-05 -6.43608e-06 -1.52721e-05 0.000232939 -0.000200154 9.23646e-05 -0.000153429 
6.85424e-05 -3.77243e-05 -4.9895e-05 6.57696e-05 -7.01606e-05 1.94278e-05 -3.31742e-05 3.21904e-05 1.88355e-05 4.73794e-05 
-0.000223543 7.68301e-05 -6.43608e-06 -7.01606e-05 0.000397506 -0.000208392 0.000163638 -0.000125378 4.81638e-05 -5.41913e-05 
9.22031e-05 -6.94752e-05 -1.52721e-05 1.94278e-05 -0.000208392 0.000200894 -0.000211245 8.44156e-05 -0.00021784 -0.000108447 
-8.01579e-05 -4.70376e-05 0.000232939 -3.31742e-05 0.000163638 -0.000211245 0.00052997 -0.000327153 0.000372061 5.53338e-06 
7.47402e-05 9.36726e-05 -0.000200154 3.21904e-05 -0.000125378 8.44156e-05 -0.000327153 0.000333943 -0.000297689 -2.37889e-05 
9.08019e-05 -1.56756e-07 9.23646e-05 1.88355e-05 4.81638e-05 -0.00021784 0.000372061 -0.000297689 0.0010387 0.000547531 
0.000107354 0.000155351 -0.000153429 4.73794e-05 -5.41913e-05 -0.000108447 5.53338e-06 -2.37889e-05 0.000547531 0.00103647 
WEIGHT 0.0313649
ESPERANCE 0.275712 0.181024 0.0774869 0.218509 0.232978 0.558582 0.275126 0.396665 0.203667 0.224508
COVARIANCE_MATRIX
0.000307132 -0.00010389 -0.000163548 4.39748e-05 -0.000317261 1.58855e-05 0.000245459 -9.25082e-05 0.000373422 -2.98111e-05 
-0.00010389 0.00018131 -8.3919e-06 -9.605e-05 0.000164361 -4.22763e-05 -0.000140597 8.05421e-05 -5.89359e-05 0.000158797 
-0.000163548 -8.3919e-06 0.000467708 -8.68152e-06 -7.56068e-05 1.963e-05 4.88855e-05 -9.77413e-06 -0.00021375 3.14742e-06 
4.39748e-05 -9.605e-05 -8.68152e-06 0.000112543 -9.70301e-05 -3.12861e-06 4.27976e-05 8.74392e-06 -2.02433e-05 1.40634e-06 
-0.000317261 0.000164361 -7.56068e-05 -9.70301e-05 0.000739004 -0.000220666 -9.87497e-05 -9.39649e-06 -0.000157448 -9.34485e-05 
1.58855e-05 -4.22763e-05 1.963e-05 -3.12861e-06 -0.000220666 0.000212483 -0.000254964 7.69617e-05 -0.000150096 2.60082e-05 
0.000245459 -0.000140597 4.88855e-05 4.27976e-05 -9.87497e-05 -0.000254964 0.00091794 -0.000388924 0.000427252 -8.61e-05 
-9.25082e-05 8.05421e-05 -9.77413e-06 8.74392e-06 -9.39649e-06 7.69617e-05 -0.000388924 0.000278883 -0.000199293 -6.24437e-05 
0.000373422 -5.89359e-05 -0.00021375 -2.02433e-05 -0.000157448 -0.000150096 0.000427252 -0.000199293 0.000948231 -0.000221395 
-2.98111e-05 0.000158797 3.14742e-06 1.40634e-06 -9.34485e-05 2.60082e-05 -8.61e-05 -6.24437e-05 -0.000221395 0.00106525 
WEIGHT 0.0614647
ESPERANCE 0.285913 0.171261 0.0602038 0.217367 0.20439 0.583606 0.254531 0.411322 0.187995 0.173101
COVARIANCE_MATRIX
0.000111789 -4.74081e-05 -5.36346e-05 1.64836e-05 -0.0001161 -1.79581e-05 0.000149868 -7.55205e-05 0.000258383 -8.81926e-06 
-4.74081e-05 4.90426e-05 6.03877e-06 -2.84776e-05 7.3345e-05 1.26902e-06 -8.52619e-05 4.47031e-05 -7.14527e-05 -1.02982e-05 
-5.36346e-05 6.03877e-06 0.000192056 1.18754e-05 -4.94934e-05 6.20979e-06 1.29901e-05 2.59087e-05 -0.000177912 5.49741e-05 
1.64836e-05 -2.84776e-05 1.18754e-05 2.83732e-05 -4.06631e-05 -3.37241e-06 4.33044e-05 -1.979e-05 2.41736e-06 4.90691e-05 
-0.0001161 7.3345e-05 -4.94934e-05 -4.06631e-05 0.000229749 -5.37542e-06 -0.000184115 7.43558e-05 -0.000190709 -4.21848e-05 
-1.79581e-05 1.26902e-06 6.20979e-06 -3.37241e-06 -5.37542e-06 2.7504e-05 -5.18465e-05 2.07172e-05 -6.74814e-05 -1.01363e-05 
0.000149868 -8.52619e-05 1.29901e-05 4.33044e-05 -0.000184115 -5.18465e-05 0.000313232 -0.000138642 0.000321015 3.15586e-05 
-7.55205e-05 4.47031e-05 2.59087e-05 -1.979e-05 7.43558e-05 2.07172e-05 -0.000138642 7.94582e-05 -0.000166045 -3.82608e-05 
0.000258383 -7.14527e-05 -0.000177912 2.41736e-06 -0.000190709 -6.74814e-05 0.000321015 -0.000166045 0.000726117 -0.000111223 
-8.81926e-06 -1.02982e-05 5.49741e-05 4.90691e-05 -4.21848e-05 -1.01363e-05 3.15586e-05 -3.82608e-05 -0.000111223 0.000409363 
WEIGHT 0.0537011
ESPERANCE 0.265903 0.181505 0.0731057 0.214438 0.235701 0.573828 0.246167 0.411681 0.165878 0.19661
COVARIANCE_MATRIX
0.00018446 -6.0777e-05 -0.000105587 3.72461e-05 -0.000199026 1.47812e-05 0.000136131 -4.724e-05 0.000300771 2.325e-05 
-6.0777e-05 9.18195e-05 -1.8661e-05 -4.72266e-05 9.57188e-05 -2.14005e-05 -0.000106372 6.78059e-05 -5.96658e-05 4.57563e-05 
-0.000105587 -1.8661e-05 0.000322138 -3.43698e-06 -4.51905e-05 1.45986e-05 7.78201e-05 -2.79502e-05 -0.000238781 -1.83469e-05 
3.72461e-05 -4.72266e-05 -3.43698e-06 4.86608e-05 -6.24637e-05 2.52193e-06 4.33779e-05 -1.51112e-05 2.28515e-05 2.45129e-05 
-0.000199026 9.57188e-05 -4.51905e-05 -6.24637e-05 0.00038818 -8.17035e-05 -0.000145249 4.18326e-05 -0.000202898 -0.000118205 
1.47812e-05 -2.14005e-05 1.45986e-05 2.52193e-06 -8.17035e-05 6.44081e-05 -6.29702e-05 3.75917e-06 -4.16302e-05 4.22311e-05 
0.000136131 -0.000106372 7.78201e-05 4.33779e-05 -0.000145249 -6.29702e-05 0.000448007 -0.000178626 0.000232535 -6.57925e-05 
-4.724e-05 6.78059e-05 -2.79502e-05 -1.51112e-05 4.18326e-05 3.75917e-06 -0.000178626 0.000127764 -8.40757e-05 -2.30603e-05 
0.000300771 -5.96658e-05 -0.000238781 2.28515e-05 -0.000202898 -4.16302e-05 0.000232535 -8.40757e-05 0.00073821 -9.44935e-05 
2.325e-05 4.57563e-05 -1.83469e-05 2.45129e-05 -0.000118205 4.22311e-05 -6.57925e-05 -2.30603e-05 -9.44935e-05 0.000665288 
WEIGHT 0.0107773
ESPERANCE 0.273643 0.179404 0.0939556 0.189557 0.278466 0.500657 0.34137 0.368461 0.227178 0.227448
COVARIANCE_MATRIX
0.00310589 -0.00111937 -0.00067141 0.000724639 -0.00181674 5.8525e-05 0.00132828 -0.000188882 0.00200789 -9.06693e-05 
-0.00111937 0.000653744 0.000144234 -0.00018586 0.000627893 7.68351e-06 -0.000628543 0.000233685 -0.000705057 0.000282849 
-0.00067141 0.000144234 0.00108994 0.000405808 0.00105809 0.000230768 -0.000136383 -0.000273881 -0.000279492 0.000204061 
0.000724639 -0.00018586 0.000405808 0.00222001 0.00051809 0.000700591 0.000132164 -0.000498798 0.00128705 0.000604563 
-0.00181674 0.000627893 0.00105809 0.00051809 0.00355695 -5.22143e-05 -0.000633395 -0.000290766 -0.00109802 0.000454939 
5.8525e-05 7.68351e-06 0.000230768 0.000700591 -5.22143e-05 0.000885082 -0.000765607 0.000155263 4.75338e-05 0.000106341 
0.00132828 -0.000628543 -0.000136383 0.000132164 -0.000633395 -0.000765607 0.00212975 -0.00107623 0.00148754 -0.000210227 
-0.000188882 0.000233685 -0.000273881 -0.000498798 -0.000290766 0.000155263 -0.00107623 0.00124604 -0.00117891 -0.000107454 
0.00200789 -0.000705057 -0.000279492 0.00128705 -0.00109802 4.75338e-05 0.00148754 -0.00117891 0.00314587 8.79109e-06 
-9.06693e-05 0.000282849 0.000204061 0.000604563 0.000454939 0.000106341 -0.000210227 -0.000107454 8.79109e-06 0.0015871 
WEIGHT 0.0627575
ESPERANCE 0.256115 0.182752 0.0736478 0.210538 0.240746 0.582672 0.226168 0.422473 0.122885 0.167906
COVARIANCE_MATRIX
0.000116692 -3.66643e-05 -7.50132e-05 3.13034e-05 -0.000146504 3.48045e-05 2.11409e-05 -5.8402e-07 0.000217985 5.72721e-05 
-3.66643e-05 4.15257e-05 -1.15677e-06 -2.16787e-05 5.84034e-05 -1.9404e-05 -3.68919e-05 2.76159e-05 -4.82305e-05 4.51434e-06 
-7.50132e-05 -1.15677e-06 0.000165328 -1.31483e-05 2.88113e-05 -1.3121e-05 6.62162e-05 -3.18405e-05 -0.000170611 -3.21985e-05 
3.13034e-05 -2.16787e-05 -1.31483e-05 2.00026e-05 -4.34954e-05 9.03594e-06 1.65621e-05 -9.08967e-06 5.10431e-05 2.53836e-05 
-0.000146504 5.84034e-05 2.88113e-05 -4.34954e-05 0.000242029 -6.25661e-05 -4.61928e-05 4.10208e-06 -0.000224689 -8.02928e-05 
3.48045e-05 -1.9404e-05 -1.3121e-05 9.03594e-06 -6.25661e-05 2.9925e-05 -9.60397e-06 9.96752e-07 2.89531e-05 4.3688e-06 
2.11409e-05 -3.68919e-05 6.62162e-05 1.65621e-05 -4.61928e-05 -9.60397e-06 0.000128588 -5.98274e-05 5.47787e-05 9.17641e-06 
-5.8402e-07 2.76159e-05 -3.18405e-05 -9.08967e-06 4.10208e-06 9.96752e-07 -5.98274e-05 5.09593e-05 -1.33758e-05 -2.18897e-05 
0.000217985 -4.82305e-05 -0.000170611 5.10431e-05 -0.000224689 2.89531e-05 5.47787e-05 -1.33758e-05 0.000559684 0.000146817 
5.72721e-05 4.51434e-06 -3.21985e-05 2.53836e-05 -8.02928e-05 4.3688e-06 9.17641e-06 -2.18897e-05 0.000146817 0.00033321 
