DESCRIPTOR_NAME Steinhardt
FILTER_TYPE element
NUMBER_OF_DIMENSION 10
CUTOFF_RADIUS 3.500000
STEINHARDT_STYLE Multi
AVE_STYLE none
STEINHARDT_MODE Full
FILTER_VALUE Au
NUMBER_OF_CLUSTER 10
WEIGHT 0.0532333
ESPERANCE 0.0574229 0.0376284 0.04207 0.189219 0.123213 0.532105 0.193248 0.360473 0.159553 0.139623
COVARIANCE_MATRIX
3.89137e-05 -1.24236e-05 -3.61977e-06 -5.63114e-06 4.08386e-05 -2.44235e-05 7.46071e-05 -2.91026e-05 4.33393e-05 -1.99985e-05 
-1.24236e-05 0.00014276 -4.02774e-06 2.06767e-06 -1.85191e-05 -4.32888e-06 -3.94309e-05 1.33436e-05 -2.48459e-05 0.000209518 
-3.61977e-06 -4.02774e-06 0.000140369 -3.72051e-05 -2.24091e-05 1.58595e-05 -4.23775e-06 -3.56641e-05 8.93886e-05 -2.14328e-05 
-5.63114e-06 2.06767e-06 -3.72051e-05 3.9017e-05 -5.54718e-06 -2.0801e-05 -5.87155e-06 3.52297e-05 -2.08552e-05 2.63306e-05 
4.08386e-05 -1.85191e-05 -2.24091e-05 -5.54718e-06 0.000127217 -5.29515e-05 9.90733e-05 -3.04199e-05 3.19405e-05 -5.53854e-05 
-2.44235e-05 -4.32888e-06 1.58595e-05 -2.0801e-05 -5.29515e-05 4.91221e-05 -7.20894e-05 6.99641e-07 -2.81466e-05 -7.563e-06 
7.46071e-05 -3.94309e-05 -4.23775e-06 -5.87155e-06 9.90733e-05 -7.20894e-05 0.000238273 -7.8404e-05 8.87644e-05 -4.93574e-05 
-2.91026e-05 1.33436e-05 -3.56641e-05 3.52297e-05 -3.04199e-05 6.99641e-07 -7.8404e-05 7.46977e-05 -7.66618e-05 -8.17256e-06 
4.33393e-05 -2.48459e-05 8.93886e-05 -2.08552e-05 3.19405e-05 -2.81466e-05 8.87644e-05 -7.66618e-05 0.000288666 -3.12934e-05 
-1.99985e-05 0.000209518 -2.14328e-05 2.63306e-05 -5.53854e-05 -7.563e-06 -4.93574e-05 -8.17256e-06 -3.12934e-05 0.000558808 
WEIGHT 0.0272858
ESPERANCE 0.0937799 0.0462867 0.0564862 0.182273 0.176294 0.485353 0.278979 0.317126 0.217869 0.176015
COVARIANCE_MATRIX
0.000129333 -3.01996e-05 6.07478e-06 -2.57335e-05 0.000158104 -0.00015413 0.000232773 -0.000148694 0.00013807 8.73075e-05 
-3.01996e-05 0.000254923 9.34911e-06 -1.9053e-05 -3.98596e-05 1.73936e-05 -9.44355e-05 5.06997e-05 -1.48746e-05 0.00016658 
6.07478e-06 9.34911e-06 0.000195148 -8.24583e-05 -1.81374e-05 2.49265e-05 6.16845e-07 -5.92824e-05 5.83959e-05 1.73008e-05 
-2.57335e-05 -1.9053e-05 -8.24583e-05 0.000112143 -5.39713e-05 -3.22549e-05 -6.72335e-07 8.79593e-05 -3.84839e-05 -1.97432e-05 
0.000158104 -3.98596e-05 -1.81374e-05 -5.39713e-05 0.000334032 -0.000222201 0.000239119 -0.000149363 8.96237e-05 8.95099e-05 
-0.00015413 1.73936e-05 2.49265e-05 -3.22549e-05 -0.000222201 0.000266735 -0.000323271 0.000124815 -0.000136194 -0.00011517 
0.000232773 -9.44355e-05 6.16845e-07 -6.72335e-07 0.000239119 -0.000323271 0.000584816 -0.000321227 0.000248251 0.000120467 
-0.000148694 5.06997e-05 -5.92824e-05 8.79593e-05 -0.000149363 0.000124815 -0.000321227 0.000335433 -0.000283091 -0.000123911 
0.00013807 -1.48746e-05 5.83959e-05 -3.84839e-05 8.96237e-05 -0.000136194 0.000248251 -0.000283091 0.000604017 4.15957e-06 
8.73075e-05 0.00016658 1.73008e-05 -1.97432e-05 8.95099e-05 -0.00011517 0.000120467 -0.000123911 4.15957e-06 0.000682975 
WEIGHT 0.0475723
ESPERANCE 0.0246433 0.0386755 0.036783 0.193298 0.0750072 0.555437 0.109708 0.386308 0.111653 0.14041
COVARIANCE_MATRIX
5.96673e-05 -7.75872e-06 1.80885e-06 -3.61928e-06 4.68165e-05 -1.69084e-05 9.8596e-05 -1.82066e-05 5.31615e-05 -3.01475e-05 
-7.75872e-06 0.000185714 -3.31676e-06 -1.72756e-06 -2.27586e-05 -1.38716e-05 -2.90946e-05 -1.20782e-05 -1.63525e-05 0.000405232 
1.80885e-06 -3.31676e-06 0.000118676 -1.02904e-05 2.11515e-05 -1.39684e-05 2.74932e-05 -2.5653e-05 0.000180821 -1.82172e-05 
-3.61928e-06 -1.72756e-06 -1.02904e-05 2.65841e-05 -7.22237e-06 -1.60109e-05 -8.66391e-06 2.5583e-05 -1.58014e-05 1.51262e-05 
4.68165e-05 -2.27586e-05 2.11515e-05 -7.22237e-06 0.000161952 -4.32707e-05 0.000193819 -4.1258e-05 0.000135293 -8.50167e-05 
-1.69084e-05 -1.38716e-05 -1.39684e-05 -1.60109e-05 -4.32707e-05 3.25723e-05 -6.5881e-05 -2.36474e-06 -5.41264e-05 -2.63283e-05 
9.8596e-05 -2.90946e-05 2.74932e-05 -8.66391e-06 0.000193819 -6.5881e-05 0.000359649 -6.46518e-05 0.000175196 -0.000104151 
-1.82066e-05 -1.20782e-05 -2.5653e-05 2.5583e-05 -4.1258e-05 -2.36474e-06 -6.46518e-05 4.78671e-05 -6.56391e-05 -3.86184e-05 
5.31615e-05 -1.63525e-05 0.000180821 -1.58014e-05 0.000135293 -5.41264e-05 0.000175196 -6.56391e-05 0.000408806 -7.20697e-05 
-3.01475e-05 0.000405232 -1.82172e-05 1.51262e-05 -8.50167e-05 -2.63283e-05 -0.000104151 -3.86184e-05 -7.20697e-05 0.00109437 
WEIGHT 0.0108011
ESPERANCE 0.0514536 0.0738852 0.0999302 0.211421 0.222902 0.510125 0.249859 0.330708 0.177959 0.187714
COVARIANCE_MATRIX
0.000474369 -6.95414e-06 -3.70929e-05 0.000124983 -0.000431281 0.000155952 -0.000290344 0.000153265 6.88906e-05 0.000403324 
-6.95414e-06 0.000332482 4.57764e-05 -0.000113182 -2.03627e-05 -1.7884e-05 2.64684e-05 2.72097e-05 0.000196179 -8.45802e-06 
-3.70929e-05 4.57764e-05 0.000237028 -8.37613e-05 -1.59806e-05 -7.56304e-05 0.000199115 -6.47381e-05 0.000190186 -7.82115e-05 
0.000124983 -0.000113182 -8.37613e-05 0.000204504 -0.000307574 0.000144745 -0.000351364 0.00023948 -0.000194425 0.000216147 
-0.000431281 -2.03627e-05 -1.59806e-05 -0.000307574 0.00142052 -0.000832377 0.0014561 -0.000818616 0.000481068 -0.000435043 
0.000155952 -1.7884e-05 -7.56304e-05 0.000144745 -0.000832377 0.000655089 -0.00110492 0.000518143 -0.000462651 0.000144169 
-0.000290344 2.64684e-05 0.000199115 -0.000351364 0.0014561 -0.00110492 0.00219527 -0.00111978 0.00082149 -0.000292492 
0.000153265 2.72097e-05 -6.47381e-05 0.00023948 -0.000818616 0.000518143 -0.00111978 0.000755314 -0.000473846 1.10593e-05 
6.88906e-05 0.000196179 0.000190186 -0.000194425 0.000481068 -0.000462651 0.00082149 -0.000473846 0.0010535 -3.52775e-05 
0.000403324 -8.45802e-06 -7.82115e-05 0.000216147 -0.000435043 0.000144169 -0.000292492 1.10593e-05 -3.52775e-05 0.00137539 
WEIGHT 0.0125204
ESPERANCE 0.0468799 0.0517969 0.0561392 0.114972 0.165175 0.461832 0.2687 0.354085 0.169786 0.152734
COVARIANCE_MATRIX
0.000359123 -6.75539e-05 2.98347e-05 2.36432e-05 -1.27777e-05 -2.30267e-05 -0.000123737 4.18373e-05 0.000118214 2.84989e-06 
-6.75539e-05 0.000264399 -5.34421e-05 5.87734e-05 5.64105e-05 -0.000153187 0.00028368 -0.000119291 9.52945e-05 8.21408e-05 
2.98347e-05 -5.34421e-05 0.000174934 1.28576e-05 -0.000109091 4.93636e-05 -0.000142959 0.000104875 -0.000113086 7.82681e-05 
2.36432e-05 5.87734e-05 1.28576e-05 9.91557e-05 -0.000101108 9.0755e-06 -9.39013e-05 0.000105188 -5.55261e-05 -1.02564e-05 
-1.27777e-05 5.64105e-05 -0.000109091 -0.000101108 0.000562098 -0.000449626 0.000938574 -0.000556284 0.000525883 7.87337e-05 
-2.30267e-05 -0.000153187 4.93636e-05 9.0755e-06 -0.000449626 0.000492475 -0.000971934 0.000513501 -0.00048977 -0.000115334 
-0.000123737 0.00028368 -0.000142959 -9.39013e-05 0.000938574 -0.000971934 0.00223817 -0.00121213 0.00103013 0.00016744 
4.18373e-05 -0.000119291 0.000104875 0.000105188 -0.000556284 0.000513501 -0.00121213 0.000774718 -0.000687545 -0.00018352 
0.000118214 9.52945e-05 -0.000113086 -5.55261e-05 0.000525883 -0.00048977 0.00103013 -0.000687545 0.000928852 7.71749e-05 
2.84989e-06 8.21408e-05 7.82681e-05 -1.02564e-05 7.87337e-05 -0.000115334 0.00016744 -0.00018352 7.71749e-05 0.000605755 
WEIGHT 0.0421539
ESPERANCE 0.0747236 0.0386276 0.0478795 0.185802 0.149439 0.513387 0.234918 0.340854 0.186411 0.151664
COVARIANCE_MATRIX
5.11594e-05 -4.75035e-06 -2.34951e-06 -7.5893e-06 6.10878e-05 -5.00978e-05 0.000108077 -5.37016e-05 6.39756e-05 1.59035e-05 
-4.75035e-06 0.000150942 1.08759e-06 -2.55386e-06 4.51845e-07 -1.09542e-05 -3.12163e-05 1.62657e-05 -1.15696e-05 0.000143367 
-2.34951e-06 1.08759e-06 0.000157051 -5.67413e-05 -2.62794e-05 2.92409e-05 -9.9948e-06 -4.7807e-05 6.12653e-05 1.1137e-05 
-7.5893e-06 -2.55386e-06 -5.67413e-05 5.73676e-05 -9.81872e-06 -2.78003e-05 -1.95259e-06 4.81023e-05 -2.21752e-05 9.2916e-06 
6.10878e-05 4.51845e-07 -2.62794e-05 -9.81872e-06 0.000158792 -8.96051e-05 0.000123014 -4.65229e-05 3.25072e-05 -4.68673e-06 
-5.00978e-05 -1.09542e-05 2.92409e-05 -2.78003e-05 -8.96051e-05 9.40761e-05 -0.000129975 2.24672e-05 -4.70681e-05 -2.93809e-05 
0.000108077 -3.12163e-05 -9.9948e-06 -1.95259e-06 0.000123014 -0.000129975 0.000321271 -0.000139533 0.000132622 2.96148e-05 
-5.37016e-05 1.62657e-05 -4.7807e-05 4.81023e-05 -4.65229e-05 2.24672e-05 -0.000139533 0.00013775 -0.000136194 -5.43753e-05 
6.39756e-05 -1.15696e-05 6.12653e-05 -2.21752e-05 3.25072e-05 -4.70681e-05 0.000132622 -0.000136194 0.000368073 2.75653e-05 
1.59035e-05 0.000143367 1.1137e-05 9.2916e-06 -4.68673e-06 -2.93809e-05 2.96148e-05 -5.43753e-05 2.75653e-05 0.00047413 
WEIGHT 0.0364775
ESPERANCE 0.0594196 0.0537134 0.0529369 0.188003 0.132293 0.522187 0.207154 0.351716 0.178823 0.172716
COVARIANCE_MATRIX
8.99674e-05 3.37081e-05 6.00044e-06 -1.25798e-05 7.54146e-05 -6.39176e-05 0.000140948 -6.0407e-05 0.000111997 3.36055e-05 
3.37081e-05 0.000292535 -3.92928e-05 -1.99286e-05 -9.48948e-07 -4.01979e-05 1.18402e-05 2.07287e-06 1.82777e-06 0.000351308 
6.00044e-06 -3.92928e-05 0.000210789 -5.3148e-05 -1.12163e-05 3.79988e-06 1.35963e-05 -4.50202e-05 0.000139463 -8.87114e-05 
-1.25798e-05 -1.99286e-05 -5.3148e-05 0.000100499 -2.44028e-05 -5.40577e-05 -5.70396e-07 8.78793e-05 -3.55795e-05 5.20823e-07 
7.54146e-05 -9.48948e-07 -1.12163e-05 -2.44028e-05 0.000246781 -0.000107481 0.000161477 -7.0319e-05 9.72806e-05 -4.63328e-05 
-6.39176e-05 -4.01979e-05 3.79988e-06 -5.40577e-05 -0.000107481 0.00013689 -0.000175889 -7.08098e-06 -9.13611e-05 -2.25739e-05 
0.000140948 1.18402e-05 1.35963e-05 -5.70396e-07 0.000161477 -0.000175889 0.000490843 -0.000155541 0.000170859 -1.44776e-05 
-6.0407e-05 2.07287e-06 -4.50202e-05 8.78793e-05 -7.0319e-05 -7.08098e-06 -0.000155541 0.000186969 -0.000149307 -5.06984e-05 
0.000111997 1.82777e-06 0.000139463 -3.55795e-05 9.72806e-05 -9.13611e-05 0.000170859 -0.000149307 0.000584038 -6.54386e-05 
3.36055e-05 0.000351308 -8.87114e-05 5.20823e-07 -4.63328e-05 -2.25739e-05 -1.44776e-05 -5.06984e-05 -6.54386e-05 0.000796892 
WEIGHT 0.0544466
ESPERANCE 0.0418764 0.0339965 0.0397639 0.191459 0.100231 0.545433 0.154221 0.374489 0.136158 0.131974
COVARIANCE_MATRIX
4.6405e-05 -3.41023e-06 1.56926e-07 -4.4461e-06 3.72897e-05 -2.04634e-05 7.7639e-05 -2.24471e-05 4.65233e-05 -1.35545e-05 
-3.41023e-06 0.000104904 -3.05423e-06 5.1702e-06 -1.5703e-05 -7.02683e-06 -2.31924e-05 6.53426e-06 -9.19721e-06 0.000179723 
1.56926e-07 -3.05423e-06 0.000137978 -2.53315e-05 -2.70449e-06 -5.51536e-07 7.48734e-06 -3.75591e-05 0.0001463 -1.54772e-06 
-4.4461e-06 5.1702e-06 -2.53315e-05 2.96755e-05 -6.75274e-06 -1.60923e-05 -8.95448e-06 2.8418e-05 -2.19162e-05 2.93961e-05 
3.72897e-05 -1.5703e-05 -2.70449e-06 -6.75274e-06 0.000124055 -4.4124e-05 0.000122602 -3.41382e-05 6.17965e-05 -5.50491e-05 
-2.04634e-05 -7.02683e-06 -5.51536e-07 -1.60923e-05 -4.4124e-05 3.70961e-05 -6.3871e-05 3.5651e-07 -3.96447e-05 -1.28719e-05 
7.7639e-05 -2.31924e-05 7.48734e-06 -8.95448e-06 0.000122602 -6.3871e-05 0.000250596 -6.61031e-05 0.000104815 -5.03894e-05 
-2.24471e-05 6.53426e-06 -3.75591e-05 2.8418e-05 -3.41382e-05 3.5651e-07 -6.61031e-05 5.59076e-05 -7.00746e-05 -1.17961e-05 
4.65233e-05 -9.19721e-06 0.0001463 -2.19162e-05 6.17965e-05 -3.96447e-05 0.000104815 -7.00746e-05 0.000312513 -1.08554e-05 
-1.35545e-05 0.000179723 -1.54772e-06 2.93961e-05 -5.50491e-05 -1.28719e-05 -5.03894e-05 -1.17961e-05 -1.08554e-05 0.000558496 
WEIGHT 0.00612279
ESPERANCE 0.0724977 0.0760045 0.0879814 0.159274 0.246142 0.434323 0.33428 0.297592 0.215565 0.200605
COVARIANCE_MATRIX
0.000939886 -0.000204053 -0.000143798 0.000262117 -0.000342569 4.00146e-05 -4.09918e-05 -7.72988e-05 0.00044541 0.000179116 
-0.000204053 0.000606442 0.000262625 2.78238e-05 0.000303239 -2.9761e-05 9.14945e-05 6.3523e-05 -3.24704e-05 0.000155279 
-0.000143798 0.000262625 0.000829784 0.000525397 0.000788208 0.000282725 -0.000127722 -2.38988e-05 -5.07556e-05 0.000254951 
0.000262117 2.78238e-05 0.000525397 0.00163362 0.000689339 0.000668331 -0.000494343 7.10441e-05 9.49917e-05 0.000394264 
-0.000342569 0.000303239 0.000788208 0.000689339 0.00235256 -0.000434735 0.000749695 -0.000677542 6.93152e-05 0.000460129 
4.00146e-05 -2.9761e-05 0.000282725 0.000668331 -0.000434735 0.00126542 -0.0012109 0.000496746 -0.000284666 -0.000134611 
-4.09918e-05 9.14945e-05 -0.000127722 -0.000494343 0.000749695 -0.0012109 0.00160801 -0.00100957 0.000526556 0.000228248 
-7.72988e-05 6.3523e-05 -2.38988e-05 7.10441e-05 -0.000677542 0.000496746 -0.00100957 0.0011635 -0.000768421 -0.000333627 
0.00044541 -3.24704e-05 -5.07556e-05 9.49917e-05 6.93152e-05 -0.000284666 0.000526556 -0.000768421 0.00133019 7.60641e-05 
0.000179116 0.000155279 0.000254951 0.000394264 0.000460129 -0.000134611 0.000228248 -0.000333627 7.60641e-05 0.00124518 
WEIGHT 0.0427195
ESPERANCE 0.0364913 0.056238 0.0441425 0.191471 0.100013 0.541883 0.15234 0.372236 0.14296 0.176529
COVARIANCE_MATRIX
0.000105225 2.0916e-05 -6.18452e-06 -7.1128e-06 5.61509e-05 -3.55839e-05 0.000123875 -3.75581e-05 9.26091e-05 2.04014e-05 
2.0916e-05 0.000229188 -2.58046e-05 -2.37564e-05 -4.49914e-05 -6.6634e-06 -3.62626e-05 -9.99274e-06 -3.1905e-05 0.000405609 
-6.18452e-06 -2.58046e-05 0.000171413 -1.86984e-05 1.08641e-05 -1.76396e-05 3.16575e-05 -2.78056e-05 0.000182826 -8.40335e-05 
-7.1128e-06 -2.37564e-05 -1.86984e-05 6.49464e-05 -1.43665e-05 -3.83349e-05 -8.51769e-06 6.34394e-05 -2.39775e-05 -1.72399e-05 
5.61509e-05 -4.49914e-05 1.08641e-05 -1.43665e-05 0.000205906 -6.34403e-05 0.000184613 -5.96023e-05 0.000137495 -0.000132532 
-3.55839e-05 -6.6634e-06 -1.76396e-05 -3.83349e-05 -6.34403e-05 7.31364e-05 -0.000112569 -1.6648e-05 -7.7796e-05 1.0771e-05 
0.000123875 -3.62626e-05 3.16575e-05 -8.51769e-06 0.000184613 -0.000112569 0.000471283 -0.000107091 0.000181225 -0.000130007 
-3.75581e-05 -9.99274e-06 -2.78056e-05 6.34394e-05 -5.96023e-05 -1.6648e-05 -0.000107091 0.000114896 -9.70546e-05 -4.39815e-05 
9.26091e-05 -3.1905e-05 0.000182826 -2.39775e-05 0.000137495 -7.7796e-05 0.000181225 -9.70546e-05 0.000521553 -0.00012198 
2.04014e-05 0.000405609 -8.40335e-05 -1.72399e-05 -0.000132532 1.0771e-05 -0.000130007 -4.39815e-05 -0.00012198 0.000962529 
