DESCRIPTOR_NAME Steinhardt
FILTER_TYPE element
NUMBER_OF_DIMENSION 20
CUTOFF_RADIUS 5.000000
STEINHARDT_STYLE Multi
AVE_STYLE none
STEINHARDT_MODE Full
FILTER_VALUE Au
NUMBER_OF_CLUSTER 15
WEIGHT 0.0217208
ESPERANCE 0.401547 0.10096 0.119928 0.0419015 0.0271496 0.0487271 0.0378184 0.146774 0.146112 0.241869 0.199979 0.344209 0.249657 0.20091 0.139758 0.263275 0.0975698 0.0965211 0.116896 0.19638
COVARIANCE_MATRIX
1.5963e-05 -1.3749e-05 2.05465e-06 -2.54322e-06 5.02088e-06 2.87717e-06 -1.72846e-06 4.31066e-07 -1.60225e-05 5.94705e-06 -1.49134e-05 -2.91635e-06 1.23148e-05 2.49985e-06 1.45262e-06 1.37965e-06 3.95076e-05 -1.69333e-05 -1.99967e-05 1.32872e-06 
-1.3749e-05 1.50623e-05 5.29198e-07 2.11818e-06 -3.38168e-06 -3.49972e-06 8.58652e-07 2.11805e-07 1.45994e-05 -6.39982e-06 9.53208e-06 3.15143e-06 -8.41831e-06 -1.58271e-06 -2.4104e-06 -1.27885e-06 -3.34461e-05 1.6705e-05 1.5596e-05 -1.41257e-06 
2.05465e-06 5.29198e-07 5.53723e-06 -9.76126e-07 2.55418e-06 -1.41355e-06 -1.70923e-06 1.25713e-06 -2.55872e-06 -7.48986e-07 -9.33523e-06 5.83078e-07 6.78755e-06 1.65483e-06 -1.80729e-06 3.43375e-07 9.54603e-06 -8.2647e-07 -7.48622e-06 1.2178e-08 
-2.54322e-06 2.11818e-06 -9.76126e-07 2.47819e-06 -1.45594e-07 4.5334e-07 6.893e-07 -2.24904e-07 2.4896e-06 -1.14524e-06 3.47199e-06 3.99022e-08 -2.28973e-06 -4.1423e-07 -5.43498e-07 -2.03565e-07 -6.07885e-06 3.62917e-06 2.67625e-06 -1.67919e-07 
5.02088e-06 -3.38168e-06 2.55418e-06 -1.45594e-07 5.74828e-06 1.07995e-06 7.21988e-07 6.1115e-07 -4.6664e-06 8.61497e-07 -9.42388e-06 -1.25313e-06 5.705e-06 1.4914e-06 2.19691e-06 3.49492e-08 1.84939e-05 -3.43766e-06 -1.02733e-05 -1.25354e-07 
2.87717e-06 -3.49972e-06 -1.41355e-06 4.5334e-07 1.07995e-06 3.56537e-06 6.36943e-07 -6.92307e-07 -2.35814e-06 1.40495e-06 -5.93536e-07 -1.16218e-06 6.51593e-07 -4.80829e-07 5.41601e-07 6.52495e-07 8.90478e-06 -3.63273e-06 -3.04975e-06 -2.17979e-08 
-1.72846e-06 8.58652e-07 -1.70923e-06 6.893e-07 7.21988e-07 6.36943e-07 5.17107e-06 -6.84212e-07 3.70603e-06 -4.39186e-07 3.47733e-06 -1.36951e-06 -4.96508e-06 -7.23889e-07 6.26144e-06 -2.73438e-06 -1.22701e-06 3.79002e-06 5.23419e-06 -1.69365e-06 
4.31066e-07 2.11805e-07 1.25713e-06 -2.24904e-07 6.1115e-07 -6.92307e-07 -6.84212e-07 1.81551e-06 -1.21649e-06 -3.87972e-07 -2.14627e-06 1.78863e-07 1.95835e-06 1.02849e-06 -1.03572e-06 1.40602e-07 1.17257e-06 3.12615e-07 -2.37902e-06 2.8384e-07 
-1.60225e-05 1.45994e-05 -2.55872e-06 2.4896e-06 -4.6664e-06 -2.35814e-06 3.70603e-06 -1.21649e-06 2.05293e-05 -6.11209e-06 1.4641e-05 2.98576e-06 -1.51475e-05 -3.91849e-06 2.07285e-06 -1.35566e-06 -3.91533e-05 1.70722e-05 2.22443e-05 -2.06219e-06 
5.94705e-06 -6.39982e-06 -7.48986e-07 -1.14524e-06 8.61497e-07 1.40495e-06 -4.39186e-07 -3.87972e-07 -6.11209e-06 4.47101e-06 -3.3816e-06 -1.21371e-06 2.47733e-06 2.75235e-07 1.54841e-06 8.95111e-07 1.25786e-05 -7.55801e-06 -5.56024e-06 1.05335e-06 
-1.49134e-05 9.53208e-06 -9.33523e-06 3.47199e-06 -9.42388e-06 -5.93536e-07 3.47733e-06 -2.14627e-06 1.4641e-05 -3.3816e-06 3.19513e-05 1.05758e-07 -1.98787e-05 -3.57214e-06 3.91881e-07 -4.6442e-06 -4.74249e-05 1.70656e-05 3.10891e-05 -1.98063e-06 
-2.91635e-06 3.15143e-06 5.83078e-07 3.99022e-08 -1.25313e-06 -1.16218e-06 -1.36951e-06 1.78863e-07 2.98576e-06 -1.21371e-06 1.05758e-07 3.33784e-06 -1.28822e-06 -7.74382e-07 -2.43924e-06 2.37455e-06 -9.76913e-06 1.08988e-06 1.09213e-06 1.25844e-06 
1.23148e-05 -8.41831e-06 6.78755e-06 -2.28973e-06 5.705e-06 6.51593e-07 -4.96508e-06 1.95835e-06 -1.51475e-05 2.47733e-06 -1.98787e-05 -1.28822e-06 2.00349e-05 3.89985e-06 -5.877e-06 1.75812e-06 3.73102e-05 -1.30896e-05 -2.31657e-05 6.05913e-07 
2.49985e-06 -1.58271e-06 1.65483e-06 -4.1423e-07 1.4914e-06 -4.80829e-07 -7.23889e-07 1.02849e-06 -3.91849e-06 2.75235e-07 -3.57214e-06 -7.74382e-07 3.89985e-06 3.61709e-06 -5.79418e-07 -1.07174e-06 6.8518e-06 -4.7944e-07 -4.84806e-06 9.65743e-08 
1.45262e-06 -2.4104e-06 -1.80729e-06 -5.43498e-07 2.19691e-06 5.41601e-07 6.26144e-06 -1.03572e-06 2.07285e-06 1.54841e-06 3.91881e-07 -2.43924e-06 -5.877e-06 -5.79418e-07 1.46429e-05 -4.07945e-06 6.66877e-06 6.70943e-07 3.34689e-06 -1.75792e-06 
1.37965e-06 -1.27885e-06 3.43375e-07 -2.03565e-07 3.49492e-08 6.52495e-07 -2.73438e-06 1.40602e-07 -1.35566e-06 8.95111e-07 -4.6442e-06 2.37455e-06 1.75812e-06 -1.07174e-06 -4.07945e-06 7.25206e-06 -2.18174e-07 -6.75661e-06 -6.75047e-06 2.97067e-06 
3.95076e-05 -3.34461e-05 9.54603e-06 -6.07885e-06 1.84939e-05 8.90478e-06 -1.22701e-06 1.17257e-06 -3.91533e-05 1.25786e-05 -4.74249e-05 -9.76913e-06 3.73102e-05 6.8518e-06 6.66877e-06 -2.18174e-07 0.000126106 -4.04111e-05 -5.62595e-05 -1.28787e-06 
-1.69333e-05 1.6705e-05 -8.2647e-07 3.62917e-06 -3.43766e-06 -3.63273e-06 3.79002e-06 3.12615e-07 1.70722e-05 -7.55801e-06 1.70656e-05 1.08988e-06 -1.30896e-05 -4.7944e-07 6.70943e-07 -6.75661e-06 -4.04111e-05 2.991e-05 2.39709e-05 -3.28958e-06 
-1.99967e-05 1.5596e-05 -7.48622e-06 2.67625e-06 -1.02733e-05 -3.04975e-06 5.23419e-06 -2.37902e-06 2.22443e-05 -5.56024e-06 3.10891e-05 1.09213e-06 -2.31657e-05 -4.84806e-06 3.34689e-06 -6.75047e-06 -5.62595e-05 2.39709e-05 4.1134e-05 -3.87038e-06 
1.32872e-06 -1.41257e-06 1.2178e-08 -1.67919e-07 -1.25354e-07 -2.17979e-08 -1.69365e-06 2.8384e-07 -2.06219e-06 1.05335e-06 -1.98063e-06 1.25844e-06 6.05913e-07 9.65743e-08 -1.75792e-06 2.97067e-06 -1.28787e-06 -3.28958e-06 -3.87038e-06 3.86757e-06 
WEIGHT 0.0109764
ESPERANCE 0.393952 0.139486 0.128963 0.105862 0.084754 0.122145 0.146833 0.278146 0.172625 0.253329 0.195569 0.334512 0.273699 0.186608 0.183669 0.27139 0.223305 0.18165 0.182953 0.223307
COVARIANCE_MATRIX
0.000382083 -0.000348616 -0.00013684 -3.85656e-05 -7.97199e-05 7.23384e-05 -0.00027421 -0.000129531 6.8392e-05 -9.385e-05 7.58023e-05 -9.67724e-05 0.000173761 -0.000118736 6.71688e-05 -0.000106828 2.59037e-05 -0.000134088 3.84067e-06 -0.000132286 
-0.000348616 0.000640627 0.000236873 -3.79635e-05 7.86469e-05 -0.00016037 0.000252776 0.000131536 -3.49898e-06 0.000141231 -0.000111941 6.78364e-05 -1.66891e-05 6.71887e-05 -8.11449e-05 9.12282e-05 9.39999e-05 5.06897e-05 2.79402e-05 0.00012679 
-0.00013684 0.000236873 0.000310215 -8.50821e-05 1.1398e-05 -0.000227387 3.99071e-05 -0.000146222 -0.00013424 6.05537e-05 -9.18494e-05 -5.80392e-05 0.000116649 5.3845e-05 -4.06417e-05 -8.14334e-05 9.65943e-05 -0.000105955 -0.000112291 -6.41534e-05 
-3.85656e-05 -3.79635e-05 -8.50821e-05 0.000344728 0.000115437 0.000222095 0.000104333 0.000361504 0.000157132 -1.61077e-06 -3.04394e-05 5.90808e-05 3.32304e-05 -7.77821e-05 -7.88024e-06 0.000220821 0.000145105 0.000162992 0.000166711 9.26601e-05 
-7.97199e-05 7.86469e-05 1.1398e-05 0.000115437 0.000279215 7.96237e-05 5.96897e-05 0.000128324 3.10652e-05 1.8466e-05 -0.000135136 -3.13612e-05 0.000132884 -6.11292e-06 -1.91039e-05 8.03259e-05 0.000183734 7.83173e-05 4.04266e-05 -9.05628e-07 
7.23384e-05 -0.00016037 -0.000227387 0.000222095 7.96237e-05 0.000547353 9.7823e-05 0.000497439 0.000213283 -0.000102668 -1.36118e-05 7.49885e-05 5.10987e-05 -0.000134494 1.09157e-05 0.000303383 0.000127646 0.000268873 0.000268286 0.000116524 
-0.00027421 0.000252776 3.99071e-05 0.000104333 5.96897e-05 9.7823e-05 0.000484573 0.000434817 -9.67178e-06 1.69167e-05 -0.000134137 2.46143e-05 -1.61835e-05 4.13161e-05 5.81516e-05 0.000165244 0.000146671 0.000259224 0.000135513 0.000124926 
-0.000129531 0.000131536 -0.000146222 0.000361504 0.000128324 0.000497439 0.000434817 0.00130633 0.000293983 -6.07172e-05 -0.000105788 7.36757e-05 0.000155958 -0.000124336 2.53828e-05 0.000522058 0.000335236 0.00068023 0.000360271 0.000221791 
6.8392e-05 -3.49898e-06 -0.00013424 0.000157132 3.10652e-05 0.000213283 -9.67178e-06 0.000293983 0.000602883 -2.76461e-05 5.71466e-05 -5.91908e-05 0.00011367 -0.000113704 0.000111896 -4.22228e-05 0.000271716 3.67971e-05 0.000378105 2.51544e-05 
-9.385e-05 0.000141231 6.05537e-05 -1.61077e-06 1.8466e-05 -0.000102668 1.69167e-05 -6.07172e-05 -2.76461e-05 0.000212537 -2.97257e-05 -1.63409e-05 -3.55902e-05 1.22453e-05 -5.17292e-05 1.57376e-05 -3.61657e-05 -3.70558e-05 -4.64551e-05 0.00012065 
7.58023e-05 -0.000111941 -9.18494e-05 -3.04394e-05 -0.000135136 -1.36118e-05 -0.000134137 -0.000105788 5.71466e-05 -2.97257e-05 0.000418049 2.72301e-05 -0.00020036 5.06042e-05 2.76109e-05 -0.000227181 -0.000143888 2.57008e-06 7.13218e-05 -2.72445e-07 
-9.67724e-05 6.78364e-05 -5.80392e-05 5.90808e-05 -3.13612e-05 7.49885e-05 2.46143e-05 7.36757e-05 -5.91908e-05 -1.63409e-05 2.72301e-05 0.000205065 -0.000183328 -2.15561e-05 -8.76438e-05 0.00016228 -0.000159612 6.40468e-05 -2.59176e-05 0.000118653 
0.000173761 -1.66891e-05 0.000116649 3.32304e-05 0.000132884 5.10987e-05 -1.61835e-05 0.000155958 0.00011367 -3.55902e-05 -0.00020036 -0.000183328 0.000571607 -0.00012398 -2.80082e-05 -3.58533e-05 0.000451377 -8.7562e-05 4.15818e-05 -0.000158964 
-0.000118736 6.71887e-05 5.3845e-05 -7.77821e-05 -6.11292e-06 -0.000134494 4.13161e-05 -0.000124336 -0.000113704 1.22453e-05 5.06042e-05 -2.15561e-05 -0.00012398 0.000267161 -1.6133e-05 -0.000197312 -0.000107983 5.95195e-05 -7.80188e-05 -1.83545e-05 
6.71688e-05 -8.11449e-05 -4.06417e-05 -7.88024e-06 -1.91039e-05 1.09157e-05 5.81516e-05 2.53828e-05 0.000111896 -5.17292e-05 2.76109e-05 -8.76438e-05 -2.80082e-05 -1.6133e-05 0.000366098 -0.000105834 -4.24307e-05 2.80928e-06 0.000115479 -5.32833e-05 
-0.000106828 9.12282e-05 -8.14334e-05 0.000220821 8.03259e-05 0.000303383 0.000165244 0.000522058 -4.22228e-05 1.57376e-05 -0.000227181 0.00016228 -3.58533e-05 -0.000197312 -0.000105834 0.000689602 -9.81052e-06 0.000190747 5.75286e-06 0.000186506 
2.59037e-05 9.39999e-05 9.65943e-05 0.000145105 0.000183734 0.000127646 0.000146671 0.000335236 0.000271716 -3.61657e-05 -0.000143888 -0.000159612 0.000451377 -0.000107983 -4.24307e-05 -9.81052e-06 0.000663892 2.77724e-05 0.000164574 -0.000122558 
-0.000134088 5.06897e-05 -0.000105955 0.000162992 7.83173e-05 0.000268873 0.000259224 0.00068023 3.67971e-05 -3.70558e-05 2.57008e-06 6.40468e-05 -8.7562e-05 5.95195e-05 2.80928e-06 0.000190747 2.77724e-05 0.000659641 0.000157886 0.000112938 
3.84067e-06 2.79402e-05 -0.000112291 0.000166711 4.04266e-05 0.000268286 0.000135513 0.000360271 0.000378105 -4.64551e-05 7.13218e-05 -2.59176e-05 4.15818e-05 -7.80188e-05 0.000115479 5.75286e-06 0.000164574 0.000157886 0.000524991 7.97188e-05 
-0.000132286 0.00012679 -6.41534e-05 9.26601e-05 -9.05628e-07 0.000116524 0.000124926 0.000221791 2.51544e-05 0.00012065 -2.72445e-07 0.000118653 -0.000158964 -1.83545e-05 -5.32833e-05 0.000186506 -0.000122558 0.000112938 7.97188e-05 0.000345566 
WEIGHT 0.0146604
ESPERANCE 0.389557 0.107327 0.106085 0.0556538 0.0391299 0.067612 0.0653813 0.161796 0.166535 0.237341 0.232626 0.332812 0.229794 0.192728 0.16295 0.241088 0.110439 0.131894 0.158188 0.191196
COVARIANCE_MATRIX
0.000162532 -0.000146038 -1.45042e-06 6.91897e-06 4.63323e-05 8.59793e-05 -1.12256e-05 6.19132e-05 -0.000155219 7.44722e-05 -0.000122376 2.82761e-05 5.06236e-05 6.07181e-05 -2.36144e-05 8.68843e-05 0.000122235 -3.14335e-05 -0.000129125 7.24844e-05 
-0.000146038 0.000161132 3.64942e-05 -5.47576e-06 -3.98393e-05 -8.08109e-05 2.73511e-06 -3.65515e-05 0.000134074 -8.54261e-05 5.4926e-05 -3.21971e-06 -1.31993e-05 -3.80642e-05 -5.21175e-06 -6.24781e-05 -0.000103921 4.60485e-05 7.67271e-05 -4.69654e-05 
-1.45042e-06 3.64942e-05 6.0781e-05 -1.25035e-05 -5.74438e-06 -2.62751e-05 -1.83416e-05 9.79365e-06 -7.31201e-06 -2.49664e-05 -8.42742e-05 2.71264e-05 5.23621e-05 2.54894e-05 -3.62568e-05 7.97989e-06 1.021e-05 1.5837e-05 -5.1561e-05 1.43825e-05 
6.91897e-06 -5.47576e-06 -1.25035e-05 5.44498e-05 4.5129e-05 5.78164e-05 3.01087e-05 7.32103e-05 -1.16381e-05 -3.46991e-06 -1.09138e-06 1.20787e-05 -2.183e-06 7.60751e-06 3.5943e-06 2.89257e-05 9.87168e-06 3.95172e-05 -1.46928e-05 4.31142e-05 
4.63323e-05 -3.98393e-05 -5.74438e-06 4.5129e-05 0.000104247 9.26501e-05 4.53121e-05 0.000110188 -3.54876e-05 1.14712e-05 -5.53967e-05 1.99052e-05 4.54258e-06 3.14867e-05 2.27013e-05 4.24323e-05 7.37997e-05 4.3161e-05 -3.74227e-05 5.95333e-05 
8.59793e-05 -8.08109e-05 -2.62751e-05 5.78164e-05 9.26501e-05 0.000151437 4.07959e-05 0.000129603 -6.66903e-05 3.23138e-05 -6.33834e-05 3.11944e-05 1.13212e-05 2.6847e-05 4.60147e-06 8.48276e-05 8.64973e-05 3.18939e-05 -6.35095e-05 8.82279e-05 
-1.12256e-05 2.73511e-06 -1.83416e-05 3.01087e-05 4.53121e-05 4.07959e-05 8.97496e-05 6.96414e-05 2.83281e-05 -7.90151e-06 1.54748e-05 -6.35701e-06 -3.21852e-05 6.2898e-06 5.69368e-05 -2.50198e-05 4.39353e-05 4.41526e-05 4.89547e-05 1.49679e-05 
6.19132e-05 -3.65515e-05 9.79365e-06 7.32103e-05 0.000110188 0.000129603 6.96414e-05 0.000238055 -7.66208e-05 4.50762e-06 -8.91724e-05 6.08789e-05 3.36724e-05 5.89831e-05 -1.88136e-05 9.72074e-05 2.8115e-05 9.13997e-05 -7.62626e-05 0.000124959 
-0.000155219 0.000134074 -7.31201e-06 -1.16381e-05 -3.54876e-05 -6.66903e-05 2.83281e-05 -7.66208e-05 0.00021376 -6.87368e-05 9.59459e-05 -3.6143e-05 -8.4722e-05 -6.83134e-05 8.66351e-05 -9.48562e-05 -6.56878e-05 5.30206e-06 0.000157734 -8.1306e-05 
7.44722e-05 -8.54261e-05 -2.49664e-05 -3.46991e-06 1.14712e-05 3.23138e-05 -7.90151e-06 4.50762e-06 -6.87368e-05 7.65515e-05 -2.24007e-05 -9.39798e-06 -5.43047e-06 1.26164e-05 -9.55246e-06 3.79082e-05 2.53001e-05 -7.05375e-06 -1.77358e-05 1.61888e-05 
-0.000122376 5.4926e-05 -8.42742e-05 -1.09138e-06 -5.53967e-05 -6.33834e-05 1.54748e-05 -8.91724e-05 9.59459e-05 -2.24007e-05 0.000282987 -7.99386e-05 -9.41983e-05 -8.58558e-05 5.39314e-05 -0.000128819 -0.000108365 -7.62208e-06 0.000188074 -0.000100441 
2.82761e-05 -3.21971e-06 2.71264e-05 1.20787e-05 1.99052e-05 3.11944e-05 -6.35701e-06 6.08789e-05 -3.6143e-05 -9.39798e-06 -7.99386e-05 6.53309e-05 2.54764e-05 1.67993e-05 -4.04747e-05 7.11877e-05 -2.74367e-05 2.05167e-06 -6.57389e-05 5.23318e-05 
5.06236e-05 -1.31993e-05 5.23621e-05 -2.183e-06 4.54258e-06 1.13212e-05 -3.21852e-05 3.36724e-05 -8.4722e-05 -5.43047e-06 -9.41983e-05 2.54764e-05 0.000148628 2.86287e-05 -9.20439e-05 1.93189e-05 5.74785e-05 -4.25307e-06 -9.7043e-05 2.31609e-05 
6.07181e-05 -3.80642e-05 2.54894e-05 7.60751e-06 3.14867e-05 2.6847e-05 6.2898e-06 5.89831e-05 -6.83134e-05 1.26164e-05 -8.58558e-05 1.67993e-05 2.86287e-05 0.000104143 -1.59522e-05 1.12431e-05 4.27066e-05 2.30051e-05 -8.11084e-05 4.63625e-05 
-2.36144e-05 -5.21175e-06 -3.62568e-05 3.5943e-06 2.27013e-05 4.60147e-06 5.69368e-05 -1.88136e-05 8.66351e-05 -9.55246e-06 5.39314e-05 -4.04747e-05 -9.20439e-05 -1.59522e-05 0.000190578 -8.52604e-05 4.6427e-05 -1.44984e-05 7.46452e-05 -3.25467e-05 
8.68843e-05 -6.24781e-05 7.97989e-06 2.89257e-05 4.24323e-05 8.48276e-05 -2.50198e-05 9.72074e-05 -9.48562e-05 3.79082e-05 -0.000128819 7.11877e-05 1.93189e-05 1.12431e-05 -8.52604e-05 0.000212806 -3.16726e-05 -2.75533e-05 -0.000122972 9.41442e-05 
0.000122235 -0.000103921 1.021e-05 9.87168e-06 7.37997e-05 8.64973e-05 4.39353e-05 2.8115e-05 -6.56878e-05 2.53001e-05 -0.000108365 -2.74367e-05 5.74785e-05 4.27066e-05 4.6427e-05 -3.16726e-05 0.000397548 -2.69531e-05 -0.000109411 3.32326e-05 
-3.14335e-05 4.60485e-05 1.5837e-05 3.95172e-05 4.3161e-05 3.18939e-05 4.41526e-05 9.13997e-05 5.30206e-06 -7.05375e-06 -7.62208e-06 2.05167e-06 -4.25307e-06 2.30051e-05 -1.44984e-05 -2.75533e-05 -2.69531e-05 0.000201586 6.14999e-06 2.00314e-05 
-0.000129125 7.67271e-05 -5.1561e-05 -1.46928e-05 -3.74227e-05 -6.35095e-05 4.89547e-05 -7.62626e-05 0.000157734 -1.77358e-05 0.000188074 -6.57389e-05 -9.7043e-05 -8.11084e-05 7.46452e-05 -0.000122972 -0.000109411 6.14999e-06 0.00028389 -9.98124e-05 
7.24844e-05 -4.69654e-05 1.43825e-05 4.31142e-05 5.95333e-05 8.82279e-05 1.49679e-05 0.000124959 -8.1306e-05 1.61888e-05 -0.000100441 5.23318e-05 2.31609e-05 4.63625e-05 -3.25467e-05 9.41442e-05 3.32326e-05 2.00314e-05 -9.98124e-05 0.00015291 
WEIGHT 0.0136249
ESPERANCE 0.411804 0.0951081 0.0956774 0.0712353 0.0593073 0.112579 0.0846274 0.235174 0.163484 0.240331 0.210554 0.34514 0.240725 0.195908 0.171239 0.270399 0.137589 0.15877 0.151419 0.22122
COVARIANCE_MATRIX
0.000124167 -8.26364e-05 -3.32526e-05 1.73953e-05 -8.8787e-06 4.90554e-05 -3.27213e-05 1.2658e-05 -2.34857e-05 2.05655e-05 -8.78586e-05 -1.75988e-05 0.000109143 -3.75764e-05 2.95218e-05 4.21905e-05 0.000196536 -7.87858e-05 -5.60261e-05 -3.16909e-05 
-8.26364e-05 0.000157458 5.58687e-05 -2.08606e-05 1.75776e-05 -4.98589e-05 -4.28071e-05 1.20614e-05 5.94983e-05 -3.91177e-05 1.93881e-05 3.81602e-05 -2.81406e-05 -5.99738e-06 -4.8359e-05 8.42068e-06 -0.00013369 3.43408e-05 3.3163e-05 4.33606e-05 
-3.32526e-05 5.58687e-05 0.000141511 -3.75692e-05 -2.68541e-05 -6.4728e-05 -3.27904e-05 -0.000109433 -4.70486e-05 -8.07371e-06 -5.36391e-05 8.52787e-06 6.1346e-05 5.3935e-06 -6.79143e-05 -1.68485e-05 -1.54229e-05 -6.49516e-05 -4.09567e-05 -2.46553e-05 
1.73953e-05 -2.08606e-05 -3.75692e-05 9.11642e-05 1.38146e-06 2.65455e-05 -2.44852e-05 2.24224e-05 6.96406e-05 -1.82812e-05 -2.23666e-05 1.62159e-05 -1.72846e-06 -2.30195e-05 1.90406e-05 3.20947e-05 2.71292e-05 -5.57459e-06 2.25367e-05 6.98857e-06 
-8.8787e-06 1.75776e-05 -2.68541e-05 1.38146e-06 0.000120806 8.31302e-05 -3.84353e-06 0.000144947 2.67956e-05 -1.2305e-05 5.42778e-06 1.40212e-05 -2.56171e-05 -1.32397e-05 3.1734e-05 5.50116e-05 1.68828e-05 9.86892e-05 2.51255e-05 6.52888e-05 
4.90554e-05 -4.98589e-05 -6.4728e-05 2.65455e-05 8.31302e-05 0.000182039 3.65821e-05 0.000211769 4.6381e-05 -1.48874e-05 -4.99403e-05 8.2834e-06 2.07594e-05 -3.53816e-05 5.26232e-05 0.000119711 0.000120797 9.39805e-05 2.38629e-05 6.43342e-05 
-3.27213e-05 -4.28071e-05 -3.27904e-05 -2.44852e-05 -3.84353e-06 3.65821e-05 0.000187567 7.7809e-05 -5.04187e-05 3.92554e-06 2.83657e-05 -3.20777e-05 -6.06516e-05 6.13792e-05 4.99047e-05 -3.26299e-05 -2.23828e-05 0.000109243 3.70795e-05 -4.17953e-06 
1.2658e-05 1.20614e-05 -0.000109433 2.24224e-05 0.000144947 0.000211769 7.7809e-05 0.000497424 0.000123989 -4.73146e-05 -5.42141e-05 3.40604e-05 -2.63501e-06 4.83522e-06 6.56944e-05 0.000139914 3.76675e-05 0.000312823 5.83362e-05 0.0001664 
-2.34857e-05 5.94983e-05 -4.70486e-05 6.96406e-05 2.67956e-05 4.6381e-05 -5.04187e-05 0.000123989 0.000272643 -4.7455e-05 -6.41956e-05 2.37618e-05 -1.50654e-05 -4.89583e-05 8.02877e-05 1.07008e-05 3.53563e-05 4.3675e-05 0.000131192 3.19399e-05 
2.05655e-05 -3.91177e-05 -8.07371e-06 -1.82812e-05 -1.2305e-05 -1.48874e-05 3.92554e-06 -4.73146e-05 -4.7455e-05 6.48907e-05 1.67711e-05 -2.16436e-05 -1.2211e-05 1.91159e-06 5.98434e-06 -1.81918e-05 4.10851e-07 -2.54526e-05 -1.24997e-05 -1.46562e-06 
-8.78586e-05 1.93881e-05 -5.36391e-05 -2.23666e-05 5.42778e-06 -4.99403e-05 2.83657e-05 -5.42141e-05 -6.41956e-05 1.67711e-05 0.000263552 -1.18358e-05 -0.000172379 4.04253e-05 -1.64751e-05 -9.78317e-05 -0.000182724 5.45601e-05 6.92689e-05 1.57926e-05 
-1.75988e-05 3.81602e-05 8.52787e-06 1.62159e-05 1.40212e-05 8.2834e-06 -3.20777e-05 3.40604e-05 2.37618e-05 -2.16436e-05 -1.18358e-05 4.89897e-05 -1.00693e-05 -2.50766e-05 -2.53225e-05 5.44167e-05 -5.65174e-05 3.9358e-06 -1.19963e-05 4.18237e-05 
0.000109143 -2.81406e-05 6.1346e-05 -1.72846e-06 -2.56171e-05 2.07594e-05 -6.06516e-05 -2.63501e-06 -1.50654e-05 -1.2211e-05 -0.000172379 -1.00693e-05 0.00024125 -3.43637e-05 -6.4369e-05 3.56857e-05 0.000229973 -0.000108556 -6.11355e-05 -5.2006e-05 
-3.75764e-05 -5.99738e-06 5.3935e-06 -2.30195e-05 -1.32397e-05 -3.53816e-05 6.13792e-05 4.83522e-06 -4.89583e-05 1.91159e-06 4.04253e-05 -2.50766e-05 -3.43637e-05 0.000107773 -1.15798e-05 -8.87306e-05 -7.65026e-05 8.85829e-05 -8.85789e-06 -1.03533e-05 
2.95218e-05 -4.8359e-05 -6.79143e-05 1.90406e-05 3.1734e-05 5.26232e-05 4.99047e-05 6.56944e-05 8.02877e-05 5.98434e-06 -1.64751e-05 -2.53225e-05 -6.4369e-05 -1.15798e-05 0.000207584 -1.97837e-05 5.69559e-05 2.66485e-05 3.0221e-05 -1.70965e-05 
4.21905e-05 8.42068e-06 -1.68485e-05 3.20947e-05 5.50116e-05 0.000119711 -3.26299e-05 0.000139914 1.07008e-05 -1.81918e-05 -9.78317e-05 5.44167e-05 3.56857e-05 -8.87306e-05 -1.97837e-05 0.000236911 2.47164e-05 -9.37298e-07 -5.74631e-05 7.91156e-05 
0.000196536 -0.00013369 -1.54229e-05 2.71292e-05 1.68828e-05 0.000120797 -2.23828e-05 3.76675e-05 3.53563e-05 4.10851e-07 -0.000182724 -5.65174e-05 0.000229973 -7.65026e-05 5.69559e-05 2.47164e-05 0.000548863 -0.000150336 -3.26498e-05 -8.91027e-05 
-7.87858e-05 3.43408e-05 -6.49516e-05 -5.57459e-06 9.86892e-05 9.39805e-05 0.000109243 0.000312823 4.3675e-05 -2.54526e-05 5.45601e-05 3.9358e-06 -0.000108556 8.85829e-05 2.66485e-05 -9.37298e-07 -0.000150336 0.000385449 5.42494e-05 0.000111187 
-5.60261e-05 3.3163e-05 -4.09567e-05 2.25367e-05 2.51255e-05 2.38629e-05 3.70795e-05 5.83362e-05 0.000131192 -1.24997e-05 6.92689e-05 -1.19963e-05 -6.11355e-05 -8.85789e-06 3.0221e-05 -5.74631e-05 -3.26498e-05 5.42494e-05 0.000254271 8.42843e-06 
-3.16909e-05 4.33606e-05 -2.46553e-05 6.98857e-06 6.52888e-05 6.43342e-05 -4.17953e-06 0.0001664 3.19399e-05 -1.46562e-06 1.57926e-05 4.18237e-05 -5.2006e-05 -1.03533e-05 -1.70965e-05 7.91156e-05 -8.91027e-05 0.000111187 8.42843e-06 0.000161958 
WEIGHT 0.0106095
ESPERANCE 0.398429 0.122639 0.12186 0.0736622 0.0530424 0.0800793 0.0882229 0.191578 0.150253 0.251834 0.212574 0.343248 0.243299 0.193139 0.160593 0.265103 0.148198 0.131737 0.145517 0.210654
COVARIANCE_MATRIX
0.000155633 -9.29735e-05 -3.79194e-05 -1.35016e-05 -2.00148e-05 5.54579e-05 -6.28059e-05 7.03186e-05 -5.25376e-05 9.2833e-07 -5.79444e-05 5.02463e-06 0.000110098 -2.75294e-05 2.29691e-05 -9.68441e-06 0.000156471 -4.92329e-05 -8.16882e-05 9.37196e-06 
-9.29735e-05 0.00024473 6.44052e-05 7.15115e-05 -9.39211e-06 1.31252e-05 6.28212e-05 0.000139471 0.000104729 2.43006e-05 4.19914e-05 6.08539e-05 -4.37863e-05 -2.40364e-05 7.54127e-06 6.6661e-05 -7.14621e-05 9.45524e-05 0.00012645 8.49337e-05 
-3.79194e-05 6.44052e-05 0.0001236 3.11521e-07 7.3909e-07 -9.81204e-05 -1.58484e-05 -6.29218e-05 -3.86685e-05 1.80321e-05 -8.29633e-05 4.69454e-06 6.47753e-05 1.37079e-05 -4.519e-05 1.68455e-05 3.42815e-05 -7.19012e-05 -5.52751e-05 -1.47658e-05 
-1.35016e-05 7.15115e-05 3.11521e-07 9.17778e-05 1.23399e-05 5.89198e-05 3.36854e-05 0.000121858 4.07172e-05 1.50966e-05 4.28718e-05 3.49386e-05 -2.14712e-05 -2.36721e-05 1.4231e-05 4.26205e-05 -4.18914e-06 7.16244e-05 5.59357e-05 6.76079e-05 
-2.00148e-05 -9.39211e-06 7.3909e-07 1.23399e-05 0.000111121 4.50465e-05 6.57177e-05 3.56199e-05 -4.30047e-05 -1.86884e-05 -5.84041e-05 -2.00025e-06 2.23689e-05 2.56924e-05 -6.59502e-06 2.98142e-05 4.54354e-05 4.28689e-05 -2.76626e-05 3.30342e-06 
5.54579e-05 1.31252e-05 -9.81204e-05 5.89198e-05 4.50465e-05 0.000209021 8.11483e-05 0.000230626 5.20024e-05 -1.6538e-05 3.5991e-05 3.74756e-05 -6.41482e-06 -3.6905e-05 5.69811e-05 4.17462e-05 6.24135e-05 0.000142175 8.25687e-05 8.13828e-05 
-6.28059e-05 6.28212e-05 -1.58484e-05 3.36854e-05 6.57177e-05 8.11483e-05 0.000185778 0.000123969 1.68936e-05 -2.20883e-06 6.40295e-08 8.24582e-06 -5.44689e-05 1.06047e-05 6.04648e-05 3.20828e-05 1.541e-05 0.000115589 6.96746e-05 4.46087e-05 
7.03186e-05 0.000139471 -6.29218e-05 0.000121858 3.56199e-05 0.000230626 0.000123969 0.000487896 6.38803e-05 1.44782e-05 4.67266e-05 9.07147e-05 1.61957e-05 -4.21311e-05 8.66515e-05 9.96412e-05 7.36293e-05 0.000246752 0.000108465 0.000185554 
-5.25376e-05 0.000104729 -3.86685e-05 4.07172e-05 -4.30047e-05 5.20024e-05 1.68936e-05 6.38803e-05 0.000210534 -1.55589e-06 0.000101307 1.46076e-05 -0.000108914 -5.34318e-05 9.55233e-05 -2.73324e-05 -6.85401e-05 7.0406e-05 0.000213799 2.13132e-05 
9.2833e-07 2.43006e-05 1.80321e-05 1.50966e-05 -1.86884e-05 -1.6538e-05 -2.20883e-06 1.44782e-05 -1.55589e-06 6.42754e-05 -2.06659e-06 5.80064e-06 -1.15201e-05 -1.75436e-05 -1.74561e-05 2.76656e-05 -2.16795e-06 -6.82721e-06 6.45199e-06 4.35417e-05 
-5.79444e-05 4.19914e-05 -8.29633e-05 4.28718e-05 -5.84041e-05 3.5991e-05 6.40295e-08 4.67266e-05 0.000101307 -2.06659e-06 0.000259299 1.82385e-06 -0.000158644 -1.64314e-05 3.55376e-05 -6.69926e-05 -0.00015417 0.000115859 0.000170111 2.15655e-05 
5.02463e-06 6.08539e-05 4.69454e-06 3.49386e-05 -2.00025e-06 3.74756e-05 8.24582e-06 9.07147e-05 1.46076e-05 5.80064e-06 1.82385e-06 5.52502e-05 4.46366e-06 -2.92758e-05 -6.75949e-06 5.47894e-05 -1.85135e-05 1.97184e-05 1.37945e-05 5.36505e-05 
0.000110098 -4.37863e-05 6.47753e-05 -2.14712e-05 2.23689e-05 -6.41482e-06 -5.44689e-05 1.61957e-05 -0.000108914 -1.15201e-05 -0.000158644 4.46366e-06 0.000229586 1.34269e-06 -7.46335e-05 1.18566e-05 0.000227509 -0.000122454 -0.000160183 -2.23293e-05 
-2.75294e-05 -2.40364e-05 1.37079e-05 -2.36721e-05 2.56924e-05 -3.6905e-05 1.06047e-05 -4.21311e-05 -5.34318e-05 -1.75436e-05 -1.64314e-05 -2.92758e-05 1.34269e-06 8.75532e-05 -2.96497e-05 -3.27499e-05 -2.99453e-05 2.63851e-05 -5.24396e-05 -2.6812e-05 
2.29691e-05 7.54127e-06 -4.519e-05 1.4231e-05 -6.59502e-06 5.69811e-05 6.04648e-05 8.66515e-05 9.55233e-05 -1.74561e-05 3.55376e-05 -6.75949e-06 -7.46335e-05 -2.96497e-05 0.000235414 -6.16034e-05 -9.21371e-06 6.50874e-05 0.000123459 6.56436e-06 
-9.68441e-06 6.6661e-05 1.68455e-05 4.26205e-05 2.98142e-05 4.17462e-05 3.20828e-05 9.96412e-05 -2.73324e-05 2.76656e-05 -6.69926e-05 5.47894e-05 1.18566e-05 -3.27499e-05 -6.16034e-05 0.000166519 -3.09354e-05 1.65556e-06 -4.91748e-05 8.1357e-05 
0.000156471 -7.14621e-05 3.42815e-05 -4.18914e-06 4.54354e-05 6.24135e-05 1.541e-05 7.36293e-05 -6.85401e-05 -2.16795e-06 -0.00015417 -1.85135e-05 0.000227509 -2.99453e-05 -9.21371e-06 -3.09354e-05 0.000480067 -0.000123921 -0.0001415 -3.76218e-05 
-4.92329e-05 9.45524e-05 -7.19012e-05 7.16244e-05 4.28689e-05 0.000142175 0.000115589 0.000246752 7.0406e-05 -6.82721e-06 0.000115859 1.97184e-05 -0.000122454 2.63851e-05 6.50874e-05 1.65556e-06 -0.000123921 0.000360204 0.00015538 8.61948e-05 
-8.16882e-05 0.00012645 -5.52751e-05 5.59357e-05 -2.76626e-05 8.25687e-05 6.96746e-05 0.000108465 0.000213799 6.45199e-06 0.000170111 1.37945e-05 -0.000160183 -5.24396e-05 0.000123459 -4.91748e-05 -0.0001415 0.00015538 0.000359205 5.05176e-05 
9.37196e-06 8.49337e-05 -1.47658e-05 6.76079e-05 3.30342e-06 8.13828e-05 4.46087e-05 0.000185554 2.13132e-05 4.35417e-05 2.15655e-05 5.36505e-05 -2.23293e-05 -2.6812e-05 6.56436e-06 8.1357e-05 -3.76218e-05 8.61948e-05 5.05176e-05 0.000151173 
WEIGHT 0.0198519
ESPERANCE 0.402167 0.098955 0.112414 0.051894 0.0364246 0.0649875 0.0541576 0.161636 0.150172 0.2415 0.210783 0.341166 0.242475 0.198223 0.151389 0.258559 0.108983 0.114835 0.131691 0.198051
COVARIANCE_MATRIX
0.000100043 -9.09648e-05 -4.65911e-06 8.4781e-06 3.79164e-05 5.35866e-05 1.02141e-05 4.10799e-05 -9.64221e-05 3.6644e-05 -7.57079e-05 -3.72609e-06 6.28415e-05 1.08851e-05 1.06131e-05 2.76229e-05 0.000190516 -5.42004e-05 -0.000103068 2.72684e-05 
-9.09648e-05 9.97571e-05 2.3031e-05 -4.87818e-06 -2.64269e-05 -4.80057e-05 -9.50694e-06 -2.46779e-05 8.99023e-05 -4.26677e-05 3.76876e-05 9.13269e-06 -3.421e-05 -4.43823e-06 -1.81921e-05 -2.11948e-05 -0.000158602 6.15848e-05 7.87751e-05 -2.24865e-05 
-4.65911e-06 2.3031e-05 3.92916e-05 -1.88756e-05 -8.86958e-06 -3.45518e-05 -2.52775e-05 -2.11756e-05 1.04214e-06 -1.27529e-05 -4.85425e-05 1.58227e-06 3.78729e-05 1.12176e-05 -1.97795e-05 -9.23309e-06 1.69764e-05 -6.05266e-06 -2.65009e-05 -1.38645e-05 
8.4781e-06 -4.87818e-06 -1.88756e-05 5.93413e-05 5.21702e-05 7.84311e-05 5.34897e-05 9.4899e-05 5.26408e-07 -4.15033e-06 1.05435e-06 1.43123e-05 -1.64415e-06 -1.0751e-06 1.2127e-05 3.05289e-05 1.7263e-05 5.76162e-05 1.46905e-06 4.14003e-05 
3.79164e-05 -2.64269e-05 -8.86958e-06 5.21702e-05 7.71876e-05 8.97243e-05 5.60325e-05 0.000106827 -2.34164e-05 4.0698e-06 -4.45834e-05 1.34352e-05 2.37387e-05 5.95495e-06 2.50698e-05 3.41363e-05 8.92716e-05 4.36331e-05 -3.5685e-05 4.62336e-05 
5.35866e-05 -4.80057e-05 -3.45518e-05 7.84311e-05 8.97243e-05 0.000145256 8.22626e-05 0.00015058 -3.04531e-05 1.34836e-05 -2.79464e-05 2.01905e-05 1.60737e-05 -5.51011e-06 2.48884e-05 5.913e-05 0.000107098 5.11898e-05 -2.71465e-05 7.00692e-05 
1.02141e-05 -9.50694e-06 -2.52775e-05 5.34897e-05 5.60325e-05 8.22626e-05 8.20709e-05 0.000103821 1.02021e-05 -2.78268e-07 1.74617e-06 1.16859e-05 -1.91313e-05 -2.71313e-06 4.71891e-05 1.94354e-05 2.53298e-05 6.15722e-05 2.35482e-05 4.04411e-05 
4.10799e-05 -2.46779e-05 -2.11756e-05 9.4899e-05 0.000106827 0.00015058 0.000103821 0.000212527 -2.50822e-05 1.07819e-07 -3.85082e-05 3.22128e-05 2.39684e-05 1.00172e-05 2.53004e-05 6.08428e-05 7.06559e-05 0.000107275 -2.13799e-05 9.06349e-05 
-9.64221e-05 8.99023e-05 1.04214e-06 5.26408e-07 -2.34164e-05 -3.04531e-05 1.02021e-05 -2.50822e-05 0.000122955 -3.60425e-05 5.79083e-05 6.93341e-06 -7.12355e-05 -2.21378e-05 1.83688e-05 -1.97858e-05 -0.000162147 4.93331e-05 0.000116268 -2.22527e-05 
3.6644e-05 -4.26677e-05 -1.27529e-05 -4.15033e-06 4.0698e-06 1.34836e-05 -2.78268e-07 1.07819e-07 -3.60425e-05 2.89986e-05 -1.00419e-05 -5.74056e-06 3.9869e-06 -1.00308e-06 7.03109e-06 9.90126e-06 4.97838e-05 -2.83032e-05 -2.17904e-05 1.0772e-05 
-7.57079e-05 3.76876e-05 -4.85425e-05 1.05435e-06 -4.45834e-05 -2.79464e-05 1.74617e-06 -3.85082e-05 5.79083e-05 -1.00419e-05 0.000167608 -1.15698e-05 -0.000101974 -1.87786e-05 5.01766e-06 -3.86199e-05 -0.000193203 4.20278e-05 0.000132537 -2.32686e-05 
-3.72609e-06 9.13269e-06 1.58227e-06 1.43123e-05 1.34352e-05 2.01905e-05 1.16859e-05 3.22128e-05 6.93341e-06 -5.74056e-06 -1.15698e-05 1.80889e-05 2.83202e-07 -2.71613e-06 -5.20818e-06 1.97347e-05 -1.47864e-05 1.59442e-05 -3.31601e-06 1.81477e-05 
6.28415e-05 -3.421e-05 3.78729e-05 -1.64415e-06 2.37387e-05 1.60737e-05 -1.91313e-05 2.39684e-05 -7.12355e-05 3.9869e-06 -0.000101974 2.83202e-07 0.000113167 1.76734e-05 -4.16315e-05 1.44201e-05 0.000159511 -3.86205e-05 -0.000103697 4.3769e-06 
1.08851e-05 -4.43823e-06 1.12176e-05 -1.0751e-06 5.95495e-06 -5.51011e-06 -2.71313e-06 1.00172e-05 -2.21378e-05 -1.00308e-06 -1.87786e-05 -2.71613e-06 1.76734e-05 2.96956e-05 -5.71851e-06 -1.03625e-05 1.61876e-05 1.4193e-05 -2.79307e-05 3.11978e-06 
1.06131e-05 -1.81921e-05 -1.97795e-05 1.2127e-05 2.50698e-05 2.48884e-05 4.71891e-05 2.53004e-05 1.83688e-05 7.03109e-06 5.01766e-06 -5.20818e-06 -4.16315e-05 -5.71851e-06 9.92267e-05 -1.45452e-05 2.22416e-05 7.09e-06 2.31624e-05 5.67271e-06 
2.76229e-05 -2.11948e-05 -9.23309e-06 3.05289e-05 3.41363e-05 5.913e-05 1.94354e-05 6.08428e-05 -1.97858e-05 9.90126e-06 -3.86199e-05 1.97347e-05 1.44201e-05 -1.03625e-05 -1.45452e-05 6.55133e-05 3.80792e-05 -4.91047e-06 -4.17005e-05 4.21815e-05 
0.000190516 -0.000158602 1.69764e-05 1.7263e-05 8.92716e-05 0.000107098 2.53298e-05 7.06559e-05 -0.000162147 4.97838e-05 -0.000193203 -1.47864e-05 0.000159511 1.61876e-05 2.22416e-05 3.80792e-05 0.000483319 -0.000114868 -0.000220806 2.86839e-05 
-5.42004e-05 6.15848e-05 -6.05266e-06 5.76162e-05 4.36331e-05 5.11898e-05 6.15722e-05 0.000107275 4.93331e-05 -2.83032e-05 4.20278e-05 1.59442e-05 -3.86205e-05 1.4193e-05 7.09e-06 -4.91047e-06 -0.000114868 0.00018079 6.69903e-05 3.28789e-05 
-0.000103068 7.87751e-05 -2.65009e-05 1.46905e-06 -3.5685e-05 -2.71465e-05 2.35482e-05 -2.13799e-05 0.000116268 -2.17904e-05 0.000132537 -3.31601e-06 -0.000103697 -2.79307e-05 2.31624e-05 -4.17005e-05 -0.000220806 6.69903e-05 0.000205476 -2.22441e-05 
2.72684e-05 -2.24865e-05 -1.38645e-05 4.14003e-05 4.62336e-05 7.00692e-05 4.04411e-05 9.06349e-05 -2.22527e-05 1.0772e-05 -2.32686e-05 1.81477e-05 4.3769e-06 3.11978e-06 5.67271e-06 4.21815e-05 2.86839e-05 3.28789e-05 -2.22441e-05 6.58783e-05 
WEIGHT 0.00799362
ESPERANCE 0.394933 0.141954 0.119544 0.112942 0.0875882 0.130053 0.163455 0.286946 0.221556 0.250827 0.218077 0.313743 0.277206 0.19447 0.19689 0.241598 0.24073 0.199594 0.211757 0.232203
COVARIANCE_MATRIX
0.000565799 -0.000355223 -7.23236e-05 -0.000106855 -9.48669e-05 9.43744e-06 -0.000326028 -0.000333328 0.000173771 -7.37568e-06 7.76193e-05 -0.000199003 0.000295597 -5.54527e-05 6.48495e-05 -0.000244068 3.79973e-05 -0.00013045 -8.97189e-05 -0.000127836 
-0.000355223 0.000570476 0.000144306 2.24508e-05 8.76978e-05 -8.12149e-05 0.00024744 0.000238735 -7.6893e-05 5.93129e-05 -0.000146462 0.000141096 -4.98438e-05 -4.97777e-06 -2.86331e-05 0.000217378 6.93626e-05 4.14599e-05 1.14559e-05 0.000116396 
-7.23236e-05 0.000144306 0.000391007 -6.11595e-05 9.70924e-05 -0.000243151 6.16427e-05 -6.04767e-05 -0.000195847 1.11939e-05 -0.000110778 -8.96391e-05 0.000195733 2.86003e-05 5.24513e-05 -4.21908e-05 6.25874e-05 -3.18721e-05 -0.000153033 -8.1016e-05 
-0.000106855 2.24508e-05 -6.11595e-05 0.000393612 0.000189946 0.000291634 0.000235618 0.000604153 0.000283189 -6.93529e-06 -0.000186169 -4.65317e-05 0.000223329 -4.10671e-05 -4.18184e-05 0.000250715 0.000380576 0.000234157 0.000278412 0.000170376 
-9.48669e-05 8.76978e-05 9.70924e-05 0.000189946 0.000412983 0.00012846 0.000238494 0.00050983 0.000166233 -6.34827e-05 -0.000246616 -0.000179134 0.000385953 9.16213e-06 3.32671e-05 0.000165091 0.000403512 0.000244911 0.000128168 1.65809e-05 
9.43744e-06 -8.12149e-05 -0.000243151 0.000291634 0.00012846 0.000640733 0.000183418 0.000659787 0.000350039 -0.000103334 -0.000177568 -8.30199e-06 0.000216615 -9.43284e-05 -2.74845e-05 0.000310601 0.000370305 0.000312775 0.00038519 0.000112988 
-0.000326028 0.00024744 6.16427e-05 0.000235618 0.000238494 0.000183418 0.000749434 0.000882519 0.000210472 -0.000127036 -0.000267705 -0.00014657 0.000231406 9.7222e-05 0.000147179 0.00028746 0.000407757 0.000430587 0.000279248 0.000204114 
-0.000333328 0.000238735 -6.04767e-05 0.000604153 0.00050983 0.000659787 0.000882519 0.00247623 0.000502085 -0.000314269 -0.000722715 -0.000202983 0.000843414 -0.00011177 1.69739e-05 0.000957629 0.00106254 0.000951294 0.000661181 0.000275444 
0.000173771 -7.6893e-05 -0.000195847 0.000283189 0.000166233 0.000350039 0.000210472 0.000502085 0.00137016 -6.07387e-05 -1.42732e-05 -0.000434784 0.000418993 8.62712e-05 0.000148956 -0.000256642 0.00065311 0.000348065 0.000587535 0.000228855 
-7.37568e-06 5.93129e-05 1.11939e-05 -6.93529e-06 -6.34827e-05 -0.000103334 -0.000127036 -0.000314269 -6.07387e-05 0.000466658 6.64136e-05 -5.59048e-05 -0.00018238 8.76704e-06 -9.80071e-06 -0.000101518 -0.000166617 -6.62184e-05 -6.40425e-05 0.000158639 
7.76193e-05 -0.000146462 -0.000110778 -0.000186169 -0.000246616 -0.000177568 -0.000267705 -0.000722715 -1.42732e-05 6.64136e-05 0.000752122 1.53387e-05 -0.000523465 0.000157434 9.60252e-06 -0.00047873 -0.000455151 -0.000204815 -4.34666e-05 -3.77577e-05 
-0.000199003 0.000141096 -8.96391e-05 -4.65317e-05 -0.000179134 -8.30199e-06 -0.00014657 -0.000202983 -0.000434784 -5.59048e-05 1.53387e-05 0.000593657 -0.000416694 -0.000176366 -0.000155117 0.000157893 -0.000338054 -0.00021108 -0.000149737 -7.19059e-06 
0.000295597 -4.98438e-05 0.000195733 0.000223329 0.000385953 0.000216615 0.000231406 0.000843414 0.000418993 -0.00018238 -0.000523465 -0.000416694 0.00120945 -0.000132772 -7.25543e-06 0.000163643 0.000864522 0.000252956 0.000123427 -3.96566e-05 
-5.54527e-05 -4.97777e-06 2.86003e-05 -4.10671e-05 9.16213e-06 -9.43284e-05 9.7222e-05 -0.00011177 8.62712e-05 8.76704e-06 0.000157434 -0.000176366 -0.000132772 0.000450782 2.86834e-05 -0.000291265 -8.5891e-05 0.000100235 -8.16282e-06 1.78791e-05 
6.48495e-05 -2.86331e-05 5.24513e-05 -4.18184e-05 3.32671e-05 -2.74845e-05 0.000147179 1.69739e-05 0.000148956 -9.80071e-06 9.60252e-06 -0.000155117 -7.25543e-06 2.86834e-05 0.00055689 -0.000136262 -0.000100615 5.08545e-05 6.67971e-05 -6.05555e-05 
-0.000244068 0.000217378 -4.21908e-05 0.000250715 0.000165091 0.000310601 0.00028746 0.000957629 -0.000256642 -0.000101518 -0.00047873 0.000157893 0.000163643 -0.000291265 -0.000136262 0.00104926 0.000175328 0.000193207 7.75531e-05 7.58821e-05 
3.79973e-05 6.93626e-05 6.25874e-05 0.000380576 0.000403512 0.000370305 0.000407757 0.00106254 0.00065311 -0.000166617 -0.000455151 -0.000338054 0.000864522 -8.5891e-05 -0.000100615 0.000175328 0.00122407 0.000363039 0.000303624 7.08219e-05 
-0.00013045 4.14599e-05 -3.18721e-05 0.000234157 0.000244911 0.000312775 0.000430587 0.000951294 0.000348065 -6.62184e-05 -0.000204815 -0.00021108 0.000252956 0.000100235 5.08545e-05 0.000193207 0.000363039 0.000811645 0.00031213 0.000101645 
-8.97189e-05 1.14559e-05 -0.000153033 0.000278412 0.000128168 0.00038519 0.000279248 0.000661181 0.000587535 -6.40425e-05 -4.34666e-05 -0.000149737 0.000123427 -8.16282e-06 6.67971e-05 7.75531e-05 0.000303624 0.00031213 0.00081053 0.000163088 
-0.000127836 0.000116396 -8.1016e-05 0.000170376 1.65809e-05 0.000112988 0.000204114 0.000275444 0.000228855 0.000158639 -3.77577e-05 -7.19059e-06 -3.96566e-05 1.78791e-05 -6.05555e-05 7.58821e-05 7.08219e-05 0.000101645 0.000163088 0.000530388 
WEIGHT 0.0106269
ESPERANCE 0.371806 0.119466 0.0942814 0.0632053 0.0526987 0.0786004 0.0922305 0.185588 0.189557 0.232592 0.258662 0.317581 0.221699 0.18422 0.181264 0.213446 0.134943 0.158737 0.186131 0.197812
COVARIANCE_MATRIX
0.000249705 -0.000194214 1.73643e-05 -5.17292e-06 4.42316e-05 0.000145782 -5.1454e-05 0.000176025 -0.00020673 0.000129142 -0.000197593 0.000127801 1.38501e-05 0.00014451 1.37006e-06 0.000202277 -0.000115739 2.45488e-05 -0.000117456 4.65351e-05 
-0.000194214 0.000223198 5.27005e-05 9.16672e-06 -5.33094e-05 -0.000114387 1.6063e-05 -8.4845e-05 0.000147285 -0.00015565 8.01151e-05 -2.05417e-05 2.21168e-05 -9.37517e-05 -5.53119e-05 -0.000100892 8.68201e-05 -3.16695e-05 5.31175e-05 1.35484e-05 
1.73643e-05 5.27005e-05 0.000114383 -1.51887e-05 -3.90366e-05 -3.92859e-05 -6.49984e-05 -3.5171e-05 -4.03847e-05 -4.82479e-05 -0.000124471 8.74355e-05 5.50049e-05 4.00614e-05 -7.7658e-05 4.90269e-05 -2.05001e-05 -3.11761e-05 -7.97848e-05 1.64029e-05 
-5.17292e-06 9.16672e-06 -1.51887e-05 7.70519e-05 5.26285e-05 6.88892e-05 3.46898e-05 0.00013028 -2.82701e-06 -1.58096e-05 3.24716e-06 2.24866e-05 -2.91202e-06 9.05639e-06 1.88465e-06 3.92205e-05 2.66694e-05 3.80473e-05 2.33999e-05 6.36125e-05 
4.42316e-05 -5.33094e-05 -3.90366e-05 5.26285e-05 0.000191988 0.000156443 0.00011174 0.000286862 -3.51595e-05 3.29352e-05 -3.3128e-05 4.19814e-05 -2.42902e-05 4.42569e-05 2.94327e-05 9.26357e-05 6.64543e-05 0.00010049 5.25071e-05 9.98389e-05 
0.000145782 -0.000114387 -3.92859e-05 6.88892e-05 0.000156443 0.000306861 6.83504e-05 0.000405922 -0.000111785 5.87419e-05 -0.000117342 0.000118119 -1.13336e-05 9.75718e-05 3.28877e-05 0.000214783 -9.46707e-06 0.000119107 -1.02465e-05 0.000155695 
-5.1454e-05 1.6063e-05 -6.49984e-05 3.46898e-05 0.00011174 6.83504e-05 0.000269043 0.000271021 2.46224e-05 -1.86209e-05 5.36718e-05 -1.82923e-05 -3.13309e-05 2.11104e-05 4.26999e-05 -3.30654e-05 0.000118266 0.000114987 0.00013324 8.09667e-05 
0.000176025 -8.4845e-05 -3.5171e-05 0.00013028 0.000286862 0.000405922 0.000271021 0.00103907 -0.000186082 1.76023e-05 -0.000192774 0.000271637 -1.16099e-06 0.000194163 -1.65842e-05 0.000386664 1.11997e-05 0.000242248 4.91815e-05 0.00038632 
-0.00020673 0.000147285 -4.03847e-05 -2.82701e-06 -3.51595e-05 -0.000111785 2.46224e-05 -0.000186082 0.000334815 -9.35029e-05 0.000155031 -0.000154886 -5.74398e-05 -0.000130256 8.33945e-05 -0.00024638 0.000202541 -1.72115e-05 0.00011942 -4.71398e-05 
0.000129142 -0.00015565 -4.82479e-05 -1.58096e-05 3.29352e-05 5.87419e-05 -1.86209e-05 1.76023e-05 -9.35029e-05 0.000208956 -4.83503e-05 -2.17317e-05 -1.37614e-05 3.77005e-05 7.20026e-06 4.29568e-05 -6.69157e-05 7.71591e-05 -3.79945e-05 -7.46816e-06 
-0.000197593 8.01151e-05 -0.000124471 3.24716e-06 -3.3128e-05 -0.000117342 5.36718e-05 -0.000192774 0.000155031 -4.83503e-05 0.000378006 -0.000208962 -7.2191e-05 -0.000187252 8.17859e-05 -0.000232985 5.57493e-05 -3.96467e-05 0.000178616 -9.78755e-05 
0.000127801 -2.05417e-05 8.74355e-05 2.24866e-05 4.19814e-05 0.000118119 -1.82923e-05 0.000271637 -0.000154886 -2.17317e-05 -0.000208962 0.000263105 3.17452e-05 7.54579e-05 -9.04633e-05 0.000259959 -0.00012012 -7.88933e-06 -8.6115e-05 0.000111591 
1.38501e-05 2.21168e-05 5.50049e-05 -2.91202e-06 -2.42902e-05 -1.13336e-05 -3.13309e-05 -1.16099e-06 -5.74398e-05 -1.37614e-05 -7.2191e-05 3.17452e-05 0.0001944 -1.96504e-05 -7.16225e-05 -5.12194e-05 -2.3819e-06 2.96849e-05 -8.36077e-05 8.33251e-07 
