DESCRIPTOR_NAME Steinhardt
FILTER_TYPE element
NUMBER_OF_DIMENSION 20
CUTOFF_RADIUS 5.000000
STEINHARDT_STYLE Multi
AVE_STYLE none
STEINHARDT_MODE Full
FILTER_VALUE Au
NUMBER_OF_CLUSTER 15
WEIGHT 0.0141636
ESPERANCE 0.195635 0.184531 0.0738785 0.0915522 0.0912735 0.119586 0.106768 0.192512 0.116856 0.221285 0.142465 0.337766 0.177325 0.243851 0.133905 0.243273 0.152616 0.13916 0.136267 0.197571
COVARIANCE_MATRIX
0.000842177 -0.000691837 0.000137308 -0.000143394 7.31251e-05 8.52132e-05 -0.000136359 1.92083e-05 0.000151917 -2.70108e-05 0.000329217 -0.000153565 0.000125724 -6.40347e-05 0.000206517 -0.00010442 -6.01269e-05 7.43787e-05 -3.93278e-05 -4.6289e-05 
-0.000691837 0.000924065 -0.000207153 0.000118298 -8.86349e-05 -4.29473e-05 0.00018243 7.3984e-05 -7.56167e-05 3.06809e-05 -0.000315759 0.000165712 0.000128398 -4.62338e-05 -0.00015725 0.000204711 0.000168627 -0.000118527 0.000125681 5.55331e-05 
0.000137308 -0.000207153 0.000377782 -7.0856e-06 2.39422e-05 0.000116759 1.60177e-05 0.000163359 0.00013421 -4.18812e-05 0.000142728 -1.03139e-05 7.3874e-05 -6.08138e-05 9.11457e-05 2.35421e-05 4.80707e-05 0.00014027 8.39362e-05 2.41683e-05 
-0.000143394 0.000118298 -7.0856e-06 0.000222653 -6.79222e-05 -6.30706e-05 -5.10814e-05 -5.21379e-05 -3.7704e-05 3.08653e-05 -8.17972e-05 3.47374e-07 1.01511e-05 3.48038e-05 -3.67684e-05 2.12176e-05 -4.37883e-06 -2.11782e-05 -3.07792e-05 8.47496e-06 
7.31251e-05 -8.86349e-05 2.39422e-05 -6.79222e-05 0.000350573 6.03566e-05 0.000228886 0.00011316 7.65131e-05 -3.54324e-05 9.51086e-05 -8.97559e-05 0.000176614 -5.93204e-05 6.8028e-05 9.98155e-05 0.000196876 5.86076e-05 0.000123942 6.55303e-06 
8.52132e-05 -4.29473e-05 0.000116759 -6.30706e-05 6.03566e-05 0.000363265 0.000115954 0.000463601 0.000142351 -5.5467e-05 6.59182e-05 5.58444e-05 0.000105763 -9.07655e-05 0.000104307 0.000156134 0.000122859 0.00029856 0.000147378 7.99986e-05 
-0.000136359 0.00018243 1.60177e-05 -5.10814e-05 0.000228886 0.000115954 0.000410812 0.000266428 9.7739e-05 -8.75244e-05 5.47298e-05 -2.14706e-05 0.000232521 -0.000101869 9.5681e-05 0.000138115 0.000277473 0.000129323 0.000232287 -1.06684e-05 
1.92083e-05 7.3984e-05 0.000163359 -5.21379e-05 0.00011316 0.000463601 0.000266428 0.000804769 0.000231045 -0.000122175 7.45843e-05 6.51639e-05 0.000267536 -0.0001376 0.000181927 0.000226996 0.000265881 0.000493705 0.000263895 6.1329e-05 
0.000151917 -7.56167e-05 0.00013421 -3.7704e-05 7.65131e-05 0.000142351 9.7739e-05 0.000231045 0.000359256 -5.73581e-05 0.000140202 -5.95172e-05 0.000212389 -9.22027e-05 0.000111308 -4.02559e-06 0.000163511 0.000139317 0.000245531 -1.57789e-06 
-2.70108e-05 3.06809e-05 -4.18812e-05 3.08653e-05 -3.54324e-05 -5.5467e-05 -8.75244e-05 -0.000122175 -5.73581e-05 0.000143416 -7.57565e-05 -6.48221e-06 -9.82627e-05 4.36425e-05 -7.84884e-05 1.77789e-06 -7.93658e-05 -8.14542e-05 -6.48129e-05 0.000128193 
0.000329217 -0.000315759 0.000142728 -8.17972e-05 9.51086e-05 6.59182e-05 5.47298e-05 7.45843e-05 0.000140202 -7.57565e-05 0.000365952 -0.000117277 0.000155061 -0.000101348 0.000148848 -7.5773e-05 6.43145e-05 7.51446e-05 0.00011835 -5.37903e-05 
-0.000153565 0.000165712 -1.03139e-05 3.47374e-07 -8.97559e-05 5.58444e-05 -2.14706e-05 6.51639e-05 -5.95172e-05 -6.48221e-06 -0.000117277 0.000185238 -0.000155798 1.26612e-05 -8.98675e-05 6.55752e-05 -6.5118e-05 3.61525e-05 -4.24392e-05 6.01513e-05 
0.000125724 0.000128398 7.3874e-05 1.01511e-05 0.000176614 0.000105763 0.000232521 0.000267536 0.000212389 -9.82627e-05 0.000155061 -0.000155798 0.00069632 -0.000260409 0.000208158 4.66792e-05 0.000438844 6.06367e-05 0.000267848 -0.000147156 
-6.40347e-05 -4.62338e-05 -6.08138e-05 3.48038e-05 -5.93204e-05 -9.07655e-05 -0.000101869 -0.0001376 -9.22027e-05 4.36425e-05 -0.000101348 1.26612e-05 -0.000260409 0.000177269 -0.000102032 -2.41096e-05 -0.000184591 -5.31183e-05 -0.000133625 4.15198e-05 
0.000206517 -0.00015725 9.11457e-05 -3.67684e-05 6.8028e-05 0.000104307 9.5681e-05 0.000181927 0.000111308 -7.84884e-05 0.000148848 -8.98675e-05 0.000208158 -0.000102032 0.000264143 -2.47196e-05 9.72463e-05 0.000133667 9.83005e-05 -0.000104985 
-0.00010442 0.000204711 2.35421e-05 2.12176e-05 9.98155e-05 0.000156134 0.000138115 0.000226996 -4.02559e-06 1.77789e-06 -7.5773e-05 6.55752e-05 4.66792e-05 -2.41096e-05 -2.47196e-05 0.000297967 4.12594e-05 7.02297e-05 6.77873e-05 0.00011041 
-6.01269e-05 0.000168627 4.80707e-05 -4.37883e-06 0.000196876 0.000122859 0.000277473 0.000265881 0.000163511 -7.93658e-05 6.43145e-05 -6.5118e-05 0.000438844 -0.000184591 9.72463e-05 4.12594e-05 0.000489575 8.03372e-05 0.000221324 -7.24389e-05 
7.43787e-05 -0.000118527 0.00014027 -2.11782e-05 5.86076e-05 0.00029856 0.000129323 0.000493705 0.000139317 -8.14542e-05 7.51446e-05 3.61525e-05 6.06367e-05 -5.31183e-05 0.000133667 7.02297e-05 8.03372e-05 0.000461424 0.000116003 3.02562e-05 
-3.93278e-05 0.000125681 8.39362e-05 -3.07792e-05 0.000123942 0.000147378 0.000232287 0.000263895 0.000245531 -6.48129e-05 0.00011835 -4.24392e-05 0.000267848 -0.000133625 9.83005e-05 6.77873e-05 0.000221324 0.000116003 0.000366921 -9.06311e-06 
-4.6289e-05 5.55331e-05 2.41683e-05 8.47496e-06 6.55303e-06 7.99986e-05 -1.06684e-05 6.1329e-05 -1.57789e-06 0.000128193 -5.37903e-05 6.01513e-05 -0.000147156 4.15198e-05 -0.000104985 0.00011041 -7.24389e-05 3.02562e-05 -9.06311e-06 0.000277739 
WEIGHT 0.0183263
ESPERANCE 0.426109 0.112151 0.119238 0.104086 0.103457 0.113535 0.116607 0.198428 0.198652 0.256916 0.257885 0.322944 0.233668 0.221205 0.198122 0.232861 0.186933 0.177848 0.201444 0.216417
COVARIANCE_MATRIX
0.000878332 -0.000563081 -0.000120418 -3.73891e-05 1.13577e-05 0.000237738 5.97618e-05 0.000208165 7.45084e-05 -3.80023e-05 0.00034743 8.07869e-05 0.000458359 -0.000231397 7.24751e-05 1.16288e-05 0.0003012 -3.40102e-05 0.000229689 7.53275e-05 
-0.000563081 0.000884148 0.000273385 6.46266e-05 9.88466e-05 -4.62597e-05 0.000149509 0.000221961 0.000104082 7.50245e-05 -0.000245588 5.63465e-05 -0.000122949 7.76673e-05 -1.74028e-06 0.000119825 0.000112634 8.65296e-05 3.98232e-05 0.000127322 
-0.000120418 0.000273385 0.000576372 7.39032e-05 0.000216267 -6.81851e-05 0.000165068 0.000216984 0.000222897 -4.5605e-05 -0.000106682 6.64013e-05 0.000232675 -4.63592e-05 0.00010348 5.22947e-05 0.00039676 1.10514e-05 0.00014447 5.8894e-05 
-3.73891e-05 6.46266e-05 7.39032e-05 0.000284727 0.000167786 0.000118437 9.36964e-05 0.000181195 0.000131915 1.83941e-05 1.6683e-05 6.49212e-05 3.07154e-05 -2.3247e-05 3.87093e-05 0.000116889 0.000117579 0.000157769 0.000153826 8.04475e-05 
1.13577e-05 9.88466e-05 0.000216267 0.000167786 0.00054307 0.000102014 0.000174859 0.000192578 0.000333578 -2.60807e-05 -5.9728e-05 6.27282e-05 0.00020066 -6.36668e-05 0.00019253 7.49812e-05 0.000339243 0.000115134 0.000305466 8.61072e-05 
0.000237738 -4.62597e-05 -6.81851e-05 0.000118437 0.000102014 0.000648211 0.000225986 0.000505561 0.00020192 1.54916e-05 7.16459e-05 0.00010864 0.000182497 -0.000105878 7.94072e-05 0.000140811 0.000336296 0.000291402 0.000285484 0.000236067 
5.97618e-05 0.000149509 0.000165068 9.36964e-05 0.000174859 0.000225986 0.000603526 0.000584023 0.000253621 4.59891e-06 9.93528e-05 2.96552e-05 0.000232996 -0.0001184 9.28619e-05 0.000127043 0.00035441 0.000323597 0.000356198 0.000195933 
0.000208165 0.000221961 0.000216984 0.000181195 0.000192578 0.000505561 0.000584023 0.00144295 0.000484416 -1.38109e-05 0.000112034 0.000111097 0.000421318 -9.52734e-05 6.57903e-05 0.000280273 0.000716838 0.000541744 0.000474758 0.000476484 
7.45084e-05 0.000104082 0.000222897 0.000131915 0.000333578 0.00020192 0.000253621 0.000484416 0.000873196 -7.29989e-05 -2.3818e-05 8.24848e-06 0.000342777 -4.81139e-05 0.000178546 -2.75054e-05 0.000432314 0.000294966 0.000472327 9.22003e-05 
-3.80023e-05 7.50245e-05 -4.5605e-05 1.83941e-05 -2.60807e-05 1.54916e-05 4.59891e-06 -1.38109e-05 -7.29989e-05 0.000252338 2.56776e-05 -6.26217e-05 -9.13756e-05 -2.45765e-05 -4.03131e-06 3.98754e-05 -7.46996e-05 5.50898e-05 -1.44735e-05 0.000104344 
0.00034743 -0.000245588 -0.000106682 1.6683e-05 -5.9728e-05 7.16459e-05 9.93528e-05 0.000112034 -2.3818e-05 2.56776e-05 0.000608054 -8.69067e-05 1.53875e-05 -7.73885e-05 -7.3002e-06 2.58735e-05 -0.000101487 0.000125476 0.000133891 4.90817e-05 
8.07869e-05 5.63465e-05 6.64013e-05 6.49212e-05 6.27282e-05 0.00010864 2.96552e-05 0.000111097 8.24848e-06 -6.26217e-05 -8.69067e-05 0.000270251 6.36529e-05 -8.65174e-05 2.10464e-05 0.000132863 9.38431e-05 -6.97163e-05 3.25671e-05 7.08846e-05 
0.000458359 -0.000122949 0.000232675 3.07154e-05 0.00020066 0.000182497 0.000232996 0.000421318 0.000342777 -9.13756e-05 1.53875e-05 6.36529e-05 0.000781432 -0.000201677 3.86783e-05 -7.07867e-05 0.000637343 3.11064e-05 0.000316112 7.1649e-05 
-0.000231397 7.76673e-05 -4.63592e-05 -2.3247e-05 -6.36668e-05 -0.000105878 -0.0001184 -9.52734e-05 -4.81139e-05 -2.45765e-05 -7.73885e-05 -8.65174e-05 -0.000201677 0.000299905 -5.31242e-05 -0.000118645 -0.000226753 9.97752e-06 -0.0001409 -4.43812e-05 
7.24751e-05 -1.74028e-06 0.00010348 3.87093e-05 0.00019253 7.94072e-05 9.28619e-05 6.57903e-05 0.000178546 -4.03131e-06 -7.3002e-06 2.10464e-05 3.86783e-05 -5.31242e-05 0.00033181 -5.16686e-06 6.88032e-05 2.90956e-05 0.000158282 1.41631e-05 
1.16288e-05 0.000119825 5.22947e-05 0.000116889 7.49812e-05 0.000140811 0.000127043 0.000280273 -2.75054e-05 3.98754e-05 2.58735e-05 0.000132863 -7.07867e-05 -0.000118645 -5.16686e-06 0.000424313 9.42031e-05 9.22236e-06 3.87824e-05 0.000144355 
0.0003012 0.000112634 0.00039676 0.000117579 0.000339243 0.000336296 0.00035441 0.000716838 0.000432314 -7.46996e-05 -0.000101487 9.38431e-05 0.000637343 -0.000226753 6.88032e-05 9.42031e-05 0.00119805 4.19896e-05 0.000348039 0.000189496 
-3.40102e-05 8.65296e-05 1.10514e-05 0.000157769 0.000115134 0.000291402 0.000323597 0.000541744 0.000294966 5.50898e-05 0.000125476 -6.97163e-05 3.11064e-05 9.97752e-06 2.90956e-05 9.22236e-06 4.19896e-05 0.000749195 0.000284206 0.000141242 
0.000229689 3.98232e-05 0.00014447 0.000153826 0.000305466 0.000285484 0.000356198 0.000474758 0.000472327 -1.44735e-05 0.000133891 3.25671e-05 0.000316112 -0.0001409 0.000158282 3.87824e-05 0.000348039 0.000284206 0.000701225 0.000106427 
7.53275e-05 0.000127322 5.8894e-05 8.04475e-05 8.61072e-05 0.000236067 0.000195933 0.000476484 9.22003e-05 0.000104344 4.90817e-05 7.08846e-05 7.1649e-05 -4.43812e-05 1.41631e-05 0.000144355 0.000189496 0.000141242 0.000106427 0.000501515 
WEIGHT 0.00687052
ESPERANCE 0.387371 0.114071 0.0974031 0.0914083 0.0718458 0.0722328 0.0557943 0.100507 0.16128 0.25105 0.240717 0.322899 0.18295 0.24647 0.171827 0.228166 0.0757231 0.155193 0.153548 0.189882
COVARIANCE_MATRIX
6.0788e-05 -4.35507e-05 3.68858e-05 -1.73501e-05 3.9485e-05 -4.37702e-05 4.84818e-05 2.1713e-05 3.95172e-05 -6.18264e-06 3.97962e-05 6.49627e-06 4.34432e-05 -3.07286e-05 3.7816e-05 -1.34221e-07 7.08538e-05 -2.57934e-05 4.24365e-05 -2.09778e-05 
-4.35507e-05 3.35139e-05 -2.60403e-05 1.28646e-05 -2.82871e-05 3.22501e-05 -3.44288e-05 -1.68015e-05 -2.86435e-05 4.5652e-06 -2.93913e-05 -4.17982e-06 -3.07308e-05 2.12817e-05 -2.80071e-05 -6.12619e-08 -5.30464e-05 2.09798e-05 -2.9947e-05 1.47728e-05 
3.68858e-05 -2.60403e-05 2.52975e-05 -1.04165e-05 2.54687e-05 -2.71382e-05 3.15436e-05 1.28202e-05 2.56867e-05 -3.70003e-06 2.53656e-05 4.06942e-06 2.80803e-05 -2.05487e-05 2.34202e-05 -6.3496e-07 4.07637e-05 -1.19874e-05 2.75446e-05 -1.34995e-05 
-1.73501e-05 1.28646e-05 -1.04165e-05 7.23866e-06 -1.05933e-05 1.25789e-05 -1.25204e-05 -6.02812e-06 -1.05131e-05 1.92186e-06 -9.93266e-06 -2.85066e-06 -1.17071e-05 8.20647e-06 -1.1574e-05 -1.30038e-07 -2.31538e-05 1.14099e-05 -1.1673e-05 6.32715e-06 
3.9485e-05 -2.82871e-05 2.54687e-05 -1.05933e-05 2.93178e-05 -2.98716e-05 3.48354e-05 1.48152e-05 2.78789e-05 -3.46771e-06 2.92444e-05 2.7967e-06 2.89153e-05 -2.19475e-05 2.57106e-05 -5.25874e-07 4.30977e-05 -1.14405e-05 2.95861e-05 -1.40538e-05 
-4.37702e-05 3.22501e-05 -2.71382e-05 1.25789e-05 -2.98716e-05 3.59368e-05 -3.70938e-05 -1.91675e-05 -3.2609e-05 4.7099e-06 -3.36884e-05 -2.22732e-06 -3.13395e-05 2.22603e-05 -3.00531e-05 6.93902e-07 -4.89249e-05 1.63749e-05 -3.06037e-05 1.51885e-05 
4.84818e-05 -3.44288e-05 3.15436e-05 -1.25204e-05 3.48354e-05 -3.70938e-05 4.69659e-05 1.80526e-05 3.78948e-05 -4.74362e-06 3.82419e-05 3.25283e-06 3.71705e-05 -2.93129e-05 3.25786e-05 -1.47673e-06 4.96676e-05 -9.85386e-06 3.70854e-05 -1.90112e-05 
2.1713e-05 -1.68015e-05 1.28202e-05 -6.02812e-06 1.48152e-05 -1.91675e-05 1.80526e-05 1.52341e-05 1.70129e-05 -2.69014e-06 2.01026e-05 -2.27075e-06 1.41348e-05 -7.99097e-06 1.54842e-05 -1.66594e-07 2.43794e-05 -8.21708e-06 1.31692e-05 -5.50494e-06 
3.95172e-05 -2.86435e-05 2.56867e-05 -1.05131e-05 2.78789e-05 -3.2609e-05 3.78948e-05 1.70129e-05 3.9089e-05 -5.88857e-06 3.52509e-05 1.94654e-06 3.14267e-05 -2.44574e-05 2.9667e-05 -2.46031e-06 3.80972e-05 -7.54738e-06 2.97854e-05 -1.67694e-05 
-6.18264e-06 4.5652e-06 -3.70003e-06 1.92186e-06 -3.46771e-06 4.7099e-06 -4.74362e-06 -2.69014e-06 -5.88857e-06 3.16491e-06 -3.80766e-06 -1.35573e-06 -5.77968e-06 2.86173e-06 -3.97665e-06 5.04883e-07 -7.83392e-06 3.56152e-06 -4.57771e-06 3.14128e-06 
3.97962e-05 -2.93913e-05 2.53656e-05 -9.93266e-06 2.92444e-05 -3.36884e-05 3.82419e-05 2.01026e-05 3.52509e-05 -3.80766e-06 4.09828e-05 -2.63164e-06 2.77237e-05 -2.20308e-05 3.00014e-05 -1.44625e-06 3.8763e-05 -7.0216e-06 2.81755e-05 -1.36401e-05 
6.49627e-06 -4.17982e-06 4.06942e-06 -2.85066e-06 2.7967e-06 -2.22732e-06 3.25283e-06 -2.27075e-06 1.94654e-06 -1.35573e-06 -2.63164e-06 7.3617e-06 6.57595e-06 -5.0938e-06 2.31983e-06 3.21136e-07 9.29991e-06 -6.2156e-06 5.14011e-06 -3.88969e-06 
4.34432e-05 -3.07308e-05 2.80803e-05 -1.17071e-05 2.89153e-05 -3.13395e-05 3.71705e-05 1.41348e-05 3.14267e-05 -5.77968e-06 2.77237e-05 6.57595e-06 3.94657e-05 -2.52316e-05 2.53394e-05 -1.82488e-06 4.72449e-05 -1.33484e-05 3.29552e-05 -1.76197e-05 
-3.07286e-05 2.12817e-05 -2.05487e-05 8.20647e-06 -2.19475e-05 2.22603e-05 -2.93129e-05 -7.99097e-06 -2.44574e-05 2.86173e-06 -2.20308e-05 -5.0938e-06 -2.52316e-05 2.3475e-05 -2.0676e-05 1.00792e-06 -3.09335e-05 5.08494e-06 -2.44371e-05 1.39899e-05 
3.7816e-05 -2.80071e-05 2.34202e-05 -1.1574e-05 2.57106e-05 -3.00531e-05 3.25786e-05 1.54842e-05 2.9667e-05 -3.97665e-06 3.00014e-05 2.31983e-06 2.53394e-05 -2.0676e-05 3.01383e-05 -1.09321e-06 4.28786e-05 -1.50703e-05 2.64046e-05 -1.46252e-05 
-1.34221e-07 -6.12619e-08 -6.3496e-07 -1.30038e-07 -5.25874e-07 6.93902e-07 -1.47673e-06 -1.66594e-07 -2.46031e-06 5.04883e-07 -1.44625e-06 3.21136e-07 -1.82488e-06 1.00792e-06 -1.09321e-06 2.94681e-06 1.29304e-06 -2.59268e-06 -1.17215e-06 1.44656e-06 
7.08538e-05 -5.30464e-05 4.07637e-05 -2.31538e-05 4.30977e-05 -4.89249e-05 4.96676e-05 2.43794e-05 3.80972e-05 -7.83392e-06 3.8763e-05 9.29991e-06 4.72449e-05 -3.09335e-05 4.28786e-05 1.29304e-06 0.000106569 -4.88631e-05 4.84094e-05 -2.51325e-05 
-2.57934e-05 2.09798e-05 -1.19874e-05 1.14099e-05 -1.14405e-05 1.63749e-05 -9.85386e-06 -8.21708e-06 -7.54738e-06 3.56152e-06 -7.0216e-06 -6.2156e-06 -1.33484e-05 5.08494e-06 -1.50703e-05 -2.59268e-06 -4.88631e-05 3.7453e-05 -1.42984e-05 7.03617e-06 
4.24365e-05 -2.9947e-05 2.75446e-05 -1.1673e-05 2.95861e-05 -3.06037e-05 3.70854e-05 1.31692e-05 2.97854e-05 -4.57771e-06 2.81755e-05 5.14011e-06 3.29552e-05 -2.44371e-05 2.64046e-05 -1.17215e-06 4.84094e-05 -1.42984e-05 3.62358e-05 -1.73512e-05 
-2.09778e-05 1.47728e-05 -1.34995e-05 6.32715e-06 -1.40538e-05 1.51885e-05 -1.90112e-05 -5.50494e-06 -1.67694e-05 3.14128e-06 -1.36401e-05 -3.88969e-06 -1.76197e-05 1.39899e-05 -1.46252e-05 1.44656e-06 -2.51325e-05 7.03617e-06 -1.73512e-05 1.34351e-05 
WEIGHT 0.0113382
ESPERANCE 0.218648 0.187472 0.0842029 0.0940082 0.106296 0.141742 0.156303 0.228179 0.206027 0.213658 0.201218 0.277913 0.264879 0.195282 0.182938 0.197252 0.215892 0.186865 0.193573 0.211624
COVARIANCE_MATRIX
0.00118065 -0.000679636 0.00012182 -0.000216342 -8.12844e-05 4.46775e-05 -3.90392e-05 -6.07065e-05 0.000360016 0.000143299 0.000158932 -0.000109558 -1.91705e-05 0.000121404 0.000100627 -4.25396e-05 -0.000109772 3.20234e-05 0.000131603 2.58354e-05 
-0.000679636 0.000891327 -0.000182962 0.000199271 -5.24285e-05 -0.000150921 0.000102341 -0.00014459 -3.50568e-06 -5.55588e-05 -8.85784e-05 1.09438e-05 0.000204387 -0.000124002 -2.80748e-05 -0.000149707 0.000242237 -5.08499e-05 -0.000127927 4.65065e-05 
0.00012182 -0.000182962 0.000543313 -6.98144e-05 -8.10467e-05 0.000158618 -6.84535e-06 0.000117325 7.17483e-05 2.67678e-05 -9.85763e-06 0.000108788 1.37044e-05 -4.96677e-05 -1.43014e-05 0.000151468 3.44413e-05 -7.24932e-06 0.000112353 5.45153e-05 
-0.000216342 0.000199271 -6.98144e-05 0.000463885 -2.74478e-05 -5.01848e-05 -6.53484e-07 -9.96599e-05 -2.45584e-05 -7.29994e-06 -6.16233e-05 -0.000111572 9.6646e-05 6.84055e-05 4.51346e-05 -0.000106698 0.000103167 3.49809e-05 -6.92085e-05 5.43872e-06 
-8.12844e-05 -5.24285e-05 -8.10467e-05 -2.74478e-05 0.000470806 8.63686e-05 0.000293697 0.000294142 8.9486e-05 -0.00011541 -0.000153644 -7.01348e-05 0.000182113 1.56186e-05 8.4554e-05 6.238e-05 0.000238133 0.000226624 4.30146e-05 5.82316e-05 
4.46775e-05 -0.000150921 0.000158618 -5.01848e-05 8.63686e-05 0.000737788 0.000128075 0.000705277 0.00016125 -7.92344e-05 -0.000230059 0.00026977 6.51162e-05 -6.13656e-05 2.31818e-05 0.000400948 0.000348829 0.000168538 0.000329795 0.000170829 
-3.90392e-05 0.000102341 -6.84535e-06 -6.53484e-07 0.000293697 0.000128075 0.000785318 0.000338004 0.000548816 -0.000191987 -5.97499e-05 -0.000109885 0.000288616 4.09723e-05 9.00906e-05 -2.37955e-05 0.000450263 0.000429241 0.000181604 0.000202112 
-6.07065e-05 -0.00014459 0.000117325 -9.96599e-05 0.000294142 0.000705277 0.000338004 0.00135624 0.000169637 -0.0002798 -0.000322455 0.000230744 0.000243663 -0.000119194 0.000173343 0.000560694 0.000514991 0.000307358 0.000383216 0.000179139 
0.000360016 -3.50568e-06 7.17483e-05 -2.45584e-05 8.9486e-05 0.00016125 0.000548816 0.000169637 0.00150795 -0.00019558 0.00018389 -0.000337736 0.000346 0.000106239 4.59066e-05 -0.000326578 0.000561974 0.000483717 0.000359726 0.000322477 
0.000143299 -5.55588e-05 2.67678e-05 -7.29994e-06 -0.00011541 -7.92344e-05 -0.000191987 -0.0002798 -0.00019558 0.000629966 -2.81513e-05 -0.000186283 -8.87277e-05 8.79457e-06 -9.8914e-06 -1.96317e-05 -0.000265787 -6.2067e-05 1.57228e-05 6.70446e-05 
0.000158932 -8.85784e-05 -9.85763e-06 -6.16233e-05 -0.000153644 -0.000230059 -5.97499e-05 -0.000322455 0.00018389 -2.81513e-05 0.000730919 -0.000322077 -9.15648e-05 3.87686e-05 -1.82548e-05 -0.000216537 -0.00024814 -3.0246e-05 -2.30402e-06 -3.44513e-05 
-0.000109558 1.09438e-05 0.000108788 -0.000111572 -7.01348e-05 0.00026977 -0.000109885 0.000230744 -0.000337736 -0.000186283 -0.000322077 0.000896614 -0.000366866 -0.000103519 -0.000151554 0.000284737 5.36933e-05 -0.00018912 -2.50207e-06 -6.24621e-05 
-1.91705e-05 0.000204387 1.37044e-05 9.6646e-05 0.000182113 6.51162e-05 0.000288616 0.000243663 0.000346 -8.87277e-05 -9.15648e-05 -0.000366866 0.000814813 -0.0002439 0.000136666 -0.000224345 0.000487102 0.000211454 3.42764e-06 9.55802e-05 
0.000121404 -0.000124002 -4.96677e-05 6.84055e-05 1.56186e-05 -6.13656e-05 4.09723e-05 -0.000119194 0.000106239 8.79457e-06 3.87686e-05 -0.000103519 -0.0002439 0.000527235 -4.45241e-05 -4.81826e-05 -0.000215881 8.83976e-05 -3.68136e-06 9.67118e-06 
0.000100627 -2.80748e-05 -1.43014e-05 4.51346e-05 8.4554e-05 2.31818e-05 9.00906e-05 0.000173343 4.59066e-05 -9.8914e-06 -1.82548e-05 -0.000151554 0.000136666 -4.45241e-05 0.000417434 -5.7671e-05 2.96444e-05 5.51891e-05 3.45837e-05 -2.95225e-05 
-4.25396e-05 -0.000149707 0.000151468 -0.000106698 6.238e-05 0.000400948 -2.37955e-05 0.000560694 -0.000326578 -1.96317e-05 -0.000216537 0.000284737 -0.000224345 -4.81826e-05 -5.7671e-05 0.000925189 -0.000118665 -0.000131569 0.000182271 3.72978e-05 
-0.000109772 0.000242237 3.44413e-05 0.000103167 0.000238133 0.000348829 0.000450263 0.000514991 0.000561974 -0.000265787 -0.00024814 5.36933e-05 0.000487102 -0.000215881 2.96444e-05 -0.000118665 0.00105243 0.0002428 7.13116e-05 0.000169749 
3.20234e-05 -5.08499e-05 -7.24932e-06 3.49809e-05 0.000226624 0.000168538 0.000429241 0.000307358 0.000483717 -6.2067e-05 -3.0246e-05 -0.00018912 0.000211454 8.83976e-05 5.51891e-05 -0.000131569 0.0002428 0.000693501 0.0001232 0.000101338 
0.000131603 -0.000127927 0.000112353 -6.92085e-05 4.30146e-05 0.000329795 0.000181604 0.000383216 0.000359726 1.57228e-05 -2.30402e-06 -2.50207e-06 3.42764e-06 -3.68136e-06 3.45837e-05 0.000182271 7.13116e-05 0.0001232 0.000624464 9.1187e-05 
2.58354e-05 4.65065e-05 5.45153e-05 5.43872e-06 5.82316e-05 0.000170829 0.000202112 0.000179139 0.000322477 6.70446e-05 -3.44513e-05 -6.24621e-05 9.55802e-05 9.67118e-06 -2.95225e-05 3.72978e-05 0.000169749 0.000101338 9.1187e-05 0.000490566 
WEIGHT 0.0152763
ESPERANCE 0.41563 0.105823 0.106288 0.109351 0.0958562 0.110418 0.129463 0.195746 0.219547 0.268333 0.279488 0.293603 0.230387 0.214276 0.199049 0.207653 0.181501 0.203672 0.207772 0.228011
COVARIANCE_MATRIX
0.000971948 -0.000557683 0.000163855 -5.0784e-05 0.000132859 0.000216122 0.000228906 0.000469649 -1.95694e-05 0.000200495 0.000165109 0.000301755 0.000299515 -3.02937e-06 2.21494e-05 0.000349251 0.000131992 0.000149504 0.000223385 0.000184384 
-0.000557683 0.000773765 6.57455e-05 8.18952e-05 -1.83739e-06 -6.92895e-05 -1.32924e-05 -0.00013884 8.3137e-05 -0.000129889 -0.000145353 -4.32918e-05 -0.000105551 3.21138e-05 1.69362e-05 -4.71243e-05 -1.57377e-05 -2.0324e-05 -3.97239e-05 -9.97221e-05 
0.000163855 6.57455e-05 0.000456071 1.3499e-05 8.09979e-05 -3.02725e-05 9.76127e-05 0.000147126 6.09771e-05 -3.52866e-05 -2.22022e-05 0.000159554 0.000165013 2.79161e-05 -1.01039e-05 0.00013893 0.000136582 3.47812e-05 8.99819e-05 -1.09743e-05 
-5.0784e-05 8.18952e-05 1.3499e-05 0.000258134 6.6754e-05 3.35045e-05 7.56448e-05 6.49136e-05 -7.71593e-06 1.97496e-05 -5.19576e-06 7.0353e-05 1.798e-05 -7.8632e-06 2.28486e-05 6.03325e-05 2.64392e-05 7.40397e-05 5.91356e-05 2.40125e-05 
0.000132859 -1.83739e-06 8.09979e-05 6.6754e-05 0.000472923 7.85821e-05 0.000205166 0.000260244 8.64497e-05 1.97982e-06 -2.0333e-05 5.64019e-05 0.000151334 0.000100788 8.38923e-05 0.000153663 0.000115596 0.000135854 0.000153145 4.21986e-05 
0.000216122 -6.92895e-05 -3.02725e-05 3.35045e-05 7.85821e-05 0.0005852 0.000238391 0.00041923 3.87301e-05 4.6518e-05 4.4839e-05 1.6299e-05 0.000119943 8.30545e-05 3.33549e-05 0.000172417 0.000191292 0.000197512 0.000227039 0.000220208 
0.000228906 -1.32924e-05 9.76127e-05 7.56448e-05 0.000205166 0.000238391 0.000704968 0.000538812 0.000210974 7.28875e-05 7.48819e-05 6.70245e-05 0.00019585 1.67146e-05 0.000113348 0.000127146 0.000326959 0.000300856 0.00036875 0.000269439 
0.000469649 -0.00013884 0.000147126 6.49136e-05 0.000260244 0.00041923 0.000538812 0.00141066 0.000163112 -3.2523e-06 0.000102961 0.000133876 0.000372683 0.000135774 4.69529e-05 0.000443155 0.000413418 0.000340453 0.000496307 0.000403512 
-1.95694e-05 8.3137e-05 6.09771e-05 -7.71593e-06 8.64497e-05 3.87301e-05 0.000210974 0.000163112 0.000727654 -3.38703e-05 -5.53909e-05 -0.000133115 0.000133452 5.4458e-05 3.48151e-05 -0.000195431 0.000413841 8.9828e-05 0.000227616 0.000215038 
0.000200495 -0.000129889 -3.52866e-05 1.97496e-05 1.97982e-06 4.6518e-05 7.28875e-05 -3.2523e-06 -3.38703e-05 0.000578346 7.26376e-05 -0.000184305 -3.37101e-05 -5.24553e-05 5.27126e-05 2.19253e-05 -1.13396e-05 0.000155463 6.0782e-05 0.000218614 
0.000165109 -0.000145353 -2.22022e-05 -5.19576e-06 -2.0333e-05 4.4839e-05 7.48819e-05 0.000102961 -5.53909e-05 7.26376e-05 0.000479404 -0.000145969 1.54811e-05 -1.77331e-05 5.90373e-05 -8.5475e-06 -1.15327e-05 -5.19492e-05 8.46749e-05 0.000150954 
0.000301755 -4.32918e-05 0.000159554 7.0353e-05 5.64019e-05 1.6299e-05 6.70245e-05 0.000133876 -0.000133115 -0.000184305 -0.000145969 0.000824376 -3.76181e-05 -0.000154324 -8.00894e-05 0.000271599 -7.72202e-05 5.18873e-05 -6.71377e-06 -0.00012751 
0.000299515 -0.000105551 0.000165013 1.798e-05 0.000151334 0.000119943 0.00019585 0.000372683 0.000133452 -3.37101e-05 1.54811e-05 -3.76181e-05 0.000723673 3.26283e-05 -0.000113672 9.29196e-06 0.000239778 4.04721e-05 0.000180381 0.000116149 
-3.02937e-06 3.21138e-05 2.79161e-05 -7.8632e-06 0.000100788 8.30545e-05 1.67146e-05 0.000135774 5.4458e-05 -5.24553e-05 -1.77331e-05 -0.000154324 3.26283e-05 0.000483783 3.54173e-07 -6.22908e-05 -2.35e-05 2.26218e-05 1.19413e-05 5.42323e-05 
2.21494e-05 1.69362e-05 -1.01039e-05 2.28486e-05 8.38923e-05 3.33549e-05 0.000113348 4.69529e-05 3.48151e-05 5.27126e-05 5.90373e-05 -8.00894e-05 -0.000113672 3.54173e-07 0.000421545 3.11272e-05 -7.69691e-05 -1.88506e-05 4.52726e-05 -2.35045e-05 
0.000349251 -4.71243e-05 0.00013893 6.03325e-05 0.000153663 0.000172417 0.000127146 0.000443155 -0.000195431 2.19253e-05 -8.5475e-06 0.000271599 9.29196e-06 -6.22908e-05 3.11272e-05 0.000755378 -5.98209e-05 4.08824e-05 0.000102964 -1.96706e-05 
0.000131992 -1.57377e-05 0.000136582 2.64392e-05 0.000115596 0.000191292 0.000326959 0.000413418 0.000413841 -1.13396e-05 -1.15327e-05 -7.72202e-05 0.000239778 -2.35e-05 -7.69691e-05 -5.98209e-05 0.00080206 0.000110142 0.000229777 0.000177877 
0.000149504 -2.0324e-05 3.47812e-05 7.40397e-05 0.000135854 0.000197512 0.000300856 0.000340453 8.9828e-05 0.000155463 -5.19492e-05 5.18873e-05 4.04721e-05 2.26218e-05 -1.88506e-05 4.08824e-05 0.000110142 0.000596581 0.000149824 0.000101322 
0.000223385 -3.97239e-05 8.99819e-05 5.91356e-05 0.000153145 0.000227039 0.00036875 0.000496307 0.000227616 6.0782e-05 8.46749e-05 -6.71377e-06 0.000180381 1.19413e-05 4.52726e-05 0.000102964 0.000229777 0.000149824 0.000643281 0.000197839 
0.000184384 -9.97221e-05 -1.09743e-05 2.40125e-05 4.21986e-05 0.000220208 0.000269439 0.000403512 0.000215038 0.000218614 0.000150954 -0.00012751 0.000116149 5.42323e-05 -2.35045e-05 -1.96706e-05 0.000177877 0.000101322 0.000197839 0.000764071 
WEIGHT 0.0159375
ESPERANCE 0.226923 0.132201 0.0765693 0.0824015 0.0851971 0.108709 0.0883943 0.155338 0.13681 0.222962 0.166967 0.327872 0.157174 0.242495 0.142386 0.223241 0.127165 0.123487 0.139368 0.195948
COVARIANCE_MATRIX
0.000866982 -0.000443746 3.59762e-05 -0.000119441 4.66925e-05 0.000190535 -4.22283e-05 0.000296164 0.000259501 -2.52198e-05 0.00024343 -1.49185e-05 0.000368309 -0.000147053 9.28223e-05 0.00017001 5.47163e-05 6.6413e-05 0.00012214 6.86158e-05 
-0.000443746 0.000631654 -0.000154498 0.000127272 -3.34123e-05 -4.33856e-05 6.56856e-05 5.86011e-05 -0.000249771 0.000115941 -0.000287461 0.000120933 -0.000163455 9.98083e-05 -0.000124066 8.55708e-05 5.61723e-06 4.48146e-05 -0.000131465 0.000106885 
3.59762e-05 -0.000154498 0.000324135 -6.91375e-05 0.000110381 8.45137e-05 7.57541e-05 0.000103218 9.4694e-05 -4.44412e-05 0.000106919 -2.9432e-05 0.000172774 -8.80209e-05 6.21756e-05 1.62815e-05 0.00013484 5.73909e-05 0.000123947 -3.68657e-07 
-0.000119441 0.000127272 -6.91375e-05 0.000151994 -2.96543e-05 -1.27824e-05 -1.82773e-05 7.44635e-07 -0.000130822 4.49711e-05 -0.000119349 2.81311e-05 -9.46274e-05 8.28931e-05 -4.89608e-05 4.07752e-05 -1.86027e-05 1.17066e-05 -9.17461e-05 3.11325e-05 
4.66925e-05 -3.34123e-05 0.000110381 -2.96543e-05 0.000271934 0.000104101 0.000140478 0.00021648 -8.44773e-07 -1.04755e-05 -1.21826e-05 2.46337e-05 0.000132404 -3.50213e-05 1.05907e-05 0.000132374 0.000186704 9.42636e-05 5.7853e-05 5.73982e-05 
0.000190535 -4.33856e-05 8.45137e-05 -1.27824e-05 0.000104101 0.00032737 0.000121361 0.000440118 9.54096e-05 1.57368e-05 5.38296e-05 7.40347e-05 0.000112957 -8.2089e-05 5.94993e-05 0.000207952 0.000127233 0.000216879 0.00011967 0.000179568 
-4.22283e-05 6.56856e-05 7.57541e-05 -1.82773e-05 0.000140478 0.000121361 0.000344222 0.000270006 8.06048e-05 -4.22233e-05 4.86278e-05 -1.54831e-06 0.000117488 -5.05545e-05 9.68698e-05 7.0541e-05 0.000177217 0.000140607 0.000215533 2.55008e-05 
0.000296164 5.86011e-05 0.000103218 7.44635e-07 0.00021648 0.000440118 0.000270006 0.000861606 7.99236e-05 3.44792e-05 1.89912e-05 0.000129321 0.00025161 -9.31564e-05 5.29709e-05 0.000366749 0.000259389 0.000412214 0.000163548 0.000281707 
0.000259501 -0.000249771 9.4694e-05 -0.000130822 -8.44773e-07 9.54096e-05 8.06048e-05 7.99236e-05 0.000458803 -0.000110059 0.000305301 -0.000114931 0.000197441 -0.00015 0.000228753 -0.000105345 5.26708e-05 2.92513e-05 0.000343041 -8.54498e-05 
-2.52198e-05 0.000115941 -4.44412e-05 4.49711e-05 -1.04755e-05 1.57368e-05 -4.22233e-05 3.44792e-05 -0.000110059 0.000129674 -0.000103242 4.39865e-05 -5.51892e-05 1.7371e-05 -5.97812e-05 8.49641e-05 -3.20987e-05 1.56266e-05 -8.41019e-05 0.000108702 
0.00024343 -0.000287461 0.000106919 -0.000119349 -1.21826e-05 5.38296e-05 4.86278e-05 1.89912e-05 0.000305301 -0.000103242 0.000412146 -0.000130195 0.000174473 -0.000151442 0.000196078 -0.000129725 2.35317e-05 -1.17774e-07 0.000269183 -9.4629e-05 
-1.49185e-05 0.000120933 -2.9432e-05 2.81311e-05 2.46337e-05 7.40347e-05 -1.54831e-06 0.000129321 -0.000114931 4.39865e-05 -0.000130195 0.000155213 -9.89605e-05 2.38414e-05 -9.39246e-05 0.00014257 -2.28181e-05 5.55628e-05 -0.000104947 0.000120996 
0.000368309 -0.000163455 0.000172774 -9.46274e-05 0.000132404 0.000112957 0.000117488 0.00025161 0.000197441 -5.51892e-05 0.000174473 -9.89605e-05 0.000587922 -0.000197901 8.86362e-05 3.23217e-05 0.000259575 8.08215e-05 0.000216488 -4.91218e-05 
-0.000147053 9.98083e-05 -8.80209e-05 8.28931e-05 -3.50213e-05 -8.2089e-05 -5.05545e-05 -9.31564e-05 -0.00015 1.7371e-05 -0.000151442 2.38414e-05 -0.000197901 0.000180649 -9.92673e-05 -1.98949e-06 -9.12386e-05 -4.14969e-05 -0.000156552 2.44397e-06 
9.28223e-05 -0.000124066 6.21756e-05 -4.89608e-05 1.05907e-05 5.94993e-05 9.68698e-05 5.29709e-05 0.000228753 -5.97812e-05 0.000196078 -9.39246e-05 8.86362e-05 -9.92673e-05 0.000301135 -0.000103958 2.9015e-05 1.91985e-05 0.00021877 -5.84049e-05 
0.00017001 8.55708e-05 1.62815e-05 4.07752e-05 0.000132374 0.000207952 7.0541e-05 0.000366749 -0.000105345 8.49641e-05 -0.000129725 0.00014257 3.23217e-05 -1.98949e-06 -0.000103958 0.000378053 5.74815e-05 0.000109908 -8.10027e-05 0.000217086 
5.47163e-05 5.61723e-06 0.00013484 -1.86027e-05 0.000186704 0.000127233 0.000177217 0.000259389 5.26708e-05 -3.20987e-05 2.35317e-05 -2.28181e-05 0.000259575 -9.12386e-05 2.9015e-05 5.74815e-05 0.000363346 0.000121206 0.000117927 1.47733e-05 
6.6413e-05 4.48146e-05 5.73909e-05 1.17066e-05 9.42636e-05 0.000216879 0.000140607 0.000412214 2.92513e-05 1.56266e-05 -1.17774e-07 5.55628e-05 8.08215e-05 -4.14969e-05 1.91985e-05 0.000109908 0.000121206 0.000367932 7.62851e-05 0.000119719 
0.00012214 -0.000131465 0.000123947 -9.17461e-05 5.7853e-05 0.00011967 0.000215533 0.000163548 0.000343041 -8.41019e-05 0.000269183 -0.000104947 0.000216488 -0.000156552 0.00021877 -8.10027e-05 0.000117927 7.62851e-05 0.000479706 -7.43569e-05 
6.86158e-05 0.000106885 -3.68657e-07 3.11325e-05 5.73982e-05 0.000179568 2.55008e-05 0.000281707 -8.54498e-05 0.000108702 -9.4629e-05 0.000120996 -4.91218e-05 2.44397e-06 -5.84049e-05 0.000217086 1.47733e-05 0.000119719 -7.43569e-05 0.000283283 
WEIGHT 0.0131192
ESPERANCE 0.209501 0.134593 0.082247 0.0786606 0.0819988 0.119046 0.116577 0.167204 0.175077 0.21673 0.203772 0.296651 0.189172 0.216549 0.174381 0.188236 0.152972 0.149157 0.175621 0.191671
COVARIANCE_MATRIX
0.000955639 -0.000414249 -1.84077e-05 -7.82747e-05 -1.58496e-05 0.000129194 -9.10105e-05 0.000240492 0.000282633 -9.57008e-06 0.000124082 5.58172e-05 7.34988e-05 4.9832e-05 -3.69417e-06 0.000138245 -1.12808e-05 7.9678e-06 0.000132839 6.18196e-05 
-0.000414249 0.000838057 -6.62661e-05 0.00011318 7.21457e-05 7.11444e-05 5.43726e-05 0.000341938 -0.000263552 0.00016882 -0.00032025 0.000253623 -3.14015e-05 0.000109994 -0.000131237 0.000236896 0.000130677 0.00012129 -6.66262e-06 0.000107175 
-1.84077e-05 -6.62661e-05 0.000354009 -5.84044e-05 5.15948e-05 7.08407e-05 6.1301e-05 4.9483e-05 6.19268e-05 -1.26982e-05 1.37062e-05 -1.07784e-06 0.00014326 -8.01232e-05 1.1383e-05 1.79045e-05 0.000101751 6.38943e-05 5.76734e-05 3.97145e-05 
-7.82747e-05 0.00011318 -5.84044e-05 0.000214755 -1.85398e-06 1.94223e-05 -2.97839e-05 8.13405e-05 -0.000111192 3.14185e-05 -0.000115598 7.69081e-05 -9.38203e-05 9.83596e-05 -3.37877e-06 8.89915e-05 6.28475e-06 3.25548e-06 -4.17251e-05 -6.88645e-06 
-1.58496e-05 7.21457e-05 5.15948e-05 -1.85398e-06 0.000317211 0.000105201 8.908e-05 0.000214348 -5.4099e-05 1.49374e-05 -9.59764e-05 7.04988e-05 1.96219e-05 4.73186e-05 1.39911e-05 0.000136433 0.000150025 0.000108597 5.0897e-05 3.76713e-05 
0.000129194 7.11444e-05 7.08407e-05 1.94223e-05 0.000105201 0.000419187 0.000142629 0.00048577 7.47428e-05 5.97183e-05 -5.87163e-05 0.000154931 -1.56962e-05 3.52555e-05 5.54731e-05 0.000226629 0.000182746 0.000215627 0.000182118 0.000183496 
-9.10105e-05 5.43726e-05 6.1301e-05 -2.97839e-05 8.908e-05 0.000142629 0.000558258 0.000327601 0.000222817 -4.79985e-05 0.000167186 -0.000139096 0.000230647 -0.000115512 0.00011544 -3.86539e-05 0.000281485 0.000272667 0.000269363 8.02133e-05 
0.000240492 0.000341938 4.9483e-05 8.13405e-05 0.000214348 0.00048577 0.000327601 0.00129325 5.05032e-05 0.000120927 -0.000179905 0.000254544 9.00105e-05 0.000155086 -4.10898e-05 0.000429831 0.000404776 0.00047249 0.000329888 0.0003387 
0.000282633 -0.000263552 6.19268e-05 -0.000111192 -5.4099e-05 7.47428e-05 0.000222817 5.05032e-05 0.000704173 -0.000181102 0.000339097 -0.000287906 0.000274233 -0.000178417 0.000184086 -0.00018774 0.000163301 0.000109878 0.000302158 4.5002e-05 
-9.57008e-06 0.00016882 -1.26982e-05 3.14185e-05 1.49374e-05 5.97183e-05 -4.79985e-05 0.000120927 -0.000181102 0.00035131 -0.000160956 7.22183e-05 -8.77944e-05 3.0103e-05 -5.52991e-05 0.000130892 -1.39542e-05 7.93277e-05 -1.25391e-05 0.000119434 
0.000124082 -0.00032025 1.37062e-05 -0.000115598 -9.59764e-05 -5.87163e-05 0.000167186 -0.000179905 0.000339097 -0.000160956 0.000651202 -0.000431337 0.000268921 -0.000265544 0.000190132 -0.000288796 -1.03246e-05 1.26048e-05 0.000144059 -2.02806e-05 
5.58172e-05 0.000253623 -1.07784e-06 7.69081e-05 7.04988e-05 0.000154931 -0.000139096 0.000254544 -0.000287906 7.22183e-05 -0.000431337 0.000581728 -0.000333518 0.00019517 -0.00016901 0.000354228 -4.61311e-05 -5.00649e-05 -6.78451e-05 4.95472e-05 
7.34988e-05 -3.14015e-05 0.00014326 -9.38203e-05 1.96219e-05 -1.56962e-05 0.000230647 9.00105e-05 0.000274233 -8.77944e-05 0.000268921 -0.000333518 0.000724187 -0.00027003 -2.90196e-07 -0.000212196 0.000234473 0.000116104 0.000162531 8.86969e-06 
4.9832e-05 0.000109994 -8.01232e-05 9.83596e-05 4.73186e-05 3.52555e-05 -0.000115512 0.000155086 -0.000178417 3.0103e-05 -0.000265544 0.00019517 -0.00027003 0.000408843 -0.000133447 0.000123701 -4.9151e-05 -1.43778e-05 -0.000111095 -2.02762e-06 
-3.69417e-06 -0.000131237 1.1383e-05 -3.37877e-06 1.39911e-05 5.54731e-05 0.00011544 -4.10898e-05 0.000184086 -5.52991e-05 0.000190132 -0.00016901 -2.90196e-07 -0.000133447 0.000431752 -0.000135449 -4.18142e-05 -3.09595e-06 8.61656e-05 -2.11531e-05 
0.000138245 0.000236896 1.79045e-05 8.89915e-05 0.000136433 0.000226629 -3.86539e-05 0.000429831 -0.00018774 0.000130892 -0.000288796 0.000354228 -0.000212196 0.000123701 -0.000135449 0.000599137 2.33367e-06 2.95117e-05 3.4551e-05 0.000104102 
-1.12808e-05 0.000130677 0.000101751 6.28475e-06 0.000150025 0.000182746 0.000281485 0.000404776 0.000163301 -1.39542e-05 -1.03246e-05 -4.61311e-05 0.000234473 -4.9151e-05 -4.18142e-05 2.33367e-06 0.000537037 0.000225284 0.000155829 0.000103445 
7.9678e-06 0.00012129 6.38943e-05 3.25548e-06 0.000108597 0.000215627 0.000272667 0.00047249 0.000109878 7.93277e-05 1.26048e-05 -5.00649e-05 0.000116104 -1.43778e-05 -3.09595e-06 2.95117e-05 0.000225284 0.000546513 0.000141839 0.000152048 
0.000132839 -6.66262e-06 5.76734e-05 -4.17251e-05 5.0897e-05 0.000182118 0.000269363 0.000329888 0.000302158 -1.25391e-05 0.000144059 -6.78451e-05 0.000162531 -0.000111095 8.61656e-05 3.4551e-05 0.000155829 0.000141839 0.000491553 3.8036e-05 
6.18196e-05 0.000107175 3.97145e-05 -6.88645e-06 3.76713e-05 0.000183496 8.02133e-05 0.0003387 4.5002e-05 0.000119434 -2.02806e-05 4.95472e-05 8.86969e-06 -2.02762e-06 -2.11531e-05 0.000104102 0.000103445 0.000152048 3.8036e-05 0.000415048 
WEIGHT 0.00472144
ESPERANCE 0.226628 0.136972 0.0353287 0.0953535 0.062325 0.0457796 0.0397715 0.0813665 0.0724919 0.229706 0.121241 0.324289 0.139013 0.271674 0.111332 0.216765 0.102286 0.0766238 0.0634097 0.171865
COVARIANCE_MATRIX
1.00278e-06 2.09131e-09 -1.80482e-09 2.46947e-09 -3.17812e-09 -2.67705e-09 4.43657e-09 1.11509e-09 -4.99753e-09 -9.38361e-10 3.80196e-09 -3.58774e-09 3.66668e-09 -1.35066e-09 1.23883e-08 4.86461e-10 -8.2752e-09 3.98774e-09 4.66416e-09 -2.70839e-09 
2.09131e-09 1.0026e-06 -2.86372e-09 1.24e-09 -4.78724e-09 -2.02911e-09 4.63807e-09 3.45979e-10 -4.69246e-09 -8.44947e-10 4.9126e-09 -1.77964e-09 3.97873e-10 -1.03946e-09 1.23794e-08 1.05933e-09 -1.25765e-08 1.25417e-09 6.40987e-09 -5.4329e-10 
-1.80482e-09 -2.86372e-09 1.00339e-06 -6.89594e-10 5.59691e-09 1.75846e-09 -4.79626e-09 3.94799e-12 4.61877e-09 8.1299e-10 -5.49367e-09 9.70203e-10 1.10245e-09 9.12239e-10 -1.25501e-08 -1.33777e-09 1.47355e-08 -7.80089e-12 -7.30428e-09 -4.49571e-10 
2.46947e-09 1.24e-09 -6.89594e-10 1.00258e-06 -1.36699e-09 -2.37582e-09 3.15496e-09 1.29403e-09 -3.87698e-09 -7.53176e-10 2.13278e-09 -3.75303e-09 4.69699e-09 -1.18147e-09 9.15866e-09 7.65051e-12 -3.49609e-09 4.62242e-09 2.38212e-09 -3.3256e-09 
-3.17812e-09 -4.78724e-09 5.59691e-09 -1.36699e-09 1.00926e-06 3.09157e-09 -8.12252e-09 -1.15379e-10 7.90162e-09 1.39614e-09 -9.16294e-09 1.93692e-09 1.35284e-09 1.60235e-09 -2.13381e-08 -2.18378e-09 2.43667e-08 -4.44268e-10 -1.21406e-08 -4.21767e-10 
-2.67705e-09 -2.02911e-09 1.75846e-09 -2.37582e-09 3.09157e-09 1.00259e-06 -4.2921e-09 -1.07141e-09 4.82797e-09 9.10026e-10 -3.68951e-09 3.44588e-09 -3.50286e-09 1.29626e-09 -1.19801e-08 -4.69958e-10 8.0539e-09 -3.83645e-09 -4.52794e-09 2.59785e-09 
4.43657e-09 4.63807e-09 -4.79626e-09 3.15496e-09 -8.12252e-09 -4.2921e-09 1.00874e-06 1.15283e-09 -9.16505e-09 -1.6744e-09 8.68035e-09 -4.55644e-09 2.84991e-09 -2.18658e-09 2.36699e-08 1.65741e-09 -2.12906e-08 4.14061e-09 1.11377e-08 -2.42002e-09 
1.11509e-09 3.45979e-10 3.94799e-12 1.29403e-09 -1.15379e-10 -1.07141e-09 1.15283e-09 1.00069e-06 -1.55605e-09 -3.12337e-10 5.3365e-10 -1.88724e-09 2.61545e-09 -5.27424e-10 3.49696e-09 -1.44184e-10 -2.49024e-10 2.45781e-09 4.67329e-10 -1.81664e-09 
-4.99753e-09 -4.69246e-09 4.61877e-09 -3.87698e-09 7.90162e-09 4.82797e-09 -9.16505e-09 -1.55605e-09 1.00984e-06 1.81406e-09 -8.70957e-09 5.61279e-09 -4.44127e-09 2.45069e-09 -2.50705e-08 -1.50638e-09 2.06749e-08 -5.57594e-09 -1.10337e-08 3.50594e-09 
-9.38361e-10 -8.44947e-10 8.1299e-10 -7.53176e-10 1.39614e-09 9.10026e-10 -1.6744e-09 -3.12337e-10 1.81406e-09 1.00034e-06 -1.5614e-09 1.08681e-09 -9.18767e-10 4.55974e-10 -4.59931e-09 -2.52347e-10 3.65194e-09 -1.12276e-09 -1.96464e-09 7.18231e-10 
3.80196e-09 4.9126e-09 -5.49367e-09 2.13278e-09 -9.16294e-09 -3.68951e-09 8.68035e-09 5.3365e-10 -8.70957e-09 -1.5614e-09 1.00932e-06 -3.0556e-09 2.69681e-10 -1.89646e-09 2.30891e-08 2.05822e-09 -2.40796e-08 1.93647e-09 1.22082e-08 -6.9591e-10 
-3.58774e-09 -1.77964e-09 9.70203e-10 -3.75303e-09 1.93692e-09 3.44588e-09 -4.55644e-09 -1.88724e-09 5.61279e-09 1.08681e-09 -3.0556e-09 1.00547e-06 -6.87467e-09 1.72044e-09 -1.32396e-08 -4.72749e-12 4.9477e-09 -6.73603e-09 -3.4045e-09 4.85582e-09 
3.66668e-09 3.97873e-10 1.10245e-09 4.69699e-09 1.35284e-09 -3.50286e-09 2.84991e-09 2.61545e-09 -4.44127e-09 -9.18767e-10 2.69681e-10 -6.87467e-09 1.01031e-06 -1.72829e-09 9.2813e-09 -9.598e-10 3.77623e-09 9.32064e-09 -5.55182e-10 -7.04591e-09 
-1.35066e-09 -1.03946e-09 9.12239e-10 -1.18147e-09 1.60235e-09 1.29626e-09 -2.18658e-09 -5.27424e-10 2.45069e-09 4.55974e-10 -1.89646e-09 1.72044e-09 -1.72829e-09 1.00067e-06 -6.08966e-09 -2.59519e-10 4.17048e-09 -1.88449e-09 -2.33733e-09 1.27588e-09 
