DESCRIPTOR_NAME Steinhardt
FILTER_TYPE element
NUMBER_OF_DIMENSION 20
CUTOFF_RADIUS 5.000000
STEINHARDT_STYLE Multi
AVE_STYLE none
STEINHARDT_MODE Full
FILTER_VALUE Au
NUMBER_OF_CLUSTER 15
WEIGHT 0.0139694
ESPERANCE 0.360088 0.122159 0.0703276 0.112356 0.0344229 0.0732042 0.0300301 0.0774612 0.137879 0.226953 0.210755 0.344455 0.151112 0.278324 0.16597 0.224132 0.0901303 0.0756286 0.0960332 0.193904
COVARIANCE_MATRIX
4.94878e-05 -3.24457e-05 3.33942e-05 -1.03167e-05 5.0392e-05 4.24282e-06 5.49161e-05 3.67319e-05 2.08217e-05 -4.78764e-07 2.78999e-05 -7.26278e-06 4.02397e-05 -1.64881e-05 3.01015e-05 1.16975e-06 5.14021e-05 -2.24876e-06 2.35217e-05 1.23984e-05 
-3.24457e-05 2.30408e-05 -2.23289e-05 6.81489e-06 -3.34689e-05 -2.75878e-06 -3.72676e-05 -2.47873e-05 -1.40891e-05 3.43591e-07 -1.86353e-05 4.90243e-06 -2.77703e-05 1.10867e-05 -1.98293e-05 -5.27345e-07 -3.39066e-05 1.31259e-06 -1.63108e-05 -8.17348e-06 
3.33942e-05 -2.23289e-05 6.09878e-05 -7.52824e-06 1.04744e-05 2.37987e-06 4.85454e-05 2.66678e-05 -1.79502e-05 -7.44952e-07 3.21673e-05 -4.53125e-06 5.49343e-05 -1.1435e-05 -2.34946e-06 1.03247e-07 3.82557e-05 7.99383e-07 1.04711e-05 8.3566e-06 
-1.03167e-05 6.81489e-06 -7.52824e-06 3.66993e-06 -1.06447e-05 -9.84854e-07 -1.22676e-05 -7.9034e-06 -4.21189e-06 -1.47935e-07 -6.84771e-06 1.54979e-06 -8.20032e-06 3.93547e-06 -6.59218e-06 -4.00858e-07 -1.0344e-05 6.59055e-07 -5.88212e-06 -2.81722e-06 
5.0392e-05 -3.34689e-05 1.04744e-05 -1.06447e-05 7.51461e-05 4.84583e-06 5.90998e-05 4.05386e-05 5.31364e-05 -1.05606e-06 2.74704e-05 -1.07409e-05 2.17262e-05 -1.62059e-05 4.88704e-05 2.94769e-06 4.2285e-05 -1.72139e-06 4.14097e-05 1.45682e-05 
4.24282e-06 -2.75878e-06 2.37987e-06 -9.84854e-07 4.84583e-06 1.68457e-06 4.86209e-06 3.03162e-06 2.77001e-06 -5.17368e-08 2.62413e-06 -6.84545e-07 3.03477e-06 -1.70389e-06 2.8543e-06 4.21022e-07 4.39275e-06 -1.89226e-07 2.61309e-06 1.20688e-06 
5.49161e-05 -3.72676e-05 4.85454e-05 -1.22676e-05 5.90998e-05 4.86209e-06 8.97569e-05 4.93499e-05 3.57391e-05 -2.46391e-06 5.09615e-05 -1.4308e-05 5.27382e-05 -1.77715e-05 3.09553e-05 2.99945e-06 3.58187e-05 3.37601e-06 5.72723e-05 1.63659e-05 
3.67319e-05 -2.47873e-05 2.66678e-05 -7.9034e-06 4.05386e-05 3.03162e-06 4.93499e-05 3.1987e-05 2.16517e-05 -1.12057e-06 2.65648e-05 -7.72809e-06 3.1277e-05 -1.16922e-05 2.30109e-05 1.33573e-06 3.18302e-05 9.34496e-08 2.79812e-05 1.01279e-05 
2.08217e-05 -1.40891e-05 -1.79502e-05 -4.21189e-06 5.31364e-05 2.77001e-06 3.57391e-05 2.16517e-05 6.28744e-05 -1.87853e-06 1.44819e-05 -9.961e-06 -7.90092e-06 -5.64085e-06 3.73074e-05 3.57674e-06 -1.85236e-06 2.11518e-06 4.5632e-05 8.25919e-06 
-4.78764e-07 3.43591e-07 -7.44952e-07 -1.47935e-07 -1.05606e-06 -5.17368e-08 -2.46391e-06 -1.12057e-06 -1.87853e-06 1.50501e-06 -1.41637e-06 6.89016e-07 -1.06694e-06 -2.74606e-07 -9.35492e-08 -8.32216e-08 1.00787e-06 -4.97976e-07 -2.63534e-06 -1.40205e-07 
2.78999e-05 -1.86353e-05 3.21673e-05 -6.84771e-06 2.74704e-05 2.62413e-06 5.09615e-05 2.65648e-05 1.44819e-05 -1.41637e-06 3.50576e-05 -8.35753e-06 3.02252e-05 -9.29535e-06 1.13573e-05 2.3307e-06 1.4689e-05 2.72554e-06 3.4094e-05 9.27744e-06 
-7.26278e-06 4.90243e-06 -4.53125e-06 1.54979e-06 -1.07409e-05 -6.84545e-07 -1.4308e-05 -7.72809e-06 -9.961e-06 6.89016e-07 -8.35753e-06 4.28135e-06 -5.69284e-06 2.07681e-06 -5.91667e-06 -5.53188e-07 -2.0826e-06 -1.26744e-06 -1.25521e-05 -2.27048e-06 
4.02397e-05 -2.77703e-05 5.49343e-05 -8.20032e-06 2.17262e-05 3.03477e-06 5.27382e-05 3.1277e-05 -7.90092e-06 -1.06694e-06 3.02252e-05 -5.69284e-06 5.95503e-05 -1.43206e-05 5.9596e-06 -8.85878e-07 4.73342e-05 4.35328e-07 1.39296e-05 8.48868e-06 
-1.64881e-05 1.10867e-05 -1.1435e-05 3.93547e-06 -1.62059e-05 -1.70389e-06 -1.77715e-05 -1.16922e-05 -5.64085e-06 -2.74606e-07 -9.29535e-06 2.07681e-06 -1.43206e-05 8.11267e-06 -1.00871e-05 -3.33289e-07 -1.90107e-05 7.38252e-07 -7.02175e-06 -3.84603e-06 
3.01015e-05 -1.98293e-05 -2.34946e-06 -6.59218e-06 4.88704e-05 2.8543e-06 3.09553e-05 2.30109e-05 3.73074e-05 -9.35492e-08 1.13573e-05 -5.91667e-06 5.9596e-06 -1.00871e-05 3.80907e-05 1.2406e-06 2.52511e-05 -2.12345e-06 2.29814e-05 8.44033e-06 
1.16975e-06 -5.27345e-07 1.03247e-07 -4.00858e-07 2.94769e-06 4.21022e-07 2.99945e-06 1.33573e-06 3.57674e-06 -8.32216e-08 2.3307e-06 -5.53188e-07 -8.85878e-07 -3.33289e-07 1.2406e-06 2.34487e-06 -1.0764e-06 -3.11595e-07 3.33271e-06 1.19724e-06 
5.14021e-05 -3.39066e-05 3.82557e-05 -1.0344e-05 4.2285e-05 4.39275e-06 3.58187e-05 3.18302e-05 -1.85236e-06 1.00787e-06 1.4689e-05 -2.0826e-06 4.73342e-05 -1.90107e-05 2.52511e-05 -1.0764e-06 8.24697e-05 -6.79021e-06 -7.25216e-06 9.58356e-06 
-2.24876e-06 1.31259e-06 7.99383e-07 6.59055e-07 -1.72139e-06 -1.89226e-07 3.37601e-06 9.34496e-08 2.11518e-06 -4.97976e-07 2.72554e-06 -1.26744e-06 4.35328e-07 7.38252e-07 -2.12345e-06 -3.11595e-07 -6.79021e-06 5.14077e-06 5.87113e-06 -4.35738e-07 
2.35217e-05 -1.63108e-05 1.04711e-05 -5.88212e-06 4.14097e-05 2.61309e-06 5.72723e-05 2.79812e-05 4.5632e-05 -2.63534e-06 3.4094e-05 -1.25521e-05 1.39296e-05 -7.02175e-06 2.29814e-05 3.33271e-06 -7.25216e-06 5.87113e-06 5.97324e-05 9.22036e-06 
1.23984e-05 -8.17348e-06 8.3566e-06 -2.81722e-06 1.45682e-05 1.20688e-06 1.63659e-05 1.01279e-05 8.25919e-06 -1.40205e-07 9.27744e-06 -2.27048e-06 8.48868e-06 -3.84603e-06 8.44033e-06 1.19724e-06 9.58356e-06 -4.35738e-07 9.22036e-06 5.60344e-06 
WEIGHT 0.010684
ESPERANCE 0.385948 0.159738 0.136015 0.106794 0.0892479 0.17692 0.153787 0.238304 0.23718 0.231631 0.236292 0.323914 0.269655 0.217909 0.209032 0.227868 0.229969 0.192531 0.222057 0.234252
COVARIANCE_MATRIX
0.000971973 -0.000848958 -0.000293713 -3.58972e-05 3.19425e-05 -9.75898e-06 -1.53492e-06 -7.93304e-05 8.55879e-05 -2.18316e-05 0.000192883 -0.000137212 0.00020024 -3.65009e-05 0.000109081 -1.2914e-05 6.62378e-05 -9.68053e-05 -3.67674e-05 -9.06869e-06 
-0.000848958 0.00123803 0.000566091 -0.000210086 -0.00018459 8.75783e-05 6.9158e-06 0.000103843 8.84629e-05 7.7871e-05 -0.000188971 0.000196553 -1.52273e-05 -3.14215e-05 -0.000130167 3.65008e-05 6.95655e-05 6.85472e-05 0.00010934 0.000147728 
-0.000293713 0.000566091 0.000947083 -0.0002828 -0.000112501 0.000173757 8.37477e-05 9.44044e-05 0.000312324 -1.29965e-05 -0.000179658 0.000149526 0.000206785 -5.85831e-05 7.86544e-06 6.03774e-05 0.000311344 7.40812e-05 0.000165516 0.000160613 
-3.58972e-05 -0.000210086 -0.0002828 0.000597139 8.7642e-05 0.000110631 7.29485e-05 8.40893e-05 -1.61714e-05 -0.000130275 -9.5784e-05 9.57478e-05 1.91127e-05 2.44724e-06 -1.32424e-05 6.79212e-05 0.000146516 8.90427e-05 -1.27183e-05 -6.23679e-05 
3.19425e-05 -0.00018459 -0.000112501 8.7642e-05 0.000411951 0.00013384 8.01684e-05 0.000148495 2.85539e-05 -0.000133084 -0.000127566 9.76107e-05 -9.83013e-06 2.68539e-05 4.39148e-05 0.000100868 0.000130823 8.32082e-05 4.53861e-05 5.86986e-06 
-9.75898e-06 8.75783e-05 0.000173757 0.000110631 0.00013384 0.000903557 0.000449253 0.000912175 0.00058248 -0.000237008 -0.000234955 0.000429185 0.000271045 -0.000106005 -6.48255e-05 0.000448238 0.000689847 0.00041858 0.000513964 0.000282535 
-1.53492e-06 6.9158e-06 8.37477e-05 7.29485e-05 8.01684e-05 0.000449253 0.000993669 0.000633204 0.000453987 -0.000171977 2.81977e-05 1.77999e-05 0.000356474 -5.88733e-05 -1.79404e-05 0.000171869 0.000502456 0.000460019 0.000479126 0.000235437 
-7.93304e-05 0.000103843 9.44044e-05 8.40893e-05 0.000148495 0.000912175 0.000633204 0.00163364 0.000803503 -0.00031908 -0.00031643 0.00038589 0.00026852 1.96943e-05 1.34789e-06 0.00053425 0.000679905 0.000626731 0.000768515 0.000361351 
8.55879e-05 8.84629e-05 0.000312324 -1.61714e-05 2.85539e-05 0.00058248 0.000453987 0.000803503 0.00149201 -7.32358e-05 -0.000296968 -7.82895e-05 0.000554439 -5.32611e-05 8.29431e-06 8.0569e-05 0.000692454 0.000480249 0.000745981 0.000495587 
-2.18316e-05 7.7871e-05 -1.29965e-05 -0.000130275 -0.000133084 -0.000237008 -0.000171977 -0.00031908 -7.32358e-05 0.000497674 0.000137571 -0.000309715 -6.78914e-05 1.8943e-05 2.34543e-05 -0.000206111 -0.000307577 -7.38958e-06 -0.000114229 6.44841e-05 
0.000192883 -0.000188971 -0.000179658 -9.5784e-05 -0.000127566 -0.000234955 2.81977e-05 -0.00031643 -0.000296968 0.000137571 0.000824834 -0.000350439 -0.000106387 -7.31467e-05 5.67939e-05 -0.000158096 -0.000339198 -7.24752e-05 -0.000117159 -2.55475e-05 
-0.000137212 0.000196553 0.000149526 9.57478e-05 9.76107e-05 0.000429185 1.77999e-05 0.00038589 -7.82895e-05 -0.000309715 -0.000350439 0.000833287 -0.000170915 -7.68941e-05 -0.000138073 0.00040509 0.000324601 -7.21589e-05 0.00011055 -7.79919e-06 
0.00020024 -1.52273e-05 0.000206785 1.91127e-05 -9.83013e-06 0.000271045 0.000356474 0.00026852 0.000554439 -6.78914e-05 -0.000106387 -0.000170915 0.00076561 -0.000118083 -5.4548e-05 -0.000117143 0.000497266 0.000212385 0.000210255 0.000184312 
-3.65009e-05 -3.14215e-05 -5.85831e-05 2.44724e-06 2.68539e-05 -0.000106005 -5.88733e-05 1.96943e-05 -5.32611e-05 1.8943e-05 -7.31467e-05 -7.68941e-05 -0.000118083 0.000343285 -1.13603e-05 -0.000112698 -0.000182686 4.87341e-05 -5.38394e-05 -4.27541e-05 
0.000109081 -0.000130167 7.86544e-06 -1.32424e-05 4.39148e-05 -6.48255e-05 -1.79404e-05 1.34789e-06 8.29431e-06 2.34543e-05 5.67939e-05 -0.000138073 -5.4548e-05 -1.13603e-05 0.000434383 -5.20772e-05 -0.000183596 -4.26382e-05 1.16088e-05 -4.40811e-05 
-1.2914e-05 3.65008e-05 6.03774e-05 6.79212e-05 0.000100868 0.000448238 0.000171869 0.00053425 8.0569e-05 -0.000206111 -0.000158096 0.00040509 -0.000117143 -0.000112698 -5.20772e-05 0.00069543 0.000239167 4.27096e-05 0.000202924 6.28274e-05 
6.62378e-05 6.95655e-05 0.000311344 0.000146516 0.000130823 0.000689847 0.000502456 0.000679905 0.000692454 -0.000307577 -0.000339198 0.000324601 0.000497266 -0.000182686 -0.000183596 0.000239167 0.00112507 0.000294213 0.000360414 0.000210807 
-9.68053e-05 6.85472e-05 7.40812e-05 8.90427e-05 8.32082e-05 0.00041858 0.000460019 0.000626731 0.000480249 -7.38958e-06 -7.24752e-05 -7.21589e-05 0.000212385 4.87341e-05 -4.26382e-05 4.27096e-05 0.000294213 0.000805917 0.0003322 0.000196267 
-3.67674e-05 0.00010934 0.000165516 -1.27183e-05 4.53861e-05 0.000513964 0.000479126 0.000768515 0.000745981 -0.000114229 -0.000117159 0.00011055 0.000210255 -5.38394e-05 1.16088e-05 0.000202924 0.000360414 0.0003322 0.000874418 0.000265582 
-9.06869e-06 0.000147728 0.000160613 -6.23679e-05 5.86986e-06 0.000282535 0.000235437 0.000361351 0.000495587 6.44841e-05 -2.55475e-05 -7.79919e-06 0.000184312 -4.27541e-05 -4.40811e-05 6.28274e-05 0.000210807 0.000196267 0.000265582 0.000558899 
WEIGHT 0.0111903
ESPERANCE 0.37313 0.121262 0.0803314 0.109701 0.0725503 0.119806 0.13782 0.179789 0.215865 0.23743 0.26883 0.291683 0.231395 0.226559 0.201092 0.192046 0.16605 0.174757 0.200752 0.21294
COVARIANCE_MATRIX
0.000804614 -0.000489276 9.1587e-05 -2.06395e-05 -3.84009e-05 0.000378239 1.88198e-05 0.000355531 6.7098e-05 0.000224092 -4.9793e-05 0.000244999 0.000136847 -4.63053e-05 3.43675e-05 0.000314409 0.00020841 5.07805e-05 0.000183473 0.000163643 
-0.000489276 0.000746265 8.29807e-05 1.35909e-05 0.000104154 -2.94915e-05 4.01717e-05 9.72698e-05 -7.1983e-05 -7.78228e-05 -9.00507e-05 1.11917e-05 -9.06405e-06 6.18993e-05 3.8456e-05 -2.15766e-05 3.145e-05 5.81161e-05 -2.15757e-05 -2.85762e-05 
9.1587e-05 8.29807e-05 0.000381815 -0.00010504 1.82392e-05 0.000124903 8.65816e-05 0.000102806 -1.37468e-05 2.10722e-05 -5.26888e-05 0.000109444 9.69964e-05 -2.53425e-05 6.17294e-06 0.000104995 0.000122421 7.10191e-05 5.21705e-05 4.38027e-05 
-2.06395e-05 1.35909e-05 -0.00010504 0.000242549 7.71411e-06 1.86546e-05 -4.20802e-05 0.000112027 -2.81373e-05 -1.65263e-05 -6.17829e-05 4.87048e-05 3.32894e-05 3.59845e-05 -2.90036e-05 3.1526e-05 7.0712e-05 2.83827e-05 -1.37092e-05 4.17511e-06 
-3.84009e-05 0.000104154 1.82392e-05 7.71411e-06 0.000257048 0.000104697 0.000115612 0.00020414 3.41822e-05 -3.40632e-05 -6.20623e-05 5.28374e-05 -2.17944e-05 7.12559e-05 6.74824e-05 8.50088e-05 9.32453e-05 8.30082e-05 8.40499e-05 3.08686e-05 
0.000378239 -2.94915e-05 0.000124903 1.86546e-05 0.000104697 0.000557583 0.000131252 0.000560592 4.27639e-05 0.000147293 -5.25351e-05 0.000240959 5.90125e-05 3.97646e-05 8.83961e-05 0.000299358 0.000280249 0.000172732 0.000252733 0.000185385 
1.88198e-05 4.01717e-05 8.65816e-05 -4.20802e-05 0.000115612 0.000131252 0.000568028 0.000417453 0.000134505 -5.38349e-06 -2.51959e-05 4.17353e-06 0.000172879 2.04739e-05 3.03382e-05 1.19718e-05 0.000269209 0.000244053 0.000195934 0.000151883 
0.000355531 9.72698e-05 0.000102806 0.000112027 0.00020414 0.000560592 0.000417453 0.0013434 0.000201685 9.83601e-05 -0.000188462 0.00024295 0.000317057 0.000130755 4.68241e-05 0.000301192 0.000549973 0.00042708 0.000381275 0.000373597 
6.7098e-05 -7.1983e-05 -1.37468e-05 -2.81373e-05 3.41822e-05 4.27639e-05 0.000134505 0.000201685 0.000421133 2.36072e-05 -2.93816e-05 -0.000112464 8.09504e-05 -1.50266e-05 5.42341e-05 -3.97312e-05 0.000136129 0.000137377 0.000148412 0.000165034 
0.000224092 -7.78228e-05 2.10722e-05 -1.65263e-05 -3.40632e-05 0.000147293 -5.38349e-06 9.83601e-05 2.36072e-05 0.000522417 4.28849e-05 -0.000115281 4.21249e-05 -0.000136743 5.07062e-05 4.59145e-05 0.000142334 0.000142033 0.000113844 0.000132051 
-4.9793e-05 -9.00507e-05 -5.26888e-05 -6.17829e-05 -6.20623e-05 -5.25351e-05 -2.51959e-05 -0.000188462 -2.93816e-05 4.28849e-05 0.000376741 -0.000197868 -0.000128565 -5.47442e-05 4.13214e-05 -0.000110071 -0.000161476 -1.75064e-05 -1.83246e-06 -2.5528e-05 
0.000244999 1.11917e-05 0.000109444 4.87048e-05 5.28374e-05 0.000240959 4.17353e-06 0.00024295 -0.000112464 -0.000115281 -0.000197868 0.000584997 -4.95472e-05 5.23788e-05 -8.07166e-05 0.000292962 5.1143e-05 -6.87586e-05 5.29695e-05 -2.29139e-05 
0.000136847 -9.06405e-06 9.69964e-05 3.32894e-05 -2.17944e-05 5.90125e-05 0.000172879 0.000317057 8.09504e-05 4.21249e-05 -0.000128565 -4.95472e-05 0.000603235 -0.000161588 -8.55771e-05 -9.43407e-05 0.00029803 0.000111907 3.14893e-05 0.000190305 
-4.63053e-05 6.18993e-05 -2.53425e-05 3.59845e-05 7.12559e-05 3.97646e-05 2.04739e-05 0.000130755 -1.50266e-05 -0.000136743 -5.47442e-05 5.23788e-05 -0.000161588 0.000388491 -1.05606e-05 -1.30551e-05 -8.30804e-05 -2.33037e-06 1.80367e-07 -5.38241e-05 
3.43675e-05 3.8456e-05 6.17294e-06 -2.90036e-05 6.74824e-05 8.83961e-05 3.03382e-05 4.68241e-05 5.42341e-05 5.07062e-05 4.13214e-05 -8.07166e-05 -8.55771e-05 -1.05606e-05 0.000404389 -7.43621e-07 -7.66317e-05 -6.30239e-06 5.18087e-05 -3.68438e-05 
0.000314409 -2.15766e-05 0.000104995 3.1526e-05 8.50088e-05 0.000299358 1.19718e-05 0.000301192 -3.97312e-05 4.59145e-05 -0.000110071 0.000292962 -9.43407e-05 -1.30551e-05 -7.43621e-07 0.000595469 0.000102863 -1.21441e-05 9.57774e-05 4.21736e-05 
0.00020841 3.145e-05 0.000122421 7.0712e-05 9.32453e-05 0.000280249 0.000269209 0.000549973 0.000136129 0.000142334 -0.000161476 5.1143e-05 0.00029803 -8.30804e-05 -7.66317e-05 0.000102863 0.000684629 0.000231492 0.000143988 0.000231932 
5.07805e-05 5.81161e-05 7.10191e-05 2.83827e-05 8.30082e-05 0.000172732 0.000244053 0.00042708 0.000137377 0.000142033 -1.75064e-05 -6.87586e-05 0.000111907 -2.33037e-06 -6.30239e-06 -1.21441e-05 0.000231492 0.000516234 0.000139519 0.000107059 
0.000183473 -2.15757e-05 5.21705e-05 -1.37092e-05 8.40499e-05 0.000252733 0.000195934 0.000381275 0.000148412 0.000113844 -1.83246e-06 5.29695e-05 3.14893e-05 1.80367e-07 5.18087e-05 9.57774e-05 0.000143988 0.000139519 0.000447145 0.000126608 
0.000163643 -2.85762e-05 4.38027e-05 4.17511e-06 3.08686e-05 0.000185385 0.000151883 0.000373597 0.000165034 0.000132051 -2.5528e-05 -2.29139e-05 0.000190305 -5.38241e-05 -3.68438e-05 4.21736e-05 0.000231932 0.000107059 0.000126608 0.000496696 
WEIGHT 0.0222393
ESPERANCE 0.395218 0.106953 0.0760849 0.114051 0.060353 0.110235 0.080508 0.14501 0.16951 0.232791 0.23999 0.339464 0.187907 0.257145 0.184445 0.229655 0.121891 0.11999 0.147569 0.215413
COVARIANCE_MATRIX
0.000192407 -2.35042e-05 -5.64684e-06 1.56755e-05 -2.64307e-05 0.000143937 -8.11887e-05 0.000179234 -7.99954e-05 6.09555e-05 -6.2103e-05 9.81752e-05 6.71646e-05 -2.65646e-05 1.67029e-05 9.22566e-05 0.000177857 4.36692e-05 -0.000141445 0.000133743 
-2.35042e-05 0.000133083 -1.63839e-05 -4.92826e-06 -1.27621e-05 2.91364e-06 2.08312e-06 1.10177e-05 4.43072e-05 1.86402e-05 3.81584e-05 1.31201e-05 -2.49118e-05 -1.27242e-05 -2.38647e-06 2.52116e-05 -7.35001e-05 -4.39243e-06 5.61088e-05 4.10895e-05 
-5.64684e-06 -1.63839e-05 0.000165125 -2.5504e-05 -5.53681e-05 -4.9995e-05 5.39078e-06 -8.94783e-05 -0.000120317 -7.20052e-06 5.45946e-06 3.76698e-06 6.13091e-05 -3.85712e-06 -6.39358e-05 -2.28474e-05 5.77098e-05 -4.09739e-05 -7.38352e-05 -3.60862e-05 
1.56755e-05 -4.92826e-06 -2.5504e-05 0.000106979 2.98493e-05 5.82463e-05 4.82589e-05 7.74453e-05 1.0158e-05 4.83196e-06 -2.35259e-05 4.6707e-05 4.44874e-05 -1.76646e-05 -1.79804e-05 5.6926e-05 5.76061e-05 5.74159e-05 8.83315e-06 3.522e-05 
-2.64307e-05 -1.27621e-05 -5.53681e-05 2.98493e-05 0.000177791 3.64484e-06 -1.3392e-06 -3.12372e-06 3.05437e-05 -1.95562e-05 -6.69245e-05 2.40988e-05 -4.691e-05 4.32714e-06 3.9272e-05 3.33537e-05 6.4091e-05 -1.10372e-05 -1.69648e-05 -5.79787e-06 
0.000143937 2.91364e-06 -4.9995e-05 5.82463e-05 3.64484e-06 0.000258068 -2.20163e-05 0.0003223 -2.00246e-05 7.45573e-05 -1.50488e-05 9.9214e-05 1.74374e-05 -2.27816e-05 2.27784e-05 0.000143116 0.000107762 0.000165151 -4.24487e-05 0.000202562 
-8.11887e-05 2.08312e-06 5.39078e-06 4.82589e-05 -1.3392e-06 -2.20163e-05 0.00023317 1.85688e-05 -4.74429e-05 -2.07484e-05 3.30692e-05 -1.09586e-05 5.53359e-05 -6.66038e-06 -5.81657e-05 -2.32507e-05 1.07885e-05 3.83905e-05 0.000103256 -4.89413e-05 
0.000179234 1.10177e-05 -8.94783e-05 7.74453e-05 -3.12372e-06 0.0003223 1.85688e-05 0.000548645 3.14781e-06 9.93533e-05 -2.24107e-05 0.000119641 4.30739e-05 1.85284e-06 1.52801e-05 0.000147613 0.000123617 0.000290907 -4.52966e-07 0.000269273 
-7.99954e-05 4.43072e-05 -0.000120317 1.0158e-05 3.05437e-05 -2.00246e-05 -4.74429e-05 3.14781e-06 0.000238632 -1.78245e-05 -1.50666e-05 -5.40912e-05 -8.59051e-05 1.49658e-05 7.49142e-05 -3.27073e-05 -0.000159228 3.3854e-05 0.00014302 -2.86445e-05 
6.09555e-05 1.86402e-05 -7.20052e-06 4.83196e-06 -1.95562e-05 7.45573e-05 -2.07484e-05 9.93533e-05 -1.78245e-05 7.52423e-05 1.5403e-05 3.12273e-05 1.96694e-06 -2.66155e-05 1.23575e-05 3.58591e-05 1.93335e-05 5.25977e-05 -6.84867e-06 9.21241e-05 
-6.2103e-05 3.81584e-05 5.45946e-06 -2.35259e-05 -6.69245e-05 -1.50488e-05 3.30692e-05 -2.24107e-05 -1.50666e-05 1.5403e-05 0.000169817 -7.55577e-05 -3.35658e-05 -1.38611e-05 -1.55239e-05 -4.78738e-05 -0.000123779 1.68725e-05 0.000120584 -1.55631e-05 
9.81752e-05 1.31201e-05 3.76698e-06 4.6707e-05 2.40988e-05 9.9214e-05 -1.09586e-05 0.000119641 -5.40912e-05 3.12273e-05 -7.55577e-05 0.000131227 2.94183e-05 -2.12762e-05 -2.29971e-05 0.000109473 0.000109887 2.3577e-05 -0.000105157 0.000108011 
6.71646e-05 -2.49118e-05 6.13091e-05 4.44874e-05 -4.691e-05 1.74374e-05 5.53359e-05 4.30739e-05 -8.59051e-05 1.96694e-06 -3.35658e-05 2.94183e-05 0.000267485 -7.02429e-05 -9.21628e-05 -1.58768e-05 0.00018752 1.19744e-05 -3.49721e-05 -3.30257e-05 
-2.65646e-05 -1.27242e-05 -3.85712e-06 -1.76646e-05 4.32714e-06 -2.27816e-05 -6.66038e-06 1.85284e-06 1.49658e-05 -2.66155e-05 -1.38611e-05 -2.12762e-05 -7.02429e-05 8.56122e-05 5.01307e-06 -2.11849e-05 -7.086e-05 3.97224e-06 -1.13309e-05 -4.77099e-06 
1.67029e-05 -2.38647e-06 -6.39358e-05 -1.79804e-05 3.9272e-05 2.27784e-05 -5.81657e-05 1.52801e-05 7.49142e-05 1.23575e-05 -1.55239e-05 -2.29971e-05 -9.21628e-05 5.01307e-06 0.000153523 -7.37798e-06 -5.62605e-05 -5.26233e-06 1.18247e-05 1.6534e-05 
9.22566e-05 2.52116e-05 -2.28474e-05 5.6926e-05 3.33537e-05 0.000143116 -2.32507e-05 0.000147613 -3.27073e-05 3.58591e-05 -4.78738e-05 0.000109473 -1.58768e-05 -2.11849e-05 -7.37798e-06 0.000170479 8.83213e-05 2.50562e-05 -9.3983e-05 0.000139756 
0.000177857 -7.35001e-05 5.77098e-05 5.76061e-05 6.4091e-05 0.000107762 1.07885e-05 0.000123617 -0.000159228 1.93335e-05 -0.000123779 0.000109887 0.00018752 -7.086e-05 -5.62605e-05 8.83213e-05 0.000475145 9.57466e-07 -0.000206585 5.0103e-05 
4.36692e-05 -4.39243e-06 -4.09739e-05 5.74159e-05 -1.10372e-05 0.000165151 3.83905e-05 0.000290907 3.3854e-05 5.25977e-05 1.68725e-05 2.3577e-05 1.19744e-05 3.97224e-06 -5.26233e-06 2.50562e-05 9.57466e-07 0.000304286 7.75004e-05 0.000111788 
-0.000141445 5.61088e-05 -7.38352e-05 8.83315e-06 -1.69648e-05 -4.24487e-05 0.000103256 -4.52966e-07 0.00014302 -6.84867e-06 0.000120584 -0.000105157 -3.49721e-05 -1.13309e-05 1.18247e-05 -9.3983e-05 -0.000206585 7.75004e-05 0.000320918 -7.65851e-05 
0.000133743 4.10895e-05 -3.60862e-05 3.522e-05 -5.79787e-06 0.000202562 -4.89413e-05 0.000269273 -2.86445e-05 9.21241e-05 -1.55631e-05 0.000108011 -3.30257e-05 -4.77099e-06 1.6534e-05 0.000139756 5.0103e-05 0.000111788 -7.65851e-05 0.000254765 
WEIGHT 0.0119067
ESPERANCE 0.362352 0.118237 0.0744579 0.108282 0.0609246 0.099074 0.101481 0.135794 0.193045 0.225292 0.262954 0.304391 0.196861 0.248698 0.194031 0.195798 0.119566 0.139634 0.182894 0.194084
COVARIANCE_MATRIX
0.000432848 -0.000307528 6.87666e-05 -0.000103011 1.68418e-05 0.000257833 9.32284e-06 0.000309338 1.8618e-05 6.84379e-05 0.000118933 7.05664e-05 -3.51327e-05 2.65274e-05 8.3313e-05 0.000120041 3.22904e-05 0.000105399 1.9407e-06 0.000237025 
-0.000307528 0.000346931 -6.00549e-06 8.75042e-05 -3.54796e-06 -0.000125526 -1.16515e-05 -0.000109103 -6.88396e-05 -1.65032e-05 -0.000130601 2.66562e-05 -4.20386e-05 3.2957e-05 -6.5103e-05 2.20026e-06 2.98565e-06 -5.07819e-05 -2.15396e-05 -0.000123657 
6.87666e-05 -6.00549e-06 0.00037206 -9.58385e-05 -2.39893e-05 6.43089e-05 6.82982e-05 3.49405e-05 -0.000135137 -1.04924e-05 6.48399e-05 6.3659e-05 3.27545e-05 2.06242e-06 -3.84796e-05 8.02809e-05 4.78383e-05 4.73278e-05 -5.1124e-05 3.6146e-05 
-0.000103011 8.75042e-05 -9.58385e-05 0.00012791 -2.24444e-05 -5.05039e-05 -3.74848e-05 -1.37022e-05 -1.87758e-05 -2.45779e-06 -0.000109591 4.05963e-05 -8.16058e-06 3.24988e-05 -5.53308e-05 1.76619e-05 -7.23737e-06 -3.09252e-05 -1.81513e-05 -3.70873e-05 
1.68418e-05 -3.54796e-06 -2.39893e-05 -2.24444e-05 0.000274862 7.97301e-05 0.000123533 0.000135012 0.000137443 -3.49324e-05 3.85729e-06 -1.79834e-05 3.45949e-06 5.29413e-07 0.000107852 1.88329e-05 9.48103e-05 0.000101319 8.69673e-05 4.25232e-05 
0.000257833 -0.000125526 6.43089e-05 -5.05039e-05 7.97301e-05 0.000377717 7.79256e-05 0.000421473 6.73038e-05 6.418e-05 9.71421e-05 5.06615e-05 -1.89432e-05 -7.53804e-07 0.000129876 0.000128536 0.000119591 0.000175433 8.45655e-05 0.000279973 
9.32284e-06 -1.16515e-05 6.82982e-05 -3.74848e-05 0.000123533 7.79256e-05 0.000372441 0.000222204 0.000116996 -1.82505e-05 0.000102243 -7.45254e-05 0.000184078 -8.1678e-05 8.51712e-05 -8.19634e-05 0.000166611 0.000208889 0.000176123 -1.01906e-05 
0.000309338 -0.000109103 3.49405e-05 -1.37022e-05 0.000135012 0.000421473 0.000222204 0.000827342 0.000145611 9.60249e-05 6.9258e-05 6.55759e-05 5.73475e-05 3.77135e-05 0.000120968 0.000125065 0.000247687 0.00035649 0.000135205 0.000358793 
1.8618e-05 -6.88396e-05 -0.000135137 -1.87758e-05 0.000137443 6.73038e-05 0.000116996 0.000145611 0.000374882 -6.96676e-05 4.70672e-05 -0.000142371 7.40373e-05 -3.49728e-05 0.000176346 -0.000113867 7.32232e-05 9.27479e-05 0.000148792 8.03499e-05 
6.84379e-05 -1.65032e-05 -1.04924e-05 -2.45779e-06 -3.49324e-05 6.418e-05 -1.82505e-05 9.60249e-05 -6.96676e-05 0.000157701 2.92737e-05 -7.16984e-06 -5.20542e-05 -1.24759e-05 3.71626e-07 4.18089e-05 1.91843e-05 4.83575e-05 2.17903e-05 7.05633e-05 
0.000118933 -0.000130601 6.48399e-05 -0.000109591 3.85729e-06 9.71421e-05 0.000102243 6.9258e-05 4.70672e-05 2.92737e-05 0.000326508 -0.000191725 0.0001015 -0.000100896 0.000104684 -8.07919e-05 2.5925e-05 6.92701e-05 0.00011559 7.53959e-05 
7.05664e-05 2.66562e-05 6.3659e-05 4.05963e-05 -1.79834e-05 5.06615e-05 -7.45254e-05 6.55759e-05 -0.000142371 -7.16984e-06 -0.000191725 0.000333955 -0.000142838 6.89851e-05 -9.84834e-05 0.000184737 -6.43244e-05 -4.64489e-05 -0.000128873 1.95373e-05 
-3.51327e-05 -4.20386e-05 3.27545e-05 -8.16058e-06 3.45949e-06 -1.89432e-05 0.000184078 5.73475e-05 7.40373e-05 -5.20542e-05 0.0001015 -0.000142838 0.000334943 -0.000125159 -7.05341e-07 -0.000160433 9.97863e-05 0.00010804 9.19199e-05 -5.35029e-05 
2.65274e-05 3.2957e-05 2.06242e-06 3.24988e-05 5.29413e-07 -7.53804e-07 -8.1678e-05 3.77135e-05 -3.49728e-05 -1.24759e-05 -0.000100896 6.89851e-05 -0.000125159 0.000199999 -4.2457e-05 5.93947e-05 -5.59401e-05 -5.73186e-05 -7.33993e-05 1.69304e-05 
8.3313e-05 -6.5103e-05 -3.84796e-05 -5.53308e-05 0.000107852 0.000129876 8.51712e-05 0.000120968 0.000176346 3.71626e-07 0.000104684 -9.84834e-05 -7.05341e-07 -4.2457e-05 0.000256696 -4.92854e-05 1.67817e-05 2.82991e-05 0.000130721 8.69773e-05 
0.000120041 2.20026e-06 8.02809e-05 1.76619e-05 1.88329e-05 0.000128536 -8.19634e-05 0.000125065 -0.000113867 4.18089e-05 -8.07919e-05 0.000184737 -0.000160433 5.93947e-05 -4.92854e-05 0.00030574 -4.56308e-05 -4.26813e-05 -9.42912e-05 0.000114372 
3.22904e-05 2.98565e-06 4.78383e-05 -7.23737e-06 9.48103e-05 0.000119591 0.000166611 0.000247687 7.32232e-05 1.91843e-05 2.5925e-05 -6.43244e-05 9.97863e-05 -5.59401e-05 1.67817e-05 -4.56308e-05 0.000374464 0.000220212 5.74273e-05 7.46227e-05 
0.000105399 -5.07819e-05 4.73278e-05 -3.09252e-05 0.000101319 0.000175433 0.000208889 0.00035649 9.27479e-05 4.83575e-05 6.92701e-05 -4.64489e-05 0.00010804 -5.73186e-05 2.82991e-05 -4.26813e-05 0.000220212 0.000425557 8.58951e-05 0.000112196 
1.9407e-06 -2.15396e-05 -5.1124e-05 -1.81513e-05 8.69673e-05 8.45655e-05 0.000176123 0.000135205 0.000148792 2.17903e-05 0.00011559 -0.000128873 9.19199e-05 -7.33993e-05 0.000130721 -9.42912e-05 5.74273e-05 8.58951e-05 0.000270582 1.83195e-05 
0.000237025 -0.000123657 3.6146e-05 -3.70873e-05 4.25232e-05 0.000279973 -1.01906e-05 0.000358793 8.03499e-05 7.05633e-05 7.53959e-05 1.95373e-05 -5.35029e-05 1.69304e-05 8.69773e-05 0.000114372 7.46227e-05 0.000112196 1.83195e-05 0.000398358 
WEIGHT 0.0122089
ESPERANCE 0.358644 0.159833 0.1012 0.110431 0.0751777 0.130016 0.116426 0.17929 0.183946 0.23015 0.232641 0.333009 0.212294 0.242468 0.190955 0.221799 0.163882 0.159311 0.179778 0.210834
COVARIANCE_MATRIX
0.000832466 -0.000561654 -0.000137453 -5.23659e-05 5.63625e-05 7.57284e-05 5.80623e-05 0.000142689 0.00012535 0.000107713 0.000204503 -0.000196043 0.000566061 -0.000224863 0.0001561 -7.52273e-05 0.00031851 -8.06618e-05 6.24342e-05 0.000111876 
-0.000561654 0.00075782 0.000393728 -0.000145356 -2.61265e-05 0.000106385 3.89703e-05 0.000152447 6.52601e-05 -5.24108e-05 -8.45045e-05 0.000230059 -0.000229496 4.73272e-05 -2.95336e-05 0.000169422 -5.66575e-05 0.000116232 7.59412e-05 7.13273e-05 
-0.000137453 0.000393728 0.000677345 -0.00029865 9.00566e-06 4.68403e-05 0.000102584 0.000118756 3.60425e-05 -1.15462e-05 3.861e-05 8.96228e-05 6.16059e-05 -5.38644e-05 8.43809e-05 8.17453e-05 0.000158018 4.33748e-05 7.38016e-05 5.72186e-05 
-5.23659e-05 -0.000145356 -0.00029865 0.000299603 -1.4198e-05 2.42279e-05 -5.92253e-05 -1.93907e-05 -0.00010613 -3.24627e-05 -0.000134691 3.28965e-05 -9.63255e-05 8.55304e-05 -9.53139e-05 1.52169e-05 -4.04261e-05 4.1928e-05 -8.25628e-05 -3.24649e-05 
5.63625e-05 -2.61265e-05 9.00566e-06 -1.4198e-05 0.000194366 6.14402e-05 3.04918e-05 7.40423e-05 0.000117057 -8.8203e-06 4.46665e-05 -2.96263e-05 4.56778e-05 -3.17163e-05 9.4737e-05 3.07656e-05 6.49836e-05 1.92314e-05 0.000102677 3.39911e-05 
7.57284e-05 0.000106385 4.68403e-05 2.42279e-05 6.14402e-05 0.000364168 0.000163559 0.000352324 7.9141e-05 9.88932e-06 -1.14008e-05 0.000108554 0.000187022 -0.000104685 -1.20333e-05 0.000176534 0.000286668 0.000134951 0.000121435 0.000196096 
5.80623e-05 3.89703e-05 0.000102584 -5.92253e-05 3.04918e-05 0.000163559 0.000484605 0.000407309 0.00012788 -3.69773e-05 0.00019841 -6.10877e-05 0.000219565 -5.2878e-05 7.9187e-05 7.67142e-06 0.000175451 0.000177561 0.000312725 9.33595e-05 
0.000142689 0.000152447 0.000118756 -1.93907e-05 7.40423e-05 0.000352324 0.000407309 0.00084774 0.000277169 -2.87888e-05 8.82004e-05 2.7286e-05 0.000404479 -7.01956e-05 6.83736e-05 7.99097e-05 0.000362497 0.000339094 0.000346247 0.000260528 
0.00012535 6.52601e-05 3.60425e-05 -0.00010613 0.000117057 7.9141e-05 0.00012788 0.000277169 0.000570993 -1.95998e-06 0.000132007 -0.000134166 0.000252729 -0.000108311 0.000166019 -3.44115e-05 0.000111715 9.80789e-05 0.000349336 9.647e-05 
0.000107713 -5.24108e-05 -1.15462e-05 -3.24627e-05 -8.8203e-06 9.88932e-06 -3.69773e-05 -2.87888e-05 -1.95998e-06 0.000152474 4.1476e-05 -5.18705e-05 7.64156e-05 -8.41486e-05 2.31452e-05 -1.69689e-05 2.23374e-05 -5.48575e-06 -2.01866e-05 6.3001e-05 
0.000204503 -8.45045e-05 3.861e-05 -0.000134691 4.46665e-05 -1.14008e-05 0.00019841 8.82004e-05 0.000132007 4.1476e-05 0.000588776 -0.000270209 0.000204675 -0.000144018 0.000191777 -0.00010249 1.39494e-05 -2.03402e-05 0.000249322 -6.18971e-06 
-0.000196043 0.000230059 8.96228e-05 3.28965e-05 -2.96263e-05 0.000108554 -6.10877e-05 2.7286e-05 -0.000134166 -5.18705e-05 -0.000270209 0.000368169 -0.000264524 8.38424e-05 -0.000177829 0.00021003 -4.67567e-05 2.44212e-05 -0.000146232 7.88431e-05 
0.000566061 -0.000229496 6.16059e-05 -9.63255e-05 4.56778e-05 0.000187022 0.000219565 0.000404479 0.000252729 7.64156e-05 0.000204675 -0.000264524 0.000967614 -0.000330534 0.000161893 -0.000161911 0.000486721 6.67229e-05 0.000231581 0.000114308 
-0.000224863 4.73272e-05 -5.38644e-05 8.55304e-05 -3.17163e-05 -0.000104685 -5.2878e-05 -7.01956e-05 -0.000108311 -8.41486e-05 -0.000144018 8.38424e-05 -0.000330534 0.000295285 -0.000103494 -2.68404e-05 -0.000226998 2.32903e-05 -0.000100241 -8.57318e-05 
0.0001561 -2.95336e-05 8.43809e-05 -9.53139e-05 9.4737e-05 -1.20333e-05 7.9187e-05 6.83736e-05 0.000166019 2.31452e-05 0.000191777 -0.000177829 0.000161893 -0.000103494 0.000374115 -7.50324e-05 2.46103e-05 -5.42497e-05 0.000127562 6.15028e-06 
-7.52273e-05 0.000169422 8.17453e-05 1.52169e-05 3.07656e-05 0.000176534 7.67142e-06 7.99097e-05 -3.44115e-05 -1.69689e-05 -0.00010249 0.00021003 -0.000161911 -2.68404e-05 -7.50324e-05 0.000343482 3.65065e-05 -2.72579e-05 -4.50889e-05 0.000102668 
0.00031851 -5.66575e-05 0.000158018 -4.04261e-05 6.49836e-05 0.000286668 0.000175451 0.000362497 0.000111715 2.23374e-05 1.39494e-05 -4.67567e-05 0.000486721 -0.000226998 2.46103e-05 3.65065e-05 0.000693739 6.43035e-05 0.000122284 0.000163348 
-8.06618e-05 0.000116232 4.33748e-05 4.1928e-05 1.92314e-05 0.000134951 0.000177561 0.000339094 9.80789e-05 -5.48575e-06 -2.03402e-05 2.44212e-05 6.67229e-05 2.32903e-05 -5.42497e-05 -2.72579e-05 6.43035e-05 0.000406829 0.000138714 7.34288e-05 
6.24342e-05 7.59412e-05 7.38016e-05 -8.25628e-05 0.000102677 0.000121435 0.000312725 0.000346247 0.000349336 -2.01866e-05 0.000249322 -0.000146232 0.000231581 -0.000100241 0.000127562 -4.50889e-05 0.000122284 0.000138714 0.000535566 6.97563e-05 
0.000111876 7.13273e-05 5.72186e-05 -3.24649e-05 3.39911e-05 0.000196096 9.33595e-05 0.000260528 9.647e-05 6.3001e-05 -6.18971e-06 7.88431e-05 0.000114308 -8.57318e-05 6.15028e-06 0.000102668 0.000163348 7.34288e-05 6.97563e-05 0.000312812 
WEIGHT 0.0119308
ESPERANCE 0.357889 0.180443 0.128511 0.112605 0.0857952 0.162008 0.123727 0.215908 0.197218 0.233208 0.206993 0.359419 0.220551 0.236552 0.197993 0.244745 0.201151 0.16858 0.187116 0.226081
COVARIANCE_MATRIX
0.000667027 -0.000540976 -0.000186542 4.50929e-05 2.42354e-06 -6.57832e-05 -2.95577e-05 2.72016e-06 3.84143e-05 6.29845e-05 0.000230171 -0.000179721 0.000223318 -0.000124288 0.000170683 -9.23911e-05 0.000114059 -0.000139157 3.01462e-06 -1.95134e-05 
-0.000540976 0.000839522 0.000483703 -0.000288202 -6.94277e-05 0.000186792 6.91235e-05 0.000200515 0.000165319 -1.92434e-05 -0.000172873 0.000251309 -1.55643e-06 -1.67159e-05 -8.46624e-05 0.000156684 9.54576e-05 0.000109158 0.000172003 0.000142239 
-0.000186542 0.000483703 0.000839836 -0.000520405 4.52215e-05 5.80676e-05 2.88467e-05 8.23516e-05 0.000292158 -8.92749e-05 8.00671e-06 5.9286e-05 0.000212132 -0.000138667 0.000181353 1.00112e-05 0.000268903 -6.29897e-05 0.000240105 2.9094e-05 
4.50929e-05 -0.000288202 -0.000520405 0.000601612 -2.0285e-05 6.63887e-05 5.59463e-05 3.08594e-05 -0.000148553 1.57239e-05 -7.35144e-05 3.98507e-05 -7.07871e-05 4.59179e-05 -0.0001488 7.92249e-05 -4.09703e-05 0.000107509 -7.98492e-05 -1.59179e-05 
2.42354e-06 -6.94277e-05 4.52215e-05 -2.0285e-05 0.000380446 0.000110734 4.06389e-05 9.5666e-05 0.000194551 -7.5155e-05 -4.93529e-05 1.19133e-05 3.98908e-05 -2.7744e-05 9.62392e-05 6.83638e-05 0.000102207 8.29507e-05 0.000157094 3.42736e-05 
-6.57832e-05 0.000186792 5.80676e-05 6.63887e-05 0.000110734 0.000566397 0.000333926 0.000622941 0.000326619 -5.46773e-05 -0.000125585 0.000171555 0.000248247 -0.000129231 -4.06461e-05 0.000276783 0.000427906 0.000343957 0.000321633 0.000189855 
-2.95577e-05 6.91235e-05 2.88467e-05 5.59463e-05 4.06389e-05 0.000333926 0.000743426 0.000517186 5.01351e-06 -0.000146327 0.000126788 9.06036e-05 0.000201883 -7.73933e-05 -2.63668e-05 0.000158879 0.000329439 0.000324699 0.00029753 0.000115876 
2.72016e-06 0.000200515 8.23516e-05 3.08594e-05 9.5666e-05 0.000622941 0.000517186 0.00107842 0.000442234 -5.82747e-05 -9.41706e-05 0.000173147 0.000269738 -7.61069e-05 2.13468e-05 0.000327124 0.000474773 0.000541383 0.000476218 0.000274911 
3.84143e-05 0.000165319 0.000292158 -0.000148553 0.000194551 0.000326619 5.01351e-06 0.000442234 0.000941481 -2.01762e-05 -0.000217036 -6.77299e-06 0.000337677 -0.000178619 0.00017568 8.00693e-05 0.000396255 0.000158843 0.000575711 0.000109727 
6.29845e-05 -1.92434e-05 -8.92749e-05 1.57239e-05 -7.5155e-05 -5.46773e-05 -0.000146327 -5.82747e-05 -2.01762e-05 0.000315572 1.89136e-05 -4.87117e-05 -3.07759e-05 -3.47638e-05 -3.49941e-05 -3.07169e-05 -0.000138907 2.61818e-06 -8.5528e-05 0.000119717 
0.000230171 -0.000172873 8.00671e-06 -7.35144e-05 -4.93529e-05 -0.000125585 0.000126788 -9.41706e-05 -0.000217036 1.89136e-05 0.000544517 -0.000125587 -1.70683e-05 -7.44439e-05 4.50723e-05 -6.51726e-05 -8.10153e-05 -7.89736e-05 1.55776e-05 -5.76385e-07 
-0.000179721 0.000251309 5.9286e-05 3.98507e-05 1.19133e-05 0.000171555 9.06036e-05 0.000173147 -6.77299e-06 -4.87117e-05 -0.000125587 0.000270282 -0.000100866 3.52315e-06 -0.000105607 0.000221097 1.94797e-05 9.43016e-05 5.83695e-07 0.000117921 
0.000223318 -1.55643e-06 0.000212132 -7.07871e-05 3.98908e-05 0.000248247 0.000201883 0.000269738 0.000337677 -3.07759e-05 -1.70683e-05 -0.000100866 0.000758314 -0.000301766 7.9716e-05 -0.000149283 0.00062465 7.98881e-06 0.000313157 -1.81819e-05 
-0.000124288 -1.67159e-05 -0.000138667 4.59179e-05 -2.7744e-05 -0.000129231 -7.73933e-05 -7.61069e-05 -0.000178619 -3.47638e-05 -7.44439e-05 3.52315e-06 -0.000301766 0.000290401 -7.86762e-05 -2.31077e-05 -0.000289319 4.82339e-05 -0.000160082 -4.57641e-05 
0.000170683 -8.46624e-05 0.000181353 -0.0001488 9.62392e-05 -4.06461e-05 -2.63668e-05 2.13468e-05 0.00017568 -3.49941e-05 4.50723e-05 -0.000105607 7.9716e-05 -7.86762e-05 0.000370857 -5.84704e-05 8.30534e-06 -7.90035e-05 0.000104973 -4.42464e-05 
-9.23911e-05 0.000156684 1.00112e-05 7.92249e-05 6.83638e-05 0.000276783 0.000158879 0.000327124 8.00693e-05 -3.07169e-05 -6.51726e-05 0.000221097 -0.000149283 -2.31077e-05 -5.84704e-05 0.000441773 2.04092e-05 0.000142351 4.44784e-05 0.000175947 
0.000114059 9.54576e-05 0.000268903 -4.09703e-05 0.000102207 0.000427906 0.000329439 0.000474773 0.000396255 -0.000138907 -8.10153e-05 1.94797e-05 0.00062465 -0.000289319 8.30534e-06 2.04092e-05 0.000911545 9.01767e-05 0.000384291 9.47796e-07 
-0.000139157 0.000109158 -6.29897e-05 0.000107509 8.29507e-05 0.000343957 0.000324699 0.000541383 0.000158843 2.61818e-06 -7.89736e-05 9.43016e-05 7.98881e-06 4.82339e-05 -7.90035e-05 0.000142351 9.01767e-05 0.000596295 0.000216465 0.000157185 
3.01462e-06 0.000172003 0.000240105 -7.98492e-05 0.000157094 0.000321633 0.00029753 0.000476218 0.000575711 -8.5528e-05 1.55776e-05 5.83695e-07 0.000313157 -0.000160082 0.000104973 4.44784e-05 0.000384291 0.000216465 0.000717464 9.16327e-05 
-1.95134e-05 0.000142239 2.9094e-05 -1.59179e-05 3.42736e-05 0.000189855 0.000115876 0.000274911 0.000109727 0.000119717 -5.76385e-07 0.000117921 -1.81819e-05 -4.57641e-05 -4.42464e-05 0.000175947 9.47796e-07 0.000157185 9.16327e-05 0.000335213 
WEIGHT 0.0131049
ESPERANCE 0.416951 0.0821288 0.0873642 0.100388 0.0706314 0.128205 0.100235 0.159023 0.185932 0.227941 0.258623 0.334764 0.202216 0.246381 0.19696 0.232043 0.132084 0.132967 0.168835 0.219714
COVARIANCE_MATRIX
0.000268016 -7.9413e-05 -2.85193e-05 2.26021e-05 -4.40057e-05 0.000241018 -5.34698e-05 0.000262543 -5.54624e-05 5.27095e-05 -5.41633e-05 0.000147422 0.000127428 -6.07194e-05 -1.20075e-05 0.000155419 0.000233312 8.75923e-05 -9.24705e-05 0.000147461 
-7.9413e-05 0.000175218 3.04191e-05 2.49483e-05 3.76874e-06 -8.78333e-05 2.83993e-05 -6.18567e-05 1.58253e-05 1.44342e-05 4.13535e-05 -1.62811e-05 1.25263e-06 -1.89224e-05 -3.24678e-05 -1.33931e-05 -6.31562e-05 -3.50979e-05 4.80288e-05 -5.26696e-06 
-2.85193e-05 3.04191e-05 0.000212432 -5.41918e-05 -5.08723e-05 -5.30561e-05 -4.82873e-05 -0.000119568 -0.000148738 4.77973e-07 2.97779e-05 2.14553e-06 5.07524e-05 5.48831e-06 -8.71651e-05 -2.24052e-05 3.23197e-05 -6.30662e-05 -9.85331e-05 -1.27854e-05 
2.26021e-05 2.49483e-05 -5.41918e-05 0.00016783 1.88977e-05 1.50952e-05 0.000105229 0.000140924 4.94688e-05 1.832e-05 -3.88963e-05 5.5693e-05 9.74298e-05 -3.23224e-05 -3.94573e-05 6.29223e-05 9.20615e-05 5.02804e-05 4.91946e-05 3.35369e-05 
-4.40057e-05 3.76874e-06 -5.08723e-05 1.88977e-05 0.000200308 -2.55445e-05 -2.19421e-05 -6.27716e-06 1.83516e-05 -3.17618e-05 -7.55229e-05 2.06163e-05 -9.09095e-05 3.70811e-05 4.67492e-05 3.25507e-05 2.70539e-05 -4.33101e-06 -4.8488e-05 1.5562e-06 
0.000241018 -8.78333e-05 -5.30561e-05 1.50952e-05 -2.55445e-05 0.000429824 -3.0863e-05 0.00046117 9.45792e-06 6.86493e-05 3.37701e-05 0.000138214 3.06895e-05 -5.82458e-05 4.51185e-05 0.000203886 0.000132549 0.000295481 -8.87258e-06 0.00027355 
-5.34698e-05 2.83993e-05 -4.82873e-05 0.000105229 -2.19421e-05 -3.0863e-05 0.000264266 7.60236e-05 1.7866e-07 2.96058e-05 3.0445e-05 -1.98475e-05 7.4534e-05 -3.99108e-05 -2.06532e-05 -2.3912e-05 4.31044e-05 5.33837e-05 0.000157664 -4.22637e-05 
0.000262543 -6.18567e-05 -0.000119568 0.000140924 -6.27716e-06 0.00046117 7.60236e-05 0.000714206 0.000108557 8.71444e-05 -6.91457e-06 0.000173537 0.000105068 -6.86635e-05 3.35447e-05 0.00024639 0.000187904 0.000420264 9.95079e-05 0.000311817 
-5.54624e-05 1.58253e-05 -0.000148738 4.94688e-05 1.83516e-05 9.45792e-06 1.7866e-07 0.000108557 0.000283788 -1.14657e-05 -4.46646e-05 -4.69154e-05 -7.73613e-05 7.04657e-06 0.000112444 -3.12019e-05 -0.000131626 9.3051e-05 0.000161706 -1.02474e-05 
5.27095e-05 1.44342e-05 4.77973e-07 1.832e-05 -3.17618e-05 6.86493e-05 2.96058e-05 8.71444e-05 -1.14657e-05 8.25688e-05 3.99047e-05 1.80431e-05 4.83421e-05 -5.82585e-05 -1.67648e-05 3.25962e-05 4.57104e-05 6.05068e-05 4.87272e-05 5.90378e-05 
-5.41633e-05 4.13535e-05 2.97779e-05 -3.88963e-05 -7.55229e-05 3.37701e-05 3.0445e-05 -6.91457e-06 -4.46646e-05 3.99047e-05 0.000210192 -8.32527e-05 -3.11418e-05 -3.15624e-05 -1.71798e-05 -4.67191e-05 -0.00010884 4.08524e-05 0.000127723 1.82605e-05 
0.000147422 -1.62811e-05 2.14553e-06 5.5693e-05 2.06163e-05 0.000138214 -1.98475e-05 0.000173537 -4.69154e-05 1.80431e-05 -8.32527e-05 0.000173499 5.63437e-05 -3.34037e-05 -4.10476e-05 0.000160467 0.00014768 3.57711e-05 -0.000118645 0.00012355 
0.000127428 1.25263e-06 5.07524e-05 9.74298e-05 -9.09095e-05 3.06895e-05 7.4534e-05 0.000105068 -7.73613e-05 4.83421e-05 -3.11418e-05 5.63437e-05 0.000385736 -0.00011993 -0.000150317 1.6675e-05 0.000240958 2.02451e-06 9.28312e-06 -2.03349e-05 
-6.07194e-05 -1.89224e-05 5.48831e-06 -3.23224e-05 3.70811e-05 -5.82458e-05 -3.99108e-05 -6.86635e-05 7.04657e-06 -5.82585e-05 -3.15624e-05 -3.34037e-05 -0.00011993 0.000125457 3.18554e-05 -4.57597e-05 -9.92825e-05 -2.91062e-05 -5.81793e-05 -1.8083e-05 
