DESCRIPTOR_NAME Steinhardt
FILTER_TYPE element
NUMBER_OF_DIMENSION 20
CUTOFF_RADIUS 5.000000
STEINHARDT_STYLE Multi
AVE_STYLE none
STEINHARDT_MODE Full
FILTER_VALUE Au
NUMBER_OF_CLUSTER 15
WEIGHT 0.00542693
ESPERANCE 0.364746 0.125281 0.0707422 0.108386 0.0570232 0.0868318 0.0462519 0.0958796 0.153615 0.227396 0.199716 0.345098 0.17175 0.259417 0.163522 0.22234 0.112684 0.129054 0.109675 0.194227
COVARIANCE_MATRIX
0.000476421 -0.000383211 -0.000148052 -7.20535e-05 -5.2015e-05 -1.73255e-05 -0.000114888 -0.000200824 4.14276e-05 -5.41143e-05 0.000244904 3.73436e-05 0.000134587 -0.000128702 9.47992e-05 -1.87565e-05 3.14351e-05 -0.00015609 -0.0001016 -0.000113174 
-0.000383211 0.000405517 0.000219541 4.99486e-05 0.000112593 2.18579e-05 0.000130885 0.000253087 3.26437e-05 4.68952e-05 -0.000169426 1.29631e-05 -0.000117092 9.12301e-05 -1.51113e-05 3.31081e-05 7.11345e-06 0.000156376 0.000145833 0.000144147 
-0.000148052 0.000219541 0.000158604 1.04213e-05 9.36854e-05 1.63228e-05 7.19041e-05 0.000160729 5.21558e-05 2.05136e-05 -4.91725e-05 3.22334e-05 -4.83678e-05 2.61937e-05 3.83613e-05 2.44251e-05 3.23259e-05 7.81667e-05 9.62669e-05 9.11077e-05 
-7.20535e-05 4.99486e-05 1.04213e-05 1.73095e-05 1.17683e-06 -6.91269e-08 1.92766e-05 2.22114e-05 -1.10915e-05 9.47843e-06 -4.2366e-05 -8.82735e-06 -1.90758e-05 2.12256e-05 -1.97514e-05 1.64949e-06 -7.37821e-06 2.13776e-05 9.20042e-06 1.40632e-05 
-5.2015e-05 0.000112593 9.36854e-05 1.17683e-06 6.85532e-05 1.11156e-05 4.54143e-05 9.52695e-05 4.37815e-05 7.97956e-06 -3.63637e-06 2.63407e-05 -2.19649e-05 5.82069e-06 4.06519e-05 1.62522e-05 2.72873e-05 3.72164e-05 6.06419e-05 5.26285e-05 
-1.73255e-05 2.18579e-05 1.63228e-05 -6.91269e-08 1.11156e-05 6.34092e-06 7.90978e-06 1.66459e-05 5.09667e-06 4.30336e-07 -3.92298e-06 1.73079e-06 -7.10254e-06 3.95432e-06 2.51967e-06 1.97905e-06 2.40074e-06 1.01462e-05 1.05991e-05 7.69762e-06 
-0.000114888 0.000130885 7.19041e-05 1.92766e-05 4.54143e-05 7.90978e-06 5.88409e-05 8.83296e-05 2.02513e-05 1.46442e-05 -4.44778e-05 8.78673e-06 -3.94364e-05 2.78874e-05 4.22431e-06 1.28057e-05 3.25937e-06 5.13619e-05 5.52256e-05 4.96259e-05 
-0.000200824 0.000253087 0.000160729 2.22114e-05 9.52695e-05 1.66459e-05 8.83296e-05 0.000178701 4.49007e-05 2.61692e-05 -7.60628e-05 2.39588e-05 -6.49705e-05 4.25598e-05 2.25659e-05 2.55355e-05 2.29724e-05 9.40662e-05 0.000105076 0.000100249 
4.14276e-05 3.26437e-05 5.21558e-05 -1.10915e-05 4.37815e-05 5.09667e-06 2.02513e-05 4.49007e-05 6.38125e-05 -5.48115e-06 5.02467e-05 3.46545e-05 -2.61209e-06 -1.87154e-05 4.73712e-05 1.19476e-05 1.34317e-05 1.12177e-05 4.38053e-05 2.53913e-05 
-5.41143e-05 4.68952e-05 2.05136e-05 9.47843e-06 7.97956e-06 4.30336e-07 1.46442e-05 2.61692e-05 -5.48115e-06 1.0792e-05 -3.23585e-05 -2.93758e-06 -1.2643e-05 1.31824e-05 -7.44369e-06 3.6434e-06 2.83122e-06 1.56342e-05 1.03102e-05 1.75062e-05 
0.000244904 -0.000169426 -4.91725e-05 -4.2366e-05 -3.63637e-06 -3.92298e-06 -4.44778e-05 -7.60628e-05 5.02467e-05 -3.23585e-05 0.00015649 3.19208e-05 5.50854e-05 -6.8296e-05 6.70655e-05 -4.10683e-06 1.0117e-05 -6.92544e-05 -2.06888e-05 -4.60004e-05 
3.73436e-05 1.29631e-05 3.22334e-05 -8.82735e-06 2.63407e-05 1.73079e-06 8.78673e-06 2.39588e-05 3.46545e-05 -2.93758e-06 3.19208e-05 2.51279e-05 5.05953e-06 -1.56017e-05 3.29602e-05 7.28415e-06 1.41785e-05 3.36183e-06 2.0389e-05 1.45511e-05 
0.000134587 -0.000117092 -4.83678e-05 -1.90758e-05 -2.19649e-05 -7.10254e-06 -3.94364e-05 -6.49705e-05 -2.61209e-06 -1.2643e-05 5.50854e-05 5.05953e-06 5.17363e-05 -3.77713e-05 2.27168e-05 -8.59235e-06 1.82636e-05 -5.0578e-05 -4.09353e-05 -3.55832e-05 
-0.000128702 9.12301e-05 2.61937e-05 2.12256e-05 5.82069e-06 3.95432e-06 2.78874e-05 4.25598e-05 -1.87154e-05 1.31824e-05 -6.8296e-05 -1.56017e-05 -3.77713e-05 4.05077e-05 -3.35615e-05 2.41297e-06 -1.5555e-05 3.85653e-05 1.9934e-05 2.30843e-05 
9.47992e-05 -1.51113e-05 3.83613e-05 -1.97514e-05 4.06519e-05 2.51967e-06 4.22431e-06 2.25659e-05 4.73712e-05 -7.44369e-06 6.70655e-05 3.29602e-05 2.27168e-05 -3.35615e-05 6.89031e-05 7.61164e-06 3.36703e-05 -1.77928e-05 2.1779e-05 1.32699e-05 
-1.87565e-05 3.31081e-05 2.44251e-05 1.64949e-06 1.62522e-05 1.97905e-06 1.28057e-05 2.55355e-05 1.19476e-05 3.6434e-06 -4.10683e-06 7.28415e-06 -8.59235e-06 2.41297e-06 7.61164e-06 7.57249e-06 5.19348e-06 1.01933e-05 1.59351e-05 1.58546e-05 
3.14351e-05 7.11345e-06 3.23259e-05 -7.37821e-06 2.72873e-05 2.40074e-06 3.25937e-06 2.29724e-05 1.34317e-05 2.83122e-06 1.0117e-05 1.41785e-05 1.82636e-05 -1.5555e-05 3.36703e-05 5.19348e-06 4.26305e-05 -8.49668e-06 4.93697e-06 1.48083e-05 
-0.00015609 0.000156376 7.81667e-05 2.13776e-05 3.72164e-05 1.01462e-05 5.13619e-05 9.40662e-05 1.12177e-05 1.56342e-05 -6.92544e-05 3.36183e-06 -5.0578e-05 3.85653e-05 -1.77928e-05 1.01933e-05 -8.49668e-06 7.56106e-05 5.40157e-05 5.06736e-05 
-0.0001016 0.000145833 9.62669e-05 9.20042e-06 6.06419e-05 1.05991e-05 5.52256e-05 0.000105076 4.38053e-05 1.03102e-05 -2.06888e-05 2.0389e-05 -4.09353e-05 1.9934e-05 2.1779e-05 1.59351e-05 4.93697e-06 5.40157e-05 7.85879e-05 5.74209e-05 
-0.000113174 0.000144147 9.11077e-05 1.40632e-05 5.26285e-05 7.69762e-06 4.96259e-05 0.000100249 2.53913e-05 1.75062e-05 -4.60004e-05 1.45511e-05 -3.55832e-05 2.30843e-05 1.32699e-05 1.58546e-05 1.48083e-05 5.06736e-05 5.74209e-05 6.20503e-05 
WEIGHT 0.0166264
ESPERANCE 0.473193 0.0913901 0.140743 0.0930238 0.103195 0.112917 0.139517 0.183286 0.229922 0.254208 0.285691 0.311715 0.245965 0.2418 0.230724 0.210447 0.181317 0.186871 0.206281 0.228896
COVARIANCE_MATRIX
0.000650587 -0.000204401 -0.000166438 -3.72755e-05 1.68691e-05 0.000104317 -7.091e-05 0.000315878 8.3858e-05 0.000101919 -8.71562e-05 0.000161392 0.000226081 -0.000110158 0.000215308 0.000218589 0.00013567 -5.20338e-05 4.4914e-05 1.81152e-05 
-0.000204401 0.000973762 0.000328314 -5.0449e-05 -1.49595e-05 -7.84878e-05 0.00026216 8.40954e-05 -0.000104267 -3.46885e-05 0.000118275 0.000178557 0.00014134 -8.61592e-05 -0.000181289 6.26968e-05 0.000149112 0.000105532 0.000151832 9.24618e-05 
-0.000166438 0.000328314 0.000560393 -6.37602e-05 -0.000103372 -6.12655e-06 0.000164968 -0.000133014 -0.000212448 -4.71135e-05 -1.77431e-05 8.65819e-05 0.000129818 -6.56246e-05 -1.28108e-05 9.5438e-05 0.000136787 -5.12258e-05 -1.81968e-06 -8.24465e-05 
-3.72755e-05 -5.0449e-05 -6.37602e-05 0.000303715 0.000158136 2.96398e-05 0.000144807 0.00011735 5.84093e-05 -1.00297e-05 -5.79612e-05 1.00391e-05 6.66678e-05 2.89884e-05 -2.60962e-05 6.09351e-05 9.60218e-05 0.000106058 6.26225e-05 3.69752e-05 
1.68691e-05 -1.49595e-05 -0.000103372 0.000158136 0.000521821 8.38001e-05 0.000150763 0.000351543 0.000108055 -3.71593e-05 -9.56713e-05 6.82964e-05 0.000126374 1.48569e-05 3.05025e-05 0.000120836 0.000224474 0.000142409 0.000117536 6.16144e-05 
0.000104317 -7.84878e-05 -6.12655e-06 2.96398e-05 8.38001e-05 0.000601985 0.000388306 0.000446707 0.000191688 8.28129e-05 7.1307e-05 1.08187e-05 3.1246e-05 5.06619e-06 0.000181147 0.000164575 0.000239067 0.00025871 0.00020865 0.000234697 
-7.091e-05 0.00026216 0.000164968 0.000144807 0.000150763 0.000388306 0.000944891 0.000574404 0.000155019 0.000105204 -7.2685e-07 7.05916e-06 0.00024452 -1.66564e-05 8.00793e-05 0.00013657 0.000492793 0.000416175 0.00035725 0.000248864 
0.000315878 8.40954e-05 -0.000133014 0.00011735 0.000351543 0.000446707 0.000574404 0.00147286 0.00052573 -8.4229e-06 -1.08639e-05 0.000168871 0.000232725 2.72954e-05 0.00014797 0.000315291 0.000552582 0.000541372 0.000401562 0.000385541 
8.3858e-05 -0.000104267 -0.000212448 5.84093e-05 0.000108055 0.000191688 0.000155019 0.00052573 0.000612875 9.69029e-05 -0.000102102 -0.000140131 1.36512e-05 7.77462e-06 9.33593e-05 2.82592e-05 0.000232725 0.000314664 0.000215128 0.000217259 
0.000101919 -3.46885e-05 -4.71135e-05 -1.00297e-05 -3.71593e-05 8.28129e-05 0.000105204 -8.4229e-06 9.69029e-05 0.000437726 5.98238e-05 -0.000162514 -5.5283e-05 -6.77111e-05 7.46341e-05 2.25642e-05 2.81174e-05 0.000137299 0.000112994 0.000135394 
-8.71562e-05 0.000118275 -1.77431e-05 -5.79612e-05 -9.56713e-05 7.1307e-05 -7.2685e-07 -1.08639e-05 -0.000102102 5.98238e-05 0.000417872 -3.69606e-05 -0.000215292 1.92539e-05 -6.92454e-05 -5.23908e-05 -0.000128675 -1.0983e-05 4.23323e-05 0.000106032 
0.000161392 0.000178557 8.65819e-05 1.00391e-05 6.82964e-05 1.08187e-05 7.05916e-06 0.000168871 -0.000140131 -0.000162514 -3.69606e-05 0.000486637 0.00011914 -0.000138529 -3.26654e-05 0.000188886 2.05771e-05 -9.61789e-05 -1.53947e-06 -4.02575e-05 
0.000226081 0.00014134 0.000129818 6.66678e-05 0.000126374 3.1246e-05 0.00024452 0.000232725 1.36512e-05 -5.5283e-05 -0.000215292 0.00011914 0.000651287 -0.000161886 -4.60218e-05 9.85204e-05 0.000358561 4.49489e-05 8.84754e-05 -1.11331e-05 
-0.000110158 -8.61592e-05 -6.56246e-05 2.89884e-05 1.48569e-05 5.06619e-06 -1.66564e-05 2.72954e-05 7.77462e-06 -6.77111e-05 1.92539e-05 -0.000138529 -0.000161886 0.000421804 2.29175e-05 -0.00020414 -0.000154165 -7.75586e-06 -6.50904e-05 -8.71792e-06 
0.000215308 -0.000181289 -1.28108e-05 -2.60962e-05 3.05025e-05 0.000181147 8.00793e-05 0.00014797 9.33593e-05 7.46341e-05 -6.92454e-05 -3.26654e-05 -4.60218e-05 2.29175e-05 0.000540815 7.58099e-05 -9.04779e-05 -4.02423e-05 -9.79816e-06 -2.19331e-05 
0.000218589 6.26968e-05 9.5438e-05 6.09351e-05 0.000120836 0.000164575 0.00013657 0.000315291 2.82592e-05 2.25642e-05 -5.23908e-05 0.000188886 9.85204e-05 -0.00020414 7.58099e-05 0.000589544 0.000199553 -4.91378e-05 6.27e-05 3.59457e-05 
0.00013567 0.000149112 0.000136787 9.60218e-05 0.000224474 0.000239067 0.000492793 0.000552582 0.000232725 2.81174e-05 -0.000128675 2.05771e-05 0.000358561 -0.000154165 -9.04779e-05 0.000199553 0.000886212 0.000274467 0.000225725 0.000162139 
-5.20338e-05 0.000105532 -5.12258e-05 0.000106058 0.000142409 0.00025871 0.000416175 0.000541372 0.000314664 0.000137299 -1.0983e-05 -9.61789e-05 4.49489e-05 -7.75586e-06 -4.02423e-05 -4.91378e-05 0.000274467 0.000749737 0.000270796 0.000170448 
4.4914e-05 0.000151832 -1.81968e-06 6.26225e-05 0.000117536 0.00020865 0.00035725 0.000401562 0.000215128 0.000112994 4.23323e-05 -1.53947e-06 8.84754e-05 -6.50904e-05 -9.79816e-06 6.27e-05 0.000225725 0.000270796 0.00050188 0.000171261 
1.81152e-05 9.24618e-05 -8.24465e-05 3.69752e-05 6.16144e-05 0.000234697 0.000248864 0.000385541 0.000217259 0.000135394 0.000106032 -4.02575e-05 -1.11331e-05 -8.71792e-06 -2.19331e-05 3.59457e-05 0.000162139 0.000170448 0.000171261 0.000534599 
WEIGHT 0.0147772
ESPERANCE 0.218596 0.208063 0.0875516 0.08068 0.101035 0.127727 0.12469 0.244742 0.188626 0.206275 0.185776 0.329509 0.232462 0.186255 0.161602 0.232391 0.219169 0.158125 0.191839 0.193645
COVARIANCE_MATRIX
0.000864462 -0.000408725 4.74774e-06 -0.000247118 6.71807e-05 -8.63558e-05 -8.36149e-05 -2.63833e-05 0.000101445 -4.14231e-05 0.000224671 -0.000152508 0.000273876 -0.000165022 0.000127276 -0.000188208 3.92341e-05 -4.26924e-05 4.00257e-05 1.6465e-05 
-0.000408725 0.000522333 -0.000162799 0.00020486 -0.000211679 7.97654e-06 -2.11332e-06 -3.34785e-05 3.85459e-07 -1.17773e-06 -0.000164302 0.000126584 -2.5839e-05 2.18418e-05 -8.87125e-05 6.69357e-05 2.39188e-05 -6.46962e-05 5.33209e-06 -4.48263e-06 
4.74774e-06 -0.000162799 0.000414538 -0.000103226 0.000105991 -4.03576e-05 0.000119156 2.2188e-05 1.40365e-05 -3.65288e-05 8.17741e-05 -1.46406e-05 1.53578e-05 -2.40253e-05 2.61218e-06 4.77615e-05 6.8604e-05 -1.10392e-05 9.41346e-06 5.83199e-06 
-0.000247118 0.00020486 -0.000103226 0.00044838 -3.25993e-05 0.000161215 0.000176263 0.000252168 0.000228195 -0.00010279 -7.36021e-05 1.52863e-06 0.000164793 -6.78777e-05 1.78406e-05 0.000109198 0.000253338 0.000105646 0.00018844 1.80863e-06 
6.71807e-05 -0.000211679 0.000105991 -3.25993e-05 0.000307485 3.35693e-05 0.000107328 0.000139958 5.64361e-05 -5.38929e-05 6.94725e-05 -6.09628e-05 3.34025e-05 -2.18583e-06 1.86642e-05 7.94698e-05 8.07974e-05 0.00011144 7.27008e-05 3.65997e-05 
-8.63558e-05 7.97654e-06 -4.03576e-05 0.000161215 3.35693e-05 0.00041621 0.000134867 0.000511839 0.000244467 -0.000157726 -5.79393e-05 0.000102551 7.15114e-05 -8.52851e-05 -1.74632e-05 0.000224707 0.000240751 0.000243106 0.000304337 2.86888e-05 
-8.36149e-05 -2.11332e-06 0.000119156 0.000176263 0.000107328 0.000134867 0.00062656 0.000387037 0.000386171 -0.000244158 9.5488e-05 -0.000121673 0.000336817 -0.000194575 0.000171546 1.52254e-05 0.000409541 0.000229496 0.000339953 1.40983e-05 
-2.63833e-05 -3.34785e-05 2.2188e-05 0.000252168 0.000139958 0.000511839 0.000387037 0.00116483 0.000396687 -0.000272909 -2.54983e-05 0.00014358 0.000173681 -0.000141724 -2.01041e-05 0.000429082 0.000472256 0.000477214 0.00056181 0.000119653 
0.000101445 3.85459e-07 1.40365e-05 0.000228195 5.64361e-05 0.000244467 0.000386171 0.000396687 0.000844983 -0.000315942 0.000203626 -0.000201175 0.00046135 -0.000278313 0.000262028 -0.000125949 0.000481384 0.000225503 0.000517783 8.41151e-05 
-4.14231e-05 -1.17773e-06 -3.65288e-05 -0.00010279 -5.38929e-05 -0.000157726 -0.000244158 -0.000272909 -0.000315942 0.000342207 -9.43527e-05 9.89216e-06 -0.000235778 0.000145733 -8.33066e-05 -2.48587e-05 -0.000292072 -0.000112381 -0.000263186 8.0554e-05 
0.000224671 -0.000164302 8.17741e-05 -7.36021e-05 6.94725e-05 -5.79393e-05 9.5488e-05 -2.54983e-05 0.000203626 -9.43527e-05 0.000531241 -0.000276981 0.000188428 -5.8687e-05 0.000180682 -0.000268898 7.13645e-05 8.04637e-05 4.31322e-05 5.08016e-05 
-0.000152508 0.000126584 -1.46406e-05 1.52863e-06 -6.09628e-05 0.000102551 -0.000121673 0.00014358 -0.000201175 9.89216e-06 -0.000276981 0.000385021 -0.000271867 1.87619e-05 -0.000247375 0.000300269 -7.56227e-05 -4.40301e-05 -5.67415e-06 -1.49237e-05 
0.000273876 -2.5839e-05 1.53578e-05 0.000164793 3.34025e-05 7.15114e-05 0.000336817 0.000173681 0.00046135 -0.000235778 0.000188428 -0.000271867 0.000651263 -0.000302131 0.000223468 -0.000193781 0.000422507 7.70832e-05 0.000281804 -3.11643e-05 
-0.000165022 2.18418e-05 -2.40253e-05 -6.78777e-05 -2.18583e-06 -8.52851e-05 -0.000194575 -0.000141724 -0.000278313 0.000145733 -5.8687e-05 1.87619e-05 -0.000302131 0.000373287 -0.000108805 -1.20447e-05 -0.000249558 -2.5711e-05 -0.000239947 1.96527e-05 
0.000127276 -8.87125e-05 2.61218e-06 1.78406e-05 1.86642e-05 -1.74632e-05 0.000171546 -2.01041e-05 0.000262028 -8.33066e-05 0.000180682 -0.000247375 0.000223468 -0.000108805 0.000438571 -0.000273756 9.47343e-05 6.0658e-05 6.92467e-05 -5.2662e-06 
-0.000188208 6.69357e-05 4.77615e-05 0.000109198 7.94698e-05 0.000224707 1.52254e-05 0.000429082 -0.000125949 -2.48587e-05 -0.000268898 0.000300269 -0.000193781 -1.20447e-05 -0.000273756 0.000620537 1.74412e-05 6.12068e-05 9.67539e-05 -3.46847e-06 
3.92341e-05 2.39188e-05 6.8604e-05 0.000253338 8.07974e-05 0.000240751 0.000409541 0.000472256 0.000481384 -0.000292072 7.13645e-05 -7.56227e-05 0.000422507 -0.000249558 9.47343e-05 1.74412e-05 0.000630074 0.000140497 0.00038416 -2.63445e-05 
-4.26924e-05 -6.46962e-05 -1.10392e-05 0.000105646 0.00011144 0.000243106 0.000229496 0.000477214 0.000225503 -0.000112381 8.04637e-05 -4.40301e-05 7.70832e-05 -2.5711e-05 6.0658e-05 6.12068e-05 0.000140497 0.000472932 0.000228978 9.74603e-05 
4.00257e-05 5.33209e-06 9.41346e-06 0.00018844 7.27008e-05 0.000304337 0.000339953 0.00056181 0.000517783 -0.000263186 4.31322e-05 -5.67415e-06 0.000281804 -0.000239947 6.92467e-05 9.67539e-05 0.00038416 0.000228978 0.000645878 2.51645e-06 
1.6465e-05 -4.48263e-06 5.83199e-06 1.80863e-06 3.65997e-05 2.86888e-05 1.40983e-05 0.000119653 8.41151e-05 8.0554e-05 5.08016e-05 -1.49237e-05 -3.11643e-05 1.96527e-05 -5.2662e-06 -3.46847e-06 -2.63445e-05 9.74603e-05 2.51645e-06 0.000315071 
WEIGHT 0.0229348
ESPERANCE 0.458936 0.0908168 0.141721 0.0858722 0.0847247 0.075277 0.100601 0.14894 0.219144 0.241256 0.289287 0.318968 0.232654 0.252456 0.207175 0.202065 0.136107 0.168725 0.179409 0.211712
COVARIANCE_MATRIX
0.000388117 -1.17631e-05 -2.5122e-05 -2.74363e-05 -9.33958e-06 8.44911e-05 6.7896e-05 0.000316891 3.90377e-05 0.00014416 -7.58925e-05 0.000176724 0.000129091 -6.78049e-05 0.000166748 0.00010537 0.000180961 -4.56687e-05 0.000159904 5.45812e-05 
-1.17631e-05 0.000395916 9.40119e-05 -9.25711e-05 -0.000141102 -0.000123728 -2.65893e-05 7.89615e-05 3.98245e-05 -2.39134e-05 5.57555e-05 8.96492e-05 0.00010197 -6.07229e-05 -0.000182701 -4.67429e-06 3.04753e-06 4.89386e-05 1.96233e-05 5.94704e-05 
-2.5122e-05 9.40119e-05 7.25663e-05 -3.50714e-05 -2.94559e-05 -7.26638e-05 -2.17733e-05 -5.96163e-05 -2.28326e-05 -3.26501e-05 -2.95947e-05 3.49768e-05 3.74907e-05 -1.87534e-05 -4.70743e-05 5.89884e-06 1.38944e-05 -2.76305e-05 -2.21811e-05 -4.05278e-05 
-2.74363e-05 -9.25711e-05 -3.50714e-05 7.80018e-05 4.00422e-05 6.88511e-05 3.65834e-05 4.16068e-05 1.84722e-05 -1.67295e-05 5.4107e-06 -3.81633e-05 -2.26614e-05 2.88072e-05 1.85775e-05 -1.55053e-07 1.49107e-05 4.23172e-05 -1.8662e-05 2.57874e-05 
-9.33958e-06 -0.000141102 -2.94559e-05 4.00422e-05 0.000101589 5.48954e-05 2.43573e-05 -3.32417e-05 -1.70084e-05 6.08462e-06 -3.69345e-05 -3.60059e-05 -4.218e-05 2.14153e-05 6.45624e-05 9.19254e-06 4.01959e-05 -2.85549e-06 -3.92198e-06 -2.66582e-05 
8.44911e-05 -0.000123728 -7.26638e-05 6.88511e-05 5.48954e-05 0.000200495 9.56679e-05 0.000245983 8.42035e-05 3.28685e-05 1.33803e-05 4.95189e-06 -2.93548e-05 1.58471e-05 8.99685e-05 2.68018e-05 9.06352e-05 9.26519e-05 5.01848e-05 0.000103258 
6.7896e-05 -2.65893e-05 -2.17733e-05 3.65834e-05 2.43573e-05 9.56679e-05 0.000142025 0.000203594 5.93659e-05 3.70782e-05 -1.38192e-05 3.69395e-05 2.48782e-05 2.37058e-06 2.4293e-05 7.6503e-07 0.000112899 9.93701e-05 5.51112e-05 6.28764e-05 
0.000316891 7.89615e-05 -5.96163e-05 4.16068e-05 -3.32417e-05 0.000245983 0.000203594 0.000835871 0.000268973 9.03769e-05 2.98735e-05 0.000172668 9.92663e-05 -1.60843e-05 5.26815e-05 6.14734e-05 0.000267713 0.000265225 0.000164299 0.000321844 
3.90377e-05 3.98245e-05 -2.28326e-05 1.84722e-05 -1.70084e-05 8.42035e-05 5.93659e-05 0.000268973 0.000150755 2.73853e-05 9.69798e-06 1.68008e-05 -3.12274e-06 6.23654e-06 -8.08642e-07 -1.29547e-05 7.49589e-05 0.000143079 3.92183e-05 0.00013751 
0.00014416 -2.39134e-05 -3.26501e-05 -1.67295e-05 6.08462e-06 3.28685e-05 3.70782e-05 9.03769e-05 2.73853e-05 0.000165972 -1.61869e-05 2.94739e-06 1.39786e-05 -1.16297e-05 9.57923e-05 6.45159e-06 3.57612e-05 2.56702e-05 7.36952e-05 4.55541e-05 
-7.58925e-05 5.57555e-05 -2.95947e-05 5.4107e-06 -3.69345e-05 1.33803e-05 -1.38192e-05 2.98735e-05 9.69798e-06 -1.61869e-05 0.000151225 -3.73128e-05 -5.84787e-05 1.04109e-05 -9.37914e-05 -2.99841e-05 -7.82044e-05 3.86037e-05 1.03094e-05 4.72188e-05 
0.000176724 8.96492e-05 3.49768e-05 -3.81633e-05 -3.60059e-05 4.95189e-06 3.69395e-05 0.000172668 1.68008e-05 2.94739e-06 -3.73128e-05 0.000200749 0.000112628 -9.44865e-05 -1.07744e-05 8.62717e-05 9.87924e-05 -2.42644e-05 6.65266e-05 8.9906e-06 
0.000129091 0.00010197 3.74907e-05 -2.26614e-05 -4.218e-05 -2.93548e-05 2.48782e-05 9.92663e-05 -3.12274e-06 1.39786e-05 -5.84787e-05 0.000112628 0.00019487 -7.57592e-05 -3.32899e-05 2.64592e-05 0.000106706 -3.03697e-05 4.58582e-05 -1.43818e-05 
-6.78049e-05 -6.07229e-05 -1.87534e-05 2.88072e-05 2.14153e-05 1.58471e-05 2.37058e-06 -1.60843e-05 6.23654e-06 -1.16297e-05 1.04109e-05 -9.44865e-05 -7.57592e-05 0.000156937 2.59967e-05 -9.3204e-05 -8.24743e-05 3.10692e-05 -3.79953e-05 1.23709e-05 
0.000166748 -0.000182701 -4.70743e-05 1.85775e-05 6.45624e-05 8.99685e-05 2.4293e-05 5.26815e-05 -8.08642e-07 9.57923e-05 -9.37914e-05 -1.07744e-05 -3.32899e-05 2.59967e-05 0.000290659 3.20113e-05 3.15833e-06 -6.03852e-05 4.09929e-05 -3.70702e-06 
0.00010537 -4.67429e-06 5.89884e-06 -1.55053e-07 9.19254e-06 2.68018e-05 7.6503e-07 6.14734e-05 -1.29547e-05 6.45159e-06 -2.99841e-05 8.62717e-05 2.64592e-05 -9.3204e-05 3.20113e-05 0.000196799 5.1109e-05 -9.59859e-05 2.08846e-05 3.74936e-06 
0.000180961 3.04753e-06 1.38944e-05 1.49107e-05 4.01959e-05 9.06352e-05 0.000112899 0.000267713 7.49589e-05 3.57612e-05 -7.82044e-05 9.87924e-05 0.000106706 -8.24743e-05 3.15833e-06 5.1109e-05 0.00041967 3.08331e-05 7.32026e-05 6.79147e-05 
-4.56687e-05 4.89386e-05 -2.76305e-05 4.23172e-05 -2.85549e-06 9.26519e-05 9.93701e-05 0.000265225 0.000143079 2.56702e-05 3.86037e-05 -2.42644e-05 -3.03697e-05 3.10692e-05 -6.03852e-05 -9.59859e-05 3.08331e-05 0.000339541 1.26927e-05 0.000125778 
0.000159904 1.96233e-05 -2.21811e-05 -1.8662e-05 -3.92198e-06 5.01848e-05 5.51112e-05 0.000164299 3.92183e-05 7.36952e-05 1.03094e-05 6.65266e-05 4.58582e-05 -3.79953e-05 4.09929e-05 2.08846e-05 7.32026e-05 1.26927e-05 0.000197686 2.3766e-05 
5.45812e-05 5.94704e-05 -4.05278e-05 2.57874e-05 -2.66582e-05 0.000103258 6.28764e-05 0.000321844 0.00013751 4.55541e-05 4.72188e-05 8.9906e-06 -1.43818e-05 1.23709e-05 -3.70702e-06 3.74936e-06 6.79147e-05 0.000125778 2.3766e-05 0.000279923 
WEIGHT 0.00317825
ESPERANCE 0.234584 0.20634 0.0976283 0.0323617 0.0879967 0.0870773 0.0721125 0.171674 0.122051 0.211389 0.152537 0.356145 0.198146 0.215166 0.111201 0.244592 0.182059 0.0891422 0.14072 0.167485
COVARIANCE_MATRIX
1.00855e-06 -8.04255e-09 -2.87005e-10 3.15274e-10 -6.3839e-09 7.81414e-09 2.20848e-09 5.38497e-11 1.08223e-08 1.03339e-09 3.90568e-10 -1.10087e-08 4.16261e-09 -1.11834e-08 2.9272e-08 -1.6131e-09 1.59654e-08 3.41213e-09 -1.58551e-08 1.69945e-09 
-8.04255e-09 1.03794e-06 7.98789e-09 2.04345e-08 -1.7065e-08 -2.58422e-08 -9.73388e-09 5.43856e-10 1.75542e-08 -4.74899e-08 1.97792e-08 4.94989e-09 2.55371e-08 3.05238e-08 -4.46588e-08 -1.69417e-08 -9.97018e-09 2.05055e-08 4.8604e-08 -4.00729e-08 
-2.87005e-10 7.98789e-09 1.00439e-06 2.57848e-09 -9.60005e-09 -3.1105e-09 -5.2158e-09 3.94348e-09 1.23848e-09 -1.25383e-08 2.60166e-09 2.36245e-09 2.05271e-09 7.91492e-09 1.56841e-09 -1.56036e-09 -4.97385e-09 1.21782e-08 -7.55921e-09 -7.74676e-09 
3.15274e-10 2.04345e-08 2.57848e-09 1.01901e-06 -5.85639e-09 -1.39157e-08 2.93034e-10 -3.37555e-09 2.8002e-08 -2.95121e-08 1.21127e-09 -4.98875e-09 2.10834e-08 1.21053e-08 -1.90368e-08 -1.25289e-08 1.30393e-08 1.01762e-08 3.91683e-08 -2.93396e-08 
-6.3839e-09 -1.7065e-08 -9.60005e-09 -5.85639e-09 1.04674e-06 6.69331e-09 1.53045e-08 -5.32657e-09 -1.24434e-08 4.02804e-08 -5.937e-08 1.58243e-08 -3.28075e-08 -5.72483e-09 -2.22728e-08 2.12037e-08 1.61297e-09 -2.82345e-08 7.736e-09 2.21031e-08 
7.81414e-09 -2.58422e-08 -3.1105e-09 -1.39157e-08 6.69331e-09 1.01995e-06 4.72429e-09 2.71737e-09 -1.05493e-08 2.91367e-08 -1.78537e-08 -3.41973e-09 -1.95511e-08 -2.00676e-08 4.23079e-08 1.30494e-08 7.77675e-09 -6.2902e-09 -4.82921e-08 2.63859e-08 
2.20848e-09 -9.73388e-09 -5.2158e-09 2.93034e-10 1.53045e-08 4.72429e-09 1.00868e-06 -4.70542e-09 5.59065e-09 1.4406e-08 -1.74148e-08 -2.971e-09 -4.59741e-09 -9.50644e-09 2.04677e-09 3.78412e-09 1.3049e-08 -1.25322e-08 7.57084e-09 6.56734e-09 
5.38497e-11 5.43856e-10 3.94348e-09 -3.37555e-09 -5.32657e-09 2.71737e-09 -4.70542e-09 1.00609e-06 -7.3926e-09 -1.61617e-09 -7.21045e-09 5.82179e-09 -8.9673e-09 4.59425e-09 1.05621e-08 5.30514e-09 -8.21571e-09 1.0548e-08 -2.61052e-08 2.36613e-09 
1.08223e-08 1.75542e-08 1.23848e-09 2.8002e-08 -1.24434e-08 -1.05493e-08 5.59065e-09 -7.3926e-09 1.05516e-06 -3.77241e-08 3.63697e-09 -2.26811e-08 3.7374e-08 6.31604e-10 4.62037e-09 -2.09713e-08 4.15407e-08 1.29356e-08 4.61601e-08 -3.89064e-08 
1.03339e-09 -4.74899e-08 -1.25383e-08 -2.95121e-08 4.02804e-08 2.91367e-08 1.4406e-08 -1.61617e-09 -3.77241e-08 1.07276e-06 -4.23299e-08 8.32423e-09 -4.72425e-08 -3.13341e-08 2.73282e-08 3.00106e-08 -2.1986e-09 -3.7012e-08 -5.03633e-08 5.79477e-08 
3.90568e-10 1.97792e-08 2.60166e-09 1.21127e-09 -5.937e-08 -1.78537e-08 -1.74148e-08 -7.21045e-09 3.63697e-09 -4.23299e-08 1.14363e-06 -3.15724e-08 6.77898e-08 -3.43223e-09 -1.14586e-08 -4.48944e-08 -1.13661e-08 2.44556e-09 5.42026e-08 -2.10723e-08 
-1.10087e-08 4.94989e-09 2.36245e-09 -4.98875e-09 1.58243e-08 -3.41973e-09 -2.971e-09 5.82179e-09 -2.26811e-08 8.32423e-09 -3.15724e-08 1.0244e-06 -2.60688e-08 1.68782e-08 -2.59603e-08 1.51433e-08 -2.55394e-08 1.45321e-09 -1.18221e-08 6.39055e-09 
4.16261e-09 2.55371e-08 2.05271e-09 2.10834e-08 -3.28075e-08 -1.95511e-08 -4.59741e-09 -8.9673e-09 3.7374e-08 -4.72425e-08 6.77898e-08 -2.60688e-08 1.05654e-06 3.92112e-09 -1.57514e-08 -3.51996e-08 1.82654e-08 8.57721e-09 6.67992e-08 -3.89653e-08 
-1.11834e-08 3.05238e-08 7.91492e-09 1.21053e-08 -5.72483e-09 -2.00676e-08 -9.50644e-09 4.59425e-09 6.31604e-10 -3.13341e-08 -3.43223e-09 1.68782e-08 3.92112e-09 1.03184e-06 -4.30767e-08 -3.78163e-09 -2.11992e-08 1.82818e-08 2.41783e-08 -2.6076e-08 
2.9272e-08 -4.46588e-08 1.56841e-09 -1.90368e-08 -2.22728e-08 4.23079e-08 2.04677e-09 1.05621e-08 4.62037e-09 2.73282e-08 -1.14586e-08 -2.59603e-08 -1.57514e-08 -4.30767e-08 1.13012e-06 1.23014e-08 3.4206e-08 1.59647e-08 -1.20451e-07 3.38723e-08 
-1.6131e-09 -1.69417e-08 -1.56036e-09 -1.25289e-08 2.12037e-08 1.30494e-08 3.78412e-09 5.30514e-09 -2.09713e-08 3.00106e-08 -4.48944e-08 1.51433e-08 -3.51996e-08 -3.78163e-09 1.23014e-08 1.02223e-06 -8.38229e-09 -5.481e-09 -4.2192e-08 2.42011e-08 
1.59654e-08 -9.97018e-09 -4.97385e-09 1.30393e-08 1.61297e-09 7.77675e-09 1.3049e-08 -8.21571e-09 4.15407e-08 -2.1986e-09 -1.13661e-08 -2.55394e-08 1.82654e-08 -2.11992e-08 3.4206e-08 -8.38229e-09 1.04808e-06 -3.44211e-09 1.32116e-08 -9.36756e-09 
3.41213e-09 2.05055e-08 1.21782e-08 1.01762e-08 -2.82345e-08 -6.2902e-09 -1.25322e-08 1.0548e-08 1.29356e-08 -3.7012e-08 2.44556e-09 1.45321e-09 8.57721e-09 1.82818e-08 1.59647e-08 -5.481e-09 -3.44211e-09 1.03656e-06 -2.41413e-08 -2.42859e-08 
-1.58551e-08 4.8604e-08 -7.55921e-09 3.91683e-08 7.736e-09 -4.82921e-08 7.57084e-09 -2.61052e-08 4.61601e-08 -5.03633e-08 5.42026e-08 -1.18221e-08 6.67992e-08 2.41783e-08 -1.20451e-07 -4.2192e-08 1.32116e-08 -2.41413e-08 1.18388e-06 -5.95846e-08 
1.69945e-09 -4.00729e-08 -7.74676e-09 -2.93396e-08 2.21031e-08 2.63859e-08 6.56734e-09 2.36613e-09 -3.89064e-08 5.79477e-08 -2.10723e-08 6.39055e-09 -3.89653e-08 -2.6076e-08 3.38723e-08 2.42011e-08 -9.36756e-09 -2.42859e-08 -5.95846e-08 1.05127e-06 
WEIGHT 0.0117253
ESPERANCE 0.243938 0.19059 0.0829854 0.0932162 0.101613 0.124326 0.155616 0.231645 0.237067 0.208141 0.227315 0.27755 0.258845 0.19135 0.186107 0.191875 0.217606 0.191845 0.204572 0.215621
COVARIANCE_MATRIX
0.00100746 -0.000538861 -4.11137e-05 -0.000105825 -5.66522e-05 -0.000151231 0.000102228 -0.000170028 0.000127979 0.000143325 8.8967e-05 -8.23325e-05 8.16857e-06 8.77909e-05 3.78255e-05 -0.000116884 -9.58491e-05 6.53931e-05 1.5848e-05 0.000119541 
-0.000538861 0.000790861 -9.67932e-05 0.000184288 -5.51459e-05 7.6123e-05 6.57849e-05 0.000115622 0.00017521 -0.000212357 -0.000179551 0.000144762 0.000187159 -0.000100028 -4.27811e-05 7.95065e-05 0.000267994 1.23921e-05 3.15445e-05 -1.69832e-05 
-4.11137e-05 -9.67932e-05 0.000402231 -6.93629e-05 3.46618e-05 1.89034e-05 -2.11228e-05 2.88882e-06 -3.92642e-05 2.0561e-05 -2.25158e-05 3.8066e-05 1.68141e-05 -3.71064e-05 -4.39716e-05 0.000102402 2.86006e-05 -3.75099e-05 -3.13593e-05 1.75771e-05 
-0.000105825 0.000184288 -6.93629e-05 0.000519545 -6.58883e-05 0.000140188 0.000304746 0.000149096 0.000373498 -0.000193138 -5.48869e-05 -4.28455e-05 0.00019352 2.74592e-05 1.67604e-05 8.12167e-05 0.000270725 0.00019323 0.000162422 7.4409e-05 
-5.66522e-05 -5.51459e-05 3.46618e-05 -6.58883e-05 0.00035838 5.4625e-05 0.00011933 0.000208197 8.4507e-05 -7.81751e-05 4.24065e-06 -1.96286e-05 3.05992e-05 6.00563e-05 2.56395e-05 6.88322e-05 8.27274e-05 0.000121766 8.63893e-05 3.8513e-05 
-0.000151231 7.6123e-05 1.89034e-05 0.000140188 5.4625e-05 0.000504211 9.31597e-05 0.000559486 0.000206781 -0.000211805 -0.000170837 0.000201202 0.000132317 -8.94875e-05 -6.86668e-05 0.00028667 0.000383955 0.00015015 0.000239823 4.1659e-05 
0.000102228 6.57849e-05 -2.11228e-05 0.000304746 0.00011933 9.31597e-05 0.000974288 0.000286031 0.00070924 -0.000271479 -4.75796e-05 -9.31617e-05 0.000278714 0.000165894 1.67577e-05 6.44734e-07 0.000375252 0.000543916 0.00030624 0.000315803 
-0.000170028 0.000115622 2.88882e-06 0.000149096 0.000208197 0.000559486 0.000286031 0.00172228 0.000385766 -0.000439632 -0.000434068 0.000405682 0.000299342 -0.000150228 -0.000154724 0.000583629 0.000852895 0.000282718 0.000565212 0.000152937 
0.000127979 0.00017521 -3.92642e-05 0.000373498 8.4507e-05 0.000206781 0.00070924 0.000385766 0.00128195 -0.000367622 -7.88359e-05 -0.000165702 0.000333405 0.000231211 -2.5406e-05 8.16095e-06 0.000518963 0.000567155 0.000412409 0.000407035 
0.000143325 -0.000212357 2.0561e-05 -0.000193138 -7.81751e-05 -0.000211805 -0.000271479 -0.000439632 -0.000367622 0.000776878 0.000110302 -0.000270056 -0.000211232 2.22272e-05 0.000103147 -0.000132625 -0.000465794 -0.000142338 -0.000154074 -4.16988e-06 
8.8967e-05 -0.000179551 -2.25158e-05 -5.48869e-05 4.24065e-06 -0.000170837 -4.75796e-05 -0.000434068 -7.88359e-05 0.000110302 0.000760723 -0.000412906 -0.000210013 0.000238602 2.33959e-05 -0.000140812 -0.000495163 2.82204e-05 -9.65698e-05 5.13713e-05 
-8.23325e-05 0.000144762 3.8066e-05 -4.28455e-05 -1.96286e-05 0.000201202 -9.31617e-05 0.000405682 -0.000165702 -0.000270056 -0.000412906 0.000782115 -7.51417e-05 -0.000288766 -0.000143732 0.000195642 0.000385134 -0.000199134 8.6043e-05 -8.29933e-05 
8.16857e-06 0.000187159 1.68141e-05 0.00019352 3.05992e-05 0.000132317 0.000278714 0.000299342 0.000333405 -0.000211232 -0.000210013 -7.51417e-05 0.000579521 -0.000104986 -4.88469e-05 2.49764e-05 0.000355025 0.00020406 6.06176e-05 0.000102242 
8.77909e-05 -0.000100028 -3.71064e-05 2.74592e-05 6.00563e-05 -8.94875e-05 0.000165894 -0.000150228 0.000231211 2.22272e-05 0.000238602 -0.000288766 -0.000104986 0.000568271 -5.71415e-05 -0.000171194 -0.000201635 0.000186236 4.09439e-07 6.38612e-05 
3.78255e-05 -4.27811e-05 -4.39716e-05 1.67604e-05 2.56395e-05 -6.86668e-05 1.67577e-05 -0.000154724 -2.5406e-05 0.000103147 2.33959e-05 -0.000143732 -4.88469e-05 -5.71415e-05 0.000508006 -0.00014697 -0.000193513 -1.83212e-05 -7.29637e-05 -2.67166e-05 
-0.000116884 7.95065e-05 0.000102402 8.12167e-05 6.88322e-05 0.00028667 6.44734e-07 0.000583629 8.16095e-06 -0.000132625 -0.000140812 0.000195642 2.49764e-05 -0.000171194 -0.00014697 0.00074612 0.000208419 -6.40638e-05 0.000201715 -4.54361e-05 
-9.58491e-05 0.000267994 2.86006e-05 0.000270725 8.27274e-05 0.000383955 0.000375252 0.000852895 0.000518963 -0.000465794 -0.000495163 0.000385134 0.000355025 -0.000201635 -0.000193513 0.000208419 0.00110105 0.000168155 0.000279279 8.88676e-05 
6.53931e-05 1.23921e-05 -3.75099e-05 0.00019323 0.000121766 0.00015015 0.000543916 0.000282718 0.000567155 -0.000142338 2.82204e-05 -0.000199134 0.00020406 0.000186236 -1.83212e-05 -6.40638e-05 0.000168155 0.00074268 0.000175008 0.000204209 
1.5848e-05 3.15445e-05 -3.13593e-05 0.000162422 8.63893e-05 0.000239823 0.00030624 0.000565212 0.000412409 -0.000154074 -9.65698e-05 8.6043e-05 6.06176e-05 4.09439e-07 -7.29637e-05 0.000201715 0.000279279 0.000175008 0.000660431 9.55303e-05 
0.000119541 -1.69832e-05 1.75771e-05 7.4409e-05 3.8513e-05 4.1659e-05 0.000315803 0.000152937 0.000407035 -4.16988e-06 5.13713e-05 -8.29933e-05 0.000102242 6.38612e-05 -2.67166e-05 -4.54361e-05 8.88676e-05 0.000204209 9.55303e-05 0.000558259 
WEIGHT 0.0148957
ESPERANCE 0.359341 0.155073 0.118871 0.110486 0.0894075 0.153921 0.138649 0.205542 0.221798 0.237222 0.233248 0.306895 0.249023 0.221837 0.199346 0.212303 0.202252 0.18939 0.207328 0.226244
COVARIANCE_MATRIX
0.00157966 -0.00110256 4.25905e-05 -0.000120661 1.16669e-05 -7.43979e-05 7.80621e-05 0.000243445 0.00031023 2.64534e-05 0.000722185 -0.00022223 0.000185533 6.52188e-05 0.000274259 -4.70556e-05 -1.99238e-05 0.000109173 0.000223166 0.000181521 
-0.00110256 0.00147696 0.000461149 -6.53942e-05 1.84395e-05 0.000366984 -1.61483e-05 -8.37363e-05 1.39294e-05 0.000137341 -0.000677142 0.000244812 0.000248096 -9.50884e-05 -0.000117571 0.000109849 0.000355241 2.68098e-05 -5.97384e-05 2.26531e-05 
4.25905e-05 0.000461149 0.00102971 -0.000254415 9.08444e-05 0.000260044 3.74227e-05 -2.56305e-05 0.000401815 0.000196941 -0.000202841 -1.16882e-05 0.000590053 -5.83761e-05 0.000129256 -5.82816e-06 0.000382075 0.000104944 9.65046e-05 0.000165836 
-0.000120661 -6.53942e-05 -0.000254415 0.00057576 8.48178e-06 0.000158185 3.79467e-05 0.000303379 -0.000155329 -0.000170877 -0.000133093 0.000107656 -9.04435e-05 5.81373e-05 3.79051e-05 0.000196653 8.81115e-05 9.30748e-05 2.60166e-05 -3.57557e-05 
1.16669e-05 1.84395e-05 9.08444e-05 8.48178e-06 0.000396924 0.000155153 0.000113149 0.00015856 0.00010141 -2.68795e-05 -0.00011648 6.08963e-05 8.61305e-05 5.9556e-05 9.42616e-05 7.77335e-05 0.000128651 9.33958e-05 6.61613e-05 5.80788e-05 
-7.43979e-05 0.000366984 0.000260044 0.000158185 0.000155153 0.00104911 0.000225215 0.000730997 0.000140515 -8.53129e-05 -0.000369856 0.000387526 0.000291577 3.78336e-05 0.000115148 0.000489144 0.000548809 0.000307436 0.000203007 0.000182892 
7.80621e-05 -1.61483e-05 3.74227e-05 3.79467e-05 0.000113149 0.000225215 0.000909756 0.000439279 0.000286345 -6.03696e-05 8.60345e-05 -2.22694e-05 0.000225858 2.71944e-05 6.00961e-05 9.75658e-05 0.000283078 0.000291747 0.000324838 0.000189445 
0.000243445 -8.37363e-05 -2.56305e-05 0.000303379 0.00015856 0.000730997 0.000439279 0.00164755 0.000361038 -0.000305021 -0.000101536 0.000334436 7.91351e-05 0.000149696 0.000175254 0.000568376 0.000460945 0.000534899 0.000480449 0.000338925 
0.00031023 1.39294e-05 0.000401815 -0.000155329 0.00010141 0.000140515 0.000286345 0.000361038 0.00114086 0.000150655 -4.98442e-05 -0.000219133 0.000478187 -3.3166e-05 0.000118321 -7.15595e-05 0.000373038 0.00030908 0.000431617 0.000314192 
2.64534e-05 0.000137341 0.000196941 -0.000170877 -2.68795e-05 -8.53129e-05 -6.03696e-05 -0.000305021 0.000150655 0.00060103 -5.26607e-05 -0.000260042 0.000132147 1.40782e-05 -1.80563e-05 -0.000165854 -1.49111e-05 2.13344e-05 -2.64345e-05 0.000121784 
0.000722185 -0.000677142 -0.000202841 -0.000133093 -0.00011648 -0.000369856 8.60345e-05 -0.000101536 -4.98442e-05 -5.26607e-05 0.00142606 -0.000467037 -0.000412784 -8.47385e-05 0.000122427 -0.000129278 -0.000370292 4.54374e-05 0.000205587 7.95001e-05 
-0.00022223 0.000244812 -1.16882e-05 0.000107656 6.08963e-05 0.000387526 -2.22694e-05 0.000334436 -0.000219133 -0.000260042 -0.000467037 0.000909015 -0.000258749 7.26377e-06 -0.000133623 0.000385386 9.14997e-05 -5.28075e-05 -6.59612e-05 9.27784e-06 
0.000185533 0.000248096 0.000590053 -9.04435e-05 8.61305e-05 0.000291577 0.000225858 7.91351e-05 0.000478187 0.000132147 -0.000412784 -0.000258749 0.00148026 -0.000196827 0.000130446 -0.000307344 0.000582486 6.13134e-05 6.86547e-05 2.08434e-05 
6.52188e-05 -9.50884e-05 -5.83761e-05 5.81373e-05 5.9556e-05 3.78336e-05 2.71944e-05 0.000149696 -3.3166e-05 1.40782e-05 -8.47385e-05 7.26377e-06 -0.000196827 0.000512933 -4.78506e-05 2.44191e-05 -0.000140629 6.94978e-05 -1.90025e-05 2.83553e-05 
0.000274259 -0.000117571 0.000129256 3.79051e-05 9.42616e-05 0.000115148 6.00961e-05 0.000175254 0.000118321 -1.80563e-05 0.000122427 -0.000133623 0.000130446 -4.78506e-05 0.000567828 -2.03386e-06 3.12058e-05 2.67505e-06 8.79815e-05 -3.14472e-06 
-4.70556e-05 0.000109849 -5.82816e-06 0.000196653 7.77335e-05 0.000489144 9.75658e-05 0.000568376 -7.15595e-05 -0.000165854 -0.000129278 0.000385386 -0.000307344 2.44191e-05 -2.03386e-06 0.000842306 0.000120039 8.26675e-05 8.72858e-05 0.000109389 
-1.99238e-05 0.000355241 0.000382075 8.81115e-05 0.000128651 0.000548809 0.000283078 0.000460945 0.000373038 -1.49111e-05 -0.000370292 9.14997e-05 0.000582486 -0.000140629 3.12058e-05 0.000120039 0.000924129 0.000209667 0.000128558 0.000122925 
0.000109173 2.68098e-05 0.000104944 9.30748e-05 9.33958e-05 0.000307436 0.000291747 0.000534899 0.00030908 2.13344e-05 4.54374e-05 -5.28075e-05 6.13134e-05 6.94978e-05 2.67505e-06 8.26675e-05 0.000209667 0.000706772 0.000222392 0.000152519 
0.000223166 -5.97384e-05 9.65046e-05 2.60166e-05 6.61613e-05 0.000203007 0.000324838 0.000480449 0.000431617 -2.64345e-05 0.000205587 -6.59612e-05 6.86547e-05 -1.90025e-05 8.79815e-05 8.72858e-05 0.000128558 0.000222392 0.000718954 0.000158169 
0.000181521 2.26531e-05 0.000165836 -3.57557e-05 5.80788e-05 0.000182892 0.000189445 0.000338925 0.000314192 0.000121784 7.95001e-05 9.27784e-06 2.08434e-05 2.83553e-05 -3.14472e-06 0.000109389 0.000122925 0.000152519 0.000158169 0.000599559 
WEIGHT 0.0145126
ESPERANCE 0.353937 0.134436 0.0824876 0.112445 0.0681505 0.106756 0.0798227 0.135415 0.168042 0.229056 0.206656 0.339593 0.179376 0.257774 0.171971 0.223388 0.128814 0.1438 0.14411 0.205842
COVARIANCE_MATRIX
0.000750628 -0.000552859 -9.60079e-05 -0.000118224 4.10744e-06 0.000172597 -0.000126369 6.55037e-05 4.68762e-05 -4.90455e-05 0.000486965 -1.7478e-05 0.000155799 -0.000147964 0.000273524 2.52817e-05 8.4421e-05 -0.000116072 -2.15131e-05 5.04297e-06 
-0.000552859 0.000759253 0.000263836 8.96031e-05 6.98595e-05 -3.74951e-05 0.000194223 0.000283635 8.45142e-05 8.40266e-05 -0.000413745 0.00017589 -5.60332e-05 8.23447e-05 -0.000131307 6.27222e-05 2.44358e-05 0.000264484 0.000113455 0.000191258 
-9.60079e-05 0.000263836 0.000394236 -5.81381e-05 0.000178239 2.65635e-05 0.000161163 0.000197263 0.000156493 1.11617e-05 -0.000124253 0.000109535 8.24161e-05 -1.43798e-05 9.30867e-05 2.29929e-05 0.000131104 0.000153665 0.000113447 0.000122612 
-0.000118224 8.96031e-05 -5.81381e-05 0.000129013 -4.55636e-05 9.70212e-06 2.55649e-06 6.10181e-05 -5.60833e-05 2.20868e-05 -9.5722e-05 9.43685e-06 -3.09762e-05 3.96931e-05 -5.39271e-05 3.07917e-05 -1.70328e-05 4.30956e-05 -2.0041e-05 2.93531e-05 
4.10744e-06 6.98595e-05 0.000178239 -4.55636e-05 0.000234102 2.97014e-05 0.000168691 0.000150586 0.000156908 -2.91572e-05 -3.29525e-05 4.18058e-05 4.24199e-05 -5.12075e-07 0.000132053 -1.74029e-06 0.000109985 9.25934e-05 0.000123106 5.31921e-05 
0.000172597 -3.74951e-05 2.65635e-05 9.70212e-06 2.97014e-05 0.000227336 8.76458e-05 0.000296007 3.89866e-05 2.89457e-06 9.82305e-05 4.30625e-05 7.08256e-05 -1.52586e-05 7.60725e-05 6.77349e-05 8.04966e-05 0.000130897 7.16745e-05 0.00012684 
-0.000126369 0.000194223 0.000161163 2.55649e-06 0.000168691 8.76458e-05 0.000479698 0.000321773 0.000188711 -1.8593e-05 -8.30765e-05 4.53024e-05 0.00013689 2.32647e-05 1.60923e-05 1.69719e-06 0.000131335 0.000198092 0.000290807 9.01739e-05 
6.55037e-05 0.000283635 0.000197263 6.10181e-05 0.000150586 0.000296007 0.000321773 0.00074573 0.00018718 3.21156e-05 -5.44862e-06 0.000148083 0.00012881 4.05457e-06 0.000142399 0.000119414 0.000193696 0.000366854 0.000247624 0.000294723 
4.68762e-05 8.45142e-05 0.000156493 -5.60833e-05 0.000156908 3.89866e-05 0.000188711 0.00018718 0.000343413 -3.94597e-05 5.57601e-05 4.92627e-05 3.12848e-05 -2.91489e-05 0.000146016 -1.22336e-05 4.66582e-05 0.000113961 0.000259126 5.17208e-05 
-4.90455e-05 8.40266e-05 1.11617e-05 2.20868e-05 -2.91572e-05 2.89457e-06 -1.8593e-05 3.21156e-05 -3.94597e-05 6.72089e-05 -7.16362e-05 3.24152e-05 7.45873e-06 -9.08174e-06 -4.26347e-05 2.8868e-05 1.44685e-05 1.89984e-05 -3.1029e-05 4.7592e-05 
0.000486965 -0.000413745 -0.000124253 -9.5722e-05 -3.29525e-05 9.82305e-05 -8.30765e-05 -5.44862e-06 5.57601e-05 -7.16362e-05 0.000591334 -9.76138e-05 -2.39175e-05 -0.000106734 0.000223921 -1.89807e-05 -5.24334e-05 -0.000111623 9.65877e-05 -6.26829e-05 
-1.7478e-05 0.00017589 0.000109535 9.43685e-06 4.18058e-05 4.30625e-05 4.53024e-05 0.000148083 4.92627e-05 3.24152e-05 -9.76138e-05 0.000147241 2.42462e-05 -9.86495e-06 -1.49551e-05 6.46905e-05 2.84897e-05 9.93881e-05 4.06942e-06 0.000105771 
0.000155799 -5.60332e-05 8.24161e-05 -3.09762e-05 4.24199e-05 7.08256e-05 0.00013689 0.00012881 3.12848e-05 7.45873e-06 -2.39175e-05 2.42462e-05 0.000332441 -8.35275e-05 5.78068e-06 -1.85838e-05 0.000169582 3.06033e-05 6.78244e-05 3.56352e-05 
-0.000147964 8.23447e-05 -1.43798e-05 3.96931e-05 -5.12075e-07 -1.52586e-05 2.32647e-05 4.05457e-06 -2.91489e-05 -9.08174e-06 -0.000106734 -9.86495e-06 -8.35275e-05 0.000117992 -7.01942e-05 -3.52445e-06 -6.27514e-05 2.28225e-05 -2.48323e-05 5.47824e-06 
