DESCRIPTOR_NAME Steinhardt
FILTER_TYPE element
NUMBER_OF_DIMENSION 20
CUTOFF_RADIUS 5.000000
STEINHARDT_STYLE Multi
AVE_STYLE none
STEINHARDT_MODE Full
FILTER_VALUE Au
NUMBER_OF_CLUSTER 15
WEIGHT 0.0136027
ESPERANCE 0.117101 0.0571 0.0779493 0.0612169 0.077452 0.107965 0.109355 0.204294 0.184247 0.215232 0.177454 0.292989 0.178956 0.167283 0.144946 0.208712 0.161069 0.141817 0.186034 0.186199
COVARIANCE_MATRIX
0.000631057 -0.000137217 -0.000107634 -7.23994e-05 -7.31601e-05 5.39154e-05 1.27703e-06 0.000191091 8.43477e-05 -6.00453e-05 2.83669e-05 0.000104205 -5.83905e-05 -2.53369e-05 -6.25717e-06 0.00015385 -6.46923e-05 3.1865e-06 0.000102318 7.63974e-05 
-0.000137217 0.000363838 -3.76876e-05 9.34137e-05 -2.53385e-05 7.08867e-05 -2.51973e-05 0.000112854 -1.87766e-05 3.84092e-05 -3.47714e-05 2.6754e-05 -4.04837e-06 1.86726e-05 -3.69716e-06 4.21618e-05 4.34638e-05 3.9339e-06 5.63928e-05 1.95155e-05 
-0.000107634 -3.76876e-05 0.000370021 -4.80941e-05 -9.01367e-05 7.43733e-06 -8.78462e-05 -5.38779e-05 7.36639e-05 -2.23853e-05 2.60666e-06 2.99957e-06 7.6551e-05 -5.7881e-05 1.87275e-05 -2.27625e-05 1.75599e-05 -3.13241e-05 -1.11378e-05 4.38889e-06 
-7.23994e-05 9.34137e-05 -4.80941e-05 0.000250664 -4.76402e-05 9.62875e-05 -1.91865e-05 0.000112728 4.02855e-05 3.36024e-05 -2.99861e-05 1.05385e-05 2.24793e-05 1.63277e-05 -9.07643e-07 1.67182e-05 5.58741e-05 5.48415e-05 5.65691e-05 4.15578e-05 
-7.31601e-05 -2.53385e-05 -9.01367e-05 -4.76402e-05 0.000314036 4.68847e-07 4.89286e-06 6.28853e-05 -0.000126617 -4.24325e-05 -5.58089e-05 5.96575e-05 -6.18207e-05 5.11454e-05 3.07587e-05 4.30984e-05 2.51625e-05 3.99717e-05 -5.06485e-05 4.46835e-06 
5.39154e-05 7.08867e-05 7.43733e-06 9.62875e-05 4.68847e-07 0.000237603 -1.08486e-05 0.000275197 8.38729e-05 -2.51071e-05 -5.04696e-07 7.86337e-05 7.9832e-07 -3.27809e-05 1.74479e-05 0.000122252 9.66288e-05 8.26837e-05 0.000113438 0.000102092 
1.27703e-06 -2.51973e-05 -8.78462e-05 -1.91865e-05 4.89286e-06 -1.08486e-05 0.000333203 9.76855e-05 -1.24123e-05 -2.77592e-05 5.97873e-05 -5.21959e-05 6.47011e-05 -1.95523e-05 5.4083e-05 -3.55164e-05 7.66332e-05 8.51477e-05 7.9508e-05 -1.7921e-05 
0.000191091 0.000112854 -5.38779e-05 0.000112728 6.28853e-05 0.000275197 9.76855e-05 0.000723051 3.67814e-05 -6.53893e-05 1.42879e-06 0.000141072 3.6518e-05 -5.05614e-05 2.57703e-05 0.000281523 0.000141383 0.000204816 0.000161361 0.000217538 
8.43477e-05 -1.87766e-05 7.36639e-05 4.02855e-05 -0.000126617 8.38729e-05 -1.24123e-05 3.67814e-05 0.00049155 -4.02024e-05 9.13578e-05 -0.000115374 6.45347e-05 -6.45772e-05 0.000100854 -0.000118886 0.000201041 1.78445e-05 0.000227477 -1.90047e-06 
-6.00453e-05 3.84092e-05 -2.23853e-05 3.36024e-05 -4.24325e-05 -2.51071e-05 -2.77592e-05 -6.53893e-05 -4.02024e-05 0.000151731 -1.70443e-05 -6.10599e-05 9.90753e-06 -2.73397e-05 -3.16159e-05 1.71289e-05 -4.29995e-05 -1.30856e-05 -2.58202e-05 1.08101e-05 
2.83669e-05 -3.47714e-05 2.60666e-06 -2.99861e-05 -5.58089e-05 -5.04696e-07 5.97873e-05 1.42879e-06 9.13578e-05 -1.70443e-05 0.000265858 -0.000132767 6.22628e-05 -5.97338e-05 7.89503e-05 -8.67988e-05 2.34828e-05 1.96154e-05 2.72938e-05 2.61553e-05 
0.000104205 2.6754e-05 2.99957e-06 1.05385e-05 5.96575e-05 7.86337e-05 -5.21959e-05 0.000141072 -0.000115374 -6.10599e-05 -0.000132767 0.000241529 -0.000118672 2.10341e-05 -6.34752e-05 0.00016755 -5.90973e-05 -2.44087e-05 -7.38096e-06 4.94624e-05 
-5.83905e-05 -4.04837e-06 7.6551e-05 2.24793e-05 -6.18207e-05 7.9832e-07 6.47011e-05 3.6518e-05 6.45347e-05 9.90753e-06 6.22628e-05 -0.000118672 0.0003151 -0.000122138 -2.68353e-05 -9.86354e-05 9.23107e-05 3.71209e-05 1.28811e-05 1.4662e-05 
-2.53369e-05 1.86726e-05 -5.7881e-05 1.63277e-05 5.11454e-05 -3.27809e-05 -1.95523e-05 -5.05614e-05 -6.45772e-05 -2.73397e-05 -5.97338e-05 2.10341e-05 -0.000122138 0.000222386 -2.14522e-05 -5.53784e-05 -1.61713e-05 3.22363e-06 -5.1039e-05 -3.87495e-05 
-6.25717e-06 -3.69716e-06 1.87275e-05 -9.07643e-07 3.07587e-05 1.74479e-05 5.4083e-05 2.57703e-05 0.000100854 -3.16159e-05 7.89503e-05 -6.34752e-05 -2.68353e-05 -2.14522e-05 0.000250746 -6.82599e-05 1.12878e-05 3.48493e-05 4.30942e-05 1.20168e-05 
0.00015385 4.21618e-05 -2.27625e-05 1.67182e-05 4.30984e-05 0.000122252 -3.55164e-05 0.000281523 -0.000118886 1.71289e-05 -8.67988e-05 0.00016755 -9.86354e-05 -5.53784e-05 -6.82599e-05 0.000374003 -0.000126488 -3.50556e-06 4.24376e-05 8.83229e-05 
-6.46923e-05 4.34638e-05 1.75599e-05 5.58741e-05 2.51625e-05 9.66288e-05 7.66332e-05 0.000141383 0.000201041 -4.29995e-05 2.34828e-05 -5.90973e-05 9.23107e-05 -1.61713e-05 1.12878e-05 -0.000126488 0.000395908 5.88017e-05 7.68044e-05 7.87821e-06 
3.1865e-06 3.9339e-06 -3.13241e-05 5.48415e-05 3.99717e-05 8.26837e-05 8.51477e-05 0.000204816 1.78445e-05 -1.30856e-05 1.96154e-05 -2.44087e-05 3.71209e-05 3.22363e-06 3.48493e-05 -3.50556e-06 5.88017e-05 0.000289799 1.17723e-05 3.1382e-05 
0.000102318 5.63928e-05 -1.11378e-05 5.65691e-05 -5.06485e-05 0.000113438 7.9508e-05 0.000161361 0.000227477 -2.58202e-05 2.72938e-05 -7.38096e-06 1.28811e-05 -5.1039e-05 4.30942e-05 4.24376e-05 7.68044e-05 1.17723e-05 0.000372062 -5.1985e-05 
7.63974e-05 1.95155e-05 4.38889e-06 4.15578e-05 4.46835e-06 0.000102092 -1.7921e-05 0.000217538 -1.90047e-06 1.08101e-05 2.61553e-05 4.94624e-05 1.4662e-05 -3.87495e-05 1.20168e-05 8.83229e-05 7.87821e-06 3.1382e-05 -5.1985e-05 0.00030208 
WEIGHT 0.0137519
ESPERANCE 0.0634175 0.090149 0.0622612 0.0724534 0.0679911 0.116336 0.0874096 0.215815 0.110753 0.235442 0.120229 0.327528 0.115824 0.197394 0.115255 0.23821 0.123496 0.153219 0.139257 0.207841
COVARIANCE_MATRIX
0.000553605 -6.47469e-05 -1.4282e-06 -1.89129e-05 5.32838e-05 8.31438e-06 4.91563e-05 3.27484e-05 0.000152953 -4.44917e-05 0.000106025 -1.53957e-05 9.00958e-05 -2.70585e-05 3.34818e-05 4.31565e-05 3.97639e-05 -1.85264e-05 6.5246e-05 1.4494e-05 
-6.47469e-05 0.000509246 -5.48931e-05 -6.69282e-05 -4.83025e-05 0.000104718 -2.71708e-05 0.000131212 -9.37394e-05 8.80579e-05 -4.84297e-05 0.00010476 -1.04987e-05 -0.00010879 -3.99093e-07 0.000161504 -1.80404e-07 1.36761e-05 -6.89063e-06 0.000154646 
-1.4282e-06 -5.48931e-05 0.000217596 -2.87077e-05 4.99733e-05 4.23022e-05 8.29474e-05 5.63386e-05 5.00869e-05 -5.31357e-05 4.90788e-05 1.75189e-05 1.65808e-05 -1.32439e-05 3.88076e-05 5.13715e-05 4.38128e-05 3.78567e-05 1.5836e-05 -8.33552e-07 
-1.89129e-05 -6.69282e-05 -2.87077e-05 0.000396594 -1.82089e-05 5.51519e-05 -3.6423e-05 0.000121043 -3.32315e-05 1.49171e-05 -4.1055e-05 7.07317e-05 -5.53782e-05 7.1962e-06 -1.55576e-05 0.000121686 -8.29865e-06 6.39511e-05 -1.03798e-05 5.49183e-05 
5.32838e-05 -4.83025e-05 4.99733e-05 -1.82089e-05 0.000237997 3.06401e-05 8.39881e-05 8.48959e-05 0.000102166 -5.69383e-05 4.7668e-05 2.67271e-06 5.24474e-05 -2.07937e-05 8.18736e-05 4.04013e-05 8.33802e-05 4.79596e-05 7.64215e-05 1.22495e-05 
8.31438e-06 0.000104718 4.23022e-05 5.51519e-05 3.06401e-05 0.000369106 2.25861e-05 0.000341537 -2.40513e-06 -4.71787e-05 -2.18743e-05 0.000103957 -7.21673e-06 -5.54944e-05 4.05073e-05 0.00024158 3.95376e-05 0.000214579 4.479e-05 0.00014433 
4.91563e-05 -2.71708e-05 8.29474e-05 -3.6423e-05 8.39881e-05 2.25861e-05 0.000264292 5.63218e-05 6.06718e-05 -5.93885e-05 0.000121254 -1.12213e-05 7.65358e-05 -5.97555e-05 8.14919e-05 2.82797e-05 0.000138223 -6.12431e-06 0.000131988 -1.62045e-05 
3.27484e-05 0.000131212 5.63386e-05 0.000121043 8.48959e-05 0.000341537 5.63218e-05 0.000846882 5.81024e-05 -6.11759e-05 1.34543e-05 0.000117587 1.65956e-05 -1.2102e-05 7.59825e-05 0.000281764 6.83107e-05 0.000452802 0.000119699 0.000259042 
0.000152953 -9.37394e-05 5.00869e-05 -3.32315e-05 0.000102166 -2.40513e-06 6.06718e-05 5.81024e-05 0.000437167 -0.000102066 0.000124266 -5.06081e-05 9.21215e-05 -4.42133e-05 0.000173159 -6.95625e-05 0.000150813 -7.63307e-07 0.000182824 -6.84551e-05 
-4.44917e-05 8.80579e-05 -5.31357e-05 1.49171e-05 -5.69383e-05 -4.71787e-05 -5.93885e-05 -6.11759e-05 -0.000102066 0.000200658 -6.67218e-05 -1.75152e-05 -2.74697e-05 -2.74574e-05 -4.72515e-05 -5.53653e-06 -5.50717e-05 -2.76112e-05 -4.94144e-05 7.01661e-05 
0.000106025 -4.84297e-05 4.90788e-05 -4.1055e-05 4.7668e-05 -2.18743e-05 0.000121254 1.34543e-05 0.000124266 -6.67218e-05 0.000327541 -7.19214e-05 9.78148e-05 -5.62108e-05 0.000130871 -7.39209e-05 0.000118676 -2.99712e-05 0.000125592 -7.03481e-05 
-1.53957e-05 0.00010476 1.75189e-05 7.07317e-05 2.67271e-06 0.000103957 -1.12213e-05 0.000117587 -5.06081e-05 -1.75152e-05 -7.19214e-05 0.000147255 -9.01076e-05 -4.81472e-05 -5.34765e-05 0.000156818 -4.44892e-05 4.44352e-05 -3.84845e-05 0.00010614 
9.00958e-05 -1.04987e-05 1.65808e-05 -5.53782e-05 5.24474e-05 -7.21673e-06 7.65358e-05 1.65956e-05 9.21215e-05 -2.74697e-05 9.78148e-05 -9.01076e-05 0.00029428 -5.68864e-05 6.77589e-05 -6.79962e-05 0.000107268 -7.2279e-06 0.000114648 -6.97872e-05 
-2.70585e-05 -0.00010879 -1.32439e-05 7.1962e-06 -2.07937e-05 -5.54944e-05 -5.97555e-05 -1.2102e-05 -4.42133e-05 -2.74574e-05 -5.62108e-05 -4.81472e-05 -5.68864e-05 0.000199393 -4.61364e-05 -0.000119393 -5.47708e-05 3.04561e-05 -5.32657e-05 -5.10617e-05 
3.34818e-05 -3.99093e-07 3.88076e-05 -1.55576e-05 8.18736e-05 4.05073e-05 8.14919e-05 7.59825e-05 0.000173159 -4.72515e-05 0.000130871 -5.34765e-05 6.77589e-05 -4.61364e-05 0.000276409 -5.94405e-05 0.000109834 2.1071e-05 0.000121239 -3.27941e-05 
4.31565e-05 0.000161504 5.13715e-05 0.000121686 4.04013e-05 0.00024158 2.82797e-05 0.000281764 -6.95625e-05 -5.53653e-06 -7.39209e-05 0.000156818 -6.79962e-05 -0.000119393 -5.94405e-05 0.000417195 -4.73535e-05 8.54589e-05 -4.3896e-05 0.000177249 
3.97639e-05 -1.80404e-07 4.38128e-05 -8.29865e-06 8.33802e-05 3.95376e-05 0.000138223 6.83107e-05 0.000150813 -5.50717e-05 0.000118676 -4.44892e-05 0.000107268 -5.47708e-05 0.000109834 -4.73535e-05 0.00031 -7.9243e-06 0.000121618 -5.04711e-05 
-1.85264e-05 1.36761e-05 3.78567e-05 6.39511e-05 4.79596e-05 0.000214579 -6.12431e-06 0.000452802 -7.63307e-07 -2.76112e-05 -2.99712e-05 4.44352e-05 -7.2279e-06 3.04561e-05 2.1071e-05 8.54589e-05 -7.9243e-06 0.000467321 1.82586e-05 0.000106802 
6.5246e-05 -6.89063e-06 1.5836e-05 -1.03798e-05 7.64215e-05 4.479e-05 0.000131988 0.000119699 0.000182824 -4.94144e-05 0.000125592 -3.84845e-05 0.000114648 -5.32657e-05 0.000121239 -4.3896e-05 0.000121618 1.82586e-05 0.000324935 -2.92917e-05 
1.4494e-05 0.000154646 -8.33552e-07 5.49183e-05 1.22495e-05 0.00014433 -1.62045e-05 0.000259042 -6.84551e-05 7.01661e-05 -7.03481e-05 0.00010614 -6.97872e-05 -5.10617e-05 -3.27941e-05 0.000177249 -5.04711e-05 0.000106802 -2.92917e-05 0.000287268 
WEIGHT 0.0123915
ESPERANCE 0.0653585 0.0947668 0.0642744 0.0732147 0.0644059 0.120933 0.0967488 0.23389 0.130557 0.24102 0.139049 0.310272 0.142322 0.185296 0.128014 0.225865 0.145138 0.165651 0.161037 0.208008
COVARIANCE_MATRIX
0.000540769 -0.000162914 7.56334e-05 -5.91913e-05 6.41906e-05 -4.4921e-05 0.000102985 -4.28577e-05 0.000250175 -0.000116591 0.000161071 -4.69754e-05 0.000143648 -6.96943e-05 9.7379e-06 5.94449e-06 2.88777e-05 -5.01387e-05 0.000138808 -0.000102205 
-0.000162914 0.000497679 -0.00011299 3.39437e-05 -7.09902e-05 0.000110443 -9.43438e-05 6.11665e-05 -0.000176921 0.000115714 -0.00011143 0.000149254 -0.000128438 -9.40382e-05 1.18391e-05 0.000198816 -2.13897e-05 -1.52503e-05 -6.28871e-05 0.000180063 
7.56334e-05 -0.00011299 0.000230738 -4.38638e-05 6.65266e-05 -7.92923e-06 7.21223e-05 -2.21505e-05 8.90095e-05 -7.47473e-05 6.47416e-05 -1.90553e-05 7.17744e-05 -3.77768e-05 2.44986e-05 2.52369e-05 4.6542e-05 -9.08706e-06 2.27763e-05 -5.7416e-05 
-5.91913e-05 3.39437e-05 -4.38638e-05 0.000318146 -1.11339e-05 9.23973e-05 -1.21954e-05 0.00014592 -3.48096e-05 5.05842e-05 -6.69483e-05 9.50959e-05 -5.68489e-05 -1.83648e-05 1.60984e-05 0.000160738 -7.83124e-06 2.88737e-05 3.66834e-05 9.47194e-05 
6.41906e-05 -7.09902e-05 6.65266e-05 -1.11339e-05 0.000176223 -8.63964e-06 3.42865e-05 2.04138e-05 6.43396e-05 -2.89426e-05 4.30431e-05 -1.93137e-05 4.29023e-05 -9.61863e-06 2.83303e-05 -1.67003e-07 5.32359e-05 2.20423e-05 4.14351e-05 -2.64186e-05 
-4.4921e-05 0.000110443 -7.92923e-06 9.23973e-05 -8.63964e-06 0.000383547 1.10112e-05 0.000397301 -2.93782e-05 -5.86177e-05 -8.74141e-05 0.000166151 -8.58418e-05 -1.37065e-05 1.53411e-05 0.000310378 3.65322e-05 0.000157937 2.65329e-05 0.000167896 
0.000102985 -9.43438e-05 7.21223e-05 -1.21954e-05 3.42865e-05 1.10112e-05 0.000336618 5.84673e-05 0.000125493 -7.88633e-05 0.000166442 -0.00010048 0.000187017 -5.1409e-05 0.000108847 -4.16318e-05 0.000187613 5.92675e-06 0.000144061 -8.95381e-05 
-4.28577e-05 6.11665e-05 -2.21505e-05 0.00014592 2.04138e-05 0.000397301 5.84673e-05 0.00108604 -5.71816e-05 -0.000182208 -7.06045e-05 0.000237194 -9.34144e-05 6.91561e-05 5.27337e-05 0.000417563 0.000101552 0.000413994 4.63679e-05 0.000253216 
0.000250175 -0.000176921 8.90095e-05 -3.48096e-05 6.43396e-05 -2.93782e-05 0.000125493 -5.71816e-05 0.000680812 -0.000101575 0.000244805 -0.000155796 0.000248629 -0.0001335 0.000120193 -0.000145533 0.00025785 -0.000102456 0.000350847 -0.000184578 
-0.000116591 0.000115714 -7.47473e-05 5.05842e-05 -2.89426e-05 -5.86177e-05 -7.88633e-05 -0.000182208 -0.000101575 0.00034813 -8.86861e-05 -3.56168e-05 -9.04634e-05 -2.43525e-05 -4.78019e-05 -2.19757e-05 -8.40803e-05 -2.58455e-05 -6.84557e-05 0.000161053 
0.000161071 -0.00011143 6.47416e-05 -6.69483e-05 4.30431e-05 -8.74141e-05 0.000166442 -7.06045e-05 0.000244805 -8.86861e-05 0.000498491 -0.000206179 0.00026251 -0.000144883 0.000171445 -0.000165168 0.000144002 -5.45037e-05 0.000164758 -0.000160006 
-4.69754e-05 0.000149254 -1.90553e-05 9.50959e-05 -1.93137e-05 0.000166151 -0.00010048 0.000237194 -0.000155796 -3.56168e-05 -0.000206179 0.000311273 -0.000245336 7.66132e-06 -9.86312e-05 0.000255802 -9.67396e-05 4.10623e-05 -8.31035e-05 0.000183083 
0.000143648 -0.000128438 7.17744e-05 -5.68489e-05 4.29023e-05 -8.58418e-05 0.000187017 -9.34144e-05 0.000248629 -9.04634e-05 0.00026251 -0.000245336 0.000561497 -0.000152988 0.000119354 -0.000212271 0.000199294 -5.79997e-05 0.000180048 -0.000218048 
-6.96943e-05 -9.40382e-05 -3.77768e-05 -1.83648e-05 -9.61863e-06 -1.37065e-05 -5.1409e-05 6.91561e-05 -0.0001335 -2.43525e-05 -0.000144883 7.66132e-06 -0.000152988 0.000320574 -8.10416e-05 -0.000120485 -7.13215e-05 8.04898e-05 -0.000103787 1.85841e-05 
9.7379e-06 1.18391e-05 2.44986e-05 1.60984e-05 2.83303e-05 1.53411e-05 0.000108847 5.27337e-05 0.000120193 -4.78019e-05 0.000171445 -9.86312e-05 0.000119354 -8.10416e-05 0.000321873 -9.32458e-05 0.000108641 7.44551e-06 9.45683e-05 -6.41603e-05 
5.94449e-06 0.000198816 2.52369e-05 0.000160738 -1.67003e-07 0.000310378 -4.16318e-05 0.000417563 -0.000145533 -2.19757e-05 -0.000165168 0.000255802 -0.000212271 -0.000120485 -9.32458e-05 0.000678248 -0.000119744 5.89726e-05 -4.55868e-05 0.000189643 
2.88777e-05 -2.13897e-05 4.6542e-05 -7.83124e-06 5.32359e-05 3.65322e-05 0.000187613 0.000101552 0.00025785 -8.40803e-05 0.000144002 -9.67396e-05 0.000199294 -7.13215e-05 0.000108641 -0.000119744 0.000455162 -3.78518e-05 0.000144626 -9.60375e-05 
-5.01387e-05 -1.52503e-05 -9.08706e-06 2.88737e-05 2.20423e-05 0.000157937 5.92675e-06 0.000413994 -0.000102456 -2.58455e-05 -5.45037e-05 4.10623e-05 -5.79997e-05 8.04898e-05 7.44551e-06 5.89726e-05 -3.78518e-05 0.000474301 -8.09738e-05 7.31752e-05 
0.000138808 -6.28871e-05 2.27763e-05 3.66834e-05 4.14351e-05 2.65329e-05 0.000144061 4.63679e-05 0.000350847 -6.84557e-05 0.000164758 -8.31035e-05 0.000180048 -0.000103787 9.45683e-05 -4.55868e-05 0.000144626 -8.09738e-05 0.000450054 -0.000136957 
-0.000102205 0.000180063 -5.7416e-05 9.47194e-05 -2.64186e-05 0.000167896 -8.95381e-05 0.000253216 -0.000184578 0.000161053 -0.000160006 0.000183083 -0.000218048 1.85841e-05 -6.41603e-05 0.000189643 -9.60375e-05 7.31752e-05 -0.000136957 0.00049864 
WEIGHT 0.0141456
ESPERANCE 0.0761506 0.0916833 0.0680716 0.0669256 0.0660618 0.106466 0.0890521 0.194723 0.136373 0.233352 0.144849 0.315798 0.140347 0.182401 0.128759 0.22235 0.133347 0.136806 0.159403 0.193869
COVARIANCE_MATRIX
0.000603937 -0.000106177 8.92164e-06 -4.02688e-05 -3.81217e-05 3.30678e-05 2.42578e-06 6.85912e-05 0.000179777 -5.4003e-05 7.6711e-05 4.22232e-05 2.71049e-05 -7.92809e-05 -7.29338e-06 7.85845e-05 -2.63775e-05 -1.77601e-05 0.000136368 2.04816e-05 
-0.000106177 0.000425837 -5.87862e-05 1.03967e-05 -2.77649e-05 7.91817e-05 -8.73858e-06 0.000177545 -1.96859e-05 6.71092e-05 -4.76999e-05 7.33557e-05 -1.3665e-05 -4.79592e-05 2.62959e-05 8.93182e-05 9.50019e-05 4.74813e-05 3.45257e-05 8.68004e-05 
8.92164e-06 -5.87862e-05 0.000275342 1.15542e-05 -1.21875e-05 4.494e-05 1.10174e-06 7.46202e-05 5.62357e-05 -4.32344e-05 4.82411e-05 3.60551e-05 3.59459e-05 -3.16532e-05 2.25315e-05 5.97858e-05 6.34446e-06 5.66913e-06 3.22604e-05 1.83654e-05 
-4.02688e-05 1.03967e-05 1.15542e-05 0.000281727 -1.17886e-05 -3.72416e-06 -1.02065e-06 3.99984e-05 -2.12835e-05 3.80295e-05 -2.1039e-05 3.9569e-05 -1.28705e-05 6.41801e-07 2.09535e-05 5.4181e-05 9.28689e-06 7.87067e-06 -2.36657e-05 5.36596e-05 
-3.81217e-05 -2.77649e-05 -1.21875e-05 -1.17886e-05 0.00018842 3.44026e-05 3.13177e-05 8.42883e-05 1.88199e-05 -3.99648e-05 6.05292e-06 1.3944e-05 8.9702e-06 -4.10327e-06 3.57977e-05 2.02087e-05 6.57436e-05 2.58639e-05 3.64303e-05 5.10078e-06 
3.30678e-05 7.91817e-05 4.494e-05 -3.72416e-06 3.44026e-05 0.000279683 4.44638e-05 0.000313304 0.000114581 -6.82056e-05 3.02409e-05 8.32347e-05 1.45138e-06 -6.01007e-05 5.78715e-05 0.000170303 9.17322e-05 9.79737e-05 0.000124601 7.94038e-05 
2.42578e-06 -8.73858e-06 1.10174e-06 -1.02065e-06 3.13177e-05 4.44638e-05 0.000231828 9.40109e-05 5.16507e-05 -5.58705e-05 0.000104389 -2.53279e-05 6.05541e-05 -3.55002e-05 8.35693e-05 -9.7801e-06 9.23695e-05 4.22776e-05 0.000128242 -2.4709e-05 
6.85912e-05 0.000177545 7.46202e-05 3.99984e-05 8.42883e-05 0.000313304 9.40109e-05 0.000723081 0.000136825 -7.45564e-05 8.19117e-05 0.000120812 1.22333e-05 -6.03456e-05 0.000134085 0.000272545 0.000113429 0.000211167 0.000195697 0.00017905 
0.000179777 -1.96859e-05 5.62357e-05 -2.12835e-05 1.88199e-05 0.000114581 5.16507e-05 0.000136825 0.000446295 -0.000114833 0.000131003 -3.30111e-05 9.3457e-05 -0.000105547 0.000145135 1.5854e-06 0.000154793 1.29643e-05 0.000314028 -7.9939e-05 
-5.4003e-05 6.71092e-05 -4.32344e-05 3.80295e-05 -3.99648e-05 -6.82056e-05 -5.58705e-05 -7.45564e-05 -0.000114833 0.000204954 -8.33344e-05 -1.52022e-05 -4.41298e-05 -2.82907e-06 -6.95188e-05 3.32489e-06 -5.03972e-05 3.07947e-06 -8.72452e-05 8.40053e-05 
7.6711e-05 -4.76999e-05 4.82411e-05 -2.1039e-05 6.05292e-06 3.02409e-05 0.000104389 8.19117e-05 0.000131003 -8.33344e-05 0.000344205 -0.000102504 0.000146817 -9.52824e-05 0.000139548 -7.55931e-05 8.30554e-05 2.65195e-05 0.000138266 -6.54533e-05 
4.22232e-05 7.33557e-05 3.60551e-05 3.9569e-05 1.3944e-05 8.32347e-05 -2.53279e-05 0.000120812 -3.30111e-05 -1.52022e-05 -0.000102504 0.000157166 -0.000103437 -1.12146e-05 -4.47598e-05 0.000139545 -2.67292e-05 5.59876e-06 -3.45994e-05 9.44658e-05 
2.71049e-05 -1.3665e-05 3.59459e-05 -1.28705e-05 8.9702e-06 1.45138e-06 6.05541e-05 1.22333e-05 9.3457e-05 -4.41298e-05 0.000146817 -0.000103437 0.00031385 -0.000111902 6.43476e-05 -7.90921e-05 7.8943e-05 1.11535e-05 8.33667e-05 -8.76943e-05 
-7.92809e-05 -4.79592e-05 -3.16532e-05 6.41801e-07 -4.10327e-06 -6.01007e-05 -3.55002e-05 -6.03456e-05 -0.000105547 -2.82907e-06 -9.52824e-05 -1.12146e-05 -0.000111902 0.000204581 -7.92457e-05 -6.74519e-05 -5.33273e-05 3.44302e-06 -8.69539e-05 -1.38158e-05 
-7.29338e-06 2.62959e-05 2.25315e-05 2.09535e-05 3.57977e-05 5.78715e-05 8.35693e-05 0.000134085 0.000145135 -6.95188e-05 0.000139548 -4.47598e-05 6.43476e-05 -7.92457e-05 0.000273691 -4.70349e-05 7.90992e-05 4.73363e-05 0.000118877 -3.25701e-05 
7.85845e-05 8.93182e-05 5.97858e-05 5.4181e-05 2.02087e-05 0.000170303 -9.7801e-06 0.000272545 1.5854e-06 3.32489e-06 -7.55931e-05 0.000139545 -7.90921e-05 -6.74519e-05 -4.70349e-05 0.000316942 -4.334e-05 8.40788e-06 2.93275e-05 0.000131434 
-2.63775e-05 9.50019e-05 6.34446e-06 9.28689e-06 6.57436e-05 9.17322e-05 9.23695e-05 0.000113429 0.000154793 -5.03972e-05 8.30554e-05 -2.67292e-05 7.8943e-05 -5.33273e-05 7.90992e-05 -4.334e-05 0.000306202 3.04092e-05 0.00011985 -2.68299e-05 
-1.77601e-05 4.74813e-05 5.66913e-06 7.87067e-06 2.58639e-05 9.79737e-05 4.22776e-05 0.000211167 1.29643e-05 3.07947e-06 2.65195e-05 5.59876e-06 1.11535e-05 3.44302e-06 4.73363e-05 8.40788e-06 3.04092e-05 0.000240316 2.82252e-05 4.3792e-05 
0.000136368 3.45257e-05 3.22604e-05 -2.36657e-05 3.64303e-05 0.000124601 0.000128242 0.000195697 0.000314028 -8.72452e-05 0.000138266 -3.45994e-05 8.33667e-05 -8.69539e-05 0.000118877 2.93275e-05 0.00011985 2.82252e-05 0.000429422 -8.06327e-05 
2.04816e-05 8.68004e-05 1.83654e-05 5.36596e-05 5.10078e-06 7.94038e-05 -2.4709e-05 0.00017905 -7.9939e-05 8.40053e-05 -6.54533e-05 9.44658e-05 -8.76943e-05 -1.38158e-05 -3.25701e-05 0.000131434 -2.68299e-05 4.3792e-05 -8.06327e-05 0.000266336 
WEIGHT 0.0138859
ESPERANCE 0.119543 0.0484722 0.0696078 0.051588 0.065545 0.0887824 0.108663 0.173336 0.204434 0.209622 0.202632 0.261499 0.196443 0.1635 0.15662 0.167965 0.157817 0.147654 0.176004 0.183087
COVARIANCE_MATRIX
0.000353855 -8.32346e-05 7.94794e-05 -3.97675e-05 2.72932e-05 0.000102533 3.80842e-05 0.00016277 6.97975e-05 -3.98655e-06 -6.28697e-05 0.000155059 -3.03057e-05 -1.68863e-05 -3.04704e-05 0.000168299 5.38005e-05 -2.54826e-05 0.00014811 7.92558e-05 
-8.32346e-05 0.00021124 -3.05758e-05 5.10154e-05 -2.28987e-05 2.49194e-05 -3.62534e-05 -1.13616e-05 -2.6567e-05 -2.63456e-06 -2.94127e-05 2.29743e-05 1.98377e-05 -1.69521e-05 -5.06017e-06 4.96779e-06 2.23277e-05 -2.74719e-05 -2.0765e-05 -3.73654e-05 
7.94794e-05 -3.05758e-05 0.00032404 -2.58166e-05 -6.10164e-05 5.60541e-05 -3.26497e-05 -1.32451e-05 0.000100794 1.97091e-05 -1.56103e-05 6.18772e-05 7.65755e-05 -0.000135372 -1.09521e-05 5.26069e-05 6.63192e-05 -1.51519e-05 5.76858e-05 8.62496e-05 
-3.97675e-05 5.10154e-05 -2.58166e-05 0.000149454 -1.06621e-05 5.3603e-05 5.10251e-06 7.11661e-05 -1.67863e-05 5.2577e-06 -2.74337e-05 2.70473e-05 -4.23777e-06 1.80804e-05 -5.05965e-06 4.6365e-05 1.7963e-05 2.69601e-06 2.77274e-05 -5.85472e-06 
2.72932e-05 -2.28987e-05 -6.10164e-05 -1.06621e-05 0.000155063 2.72546e-05 6.35558e-05 0.000109705 -1.10248e-06 -3.71391e-05 1.01167e-05 -6.72647e-06 8.4179e-06 4.55049e-05 1.93249e-05 1.45506e-05 6.11926e-05 2.81303e-05 2.74447e-05 1.03264e-05 
0.000102533 2.49194e-05 5.60541e-05 5.3603e-05 2.72546e-05 0.000200732 2.56496e-05 0.000196746 6.40472e-05 -1.23261e-05 -3.32236e-05 0.000100847 -1.69804e-06 -3.54806e-05 -4.48307e-06 0.000131312 0.000107596 1.12849e-05 0.000117888 7.61358e-05 
3.80842e-05 -3.62534e-05 -3.26497e-05 5.10251e-06 6.35558e-05 2.56496e-05 0.000277498 0.000158861 7.23129e-05 -3.11418e-05 1.99128e-05 -2.9816e-05 5.56319e-05 1.17557e-05 -8.5122e-06 -1.53753e-06 9.95144e-05 0.000151861 6.94999e-05 6.57658e-05 
0.00016277 -1.13616e-05 -1.32451e-05 7.11661e-05 0.000109705 0.000196746 0.000158861 0.000613453 1.85012e-05 -7.0938e-05 -2.68682e-05 0.000117101 6.63293e-05 3.79715e-05 -8.16444e-05 0.000238677 0.000163947 7.58089e-05 0.000175643 0.000136162 
6.97975e-05 -2.6567e-05 0.000100794 -1.67863e-05 -1.10248e-06 6.40472e-05 7.23129e-05 1.85012e-05 0.000356632 -3.48681e-05 2.16453e-05 -7.46682e-05 5.83578e-05 -4.77905e-05 2.92319e-05 -7.59394e-05 0.000169538 0.000105143 0.000123579 0.000131242 
-3.98655e-06 -2.63456e-06 1.97091e-05 5.2577e-06 -3.71391e-05 -1.23261e-05 -3.11418e-05 -7.0938e-05 -3.48681e-05 0.000167482 -5.8325e-06 -4.74393e-05 -3.38783e-05 -5.4215e-05 5.53945e-05 1.24707e-05 -5.41986e-05 2.0853e-05 -1.5044e-05 6.74992e-07 
-6.28697e-05 -2.94127e-05 -1.56103e-05 -2.74337e-05 1.01167e-05 -3.32236e-05 1.99128e-05 -2.68682e-05 2.16453e-05 -5.8325e-06 0.000261746 -0.000177013 2.09639e-05 -1.94812e-05 7.23079e-05 -0.000103274 -5.5703e-05 9.65898e-05 -4.10027e-05 3.11196e-05 
0.000155059 2.29743e-05 6.18772e-05 2.70473e-05 -6.72647e-06 0.000100847 -2.9816e-05 0.000117101 -7.46682e-05 -4.74393e-05 -0.000177013 0.000329229 -8.83208e-05 -2.41008e-05 -8.50215e-05 0.00021067 8.57123e-06 -0.000146587 6.48564e-05 -7.65205e-06 
-3.03057e-05 1.98377e-05 7.65755e-05 -4.23777e-06 8.4179e-06 -1.69804e-06 5.56319e-05 6.63293e-05 5.83578e-05 -3.38783e-05 2.09639e-05 -8.83208e-05 0.000261388 -7.83892e-05 -6.545e-05 -8.64428e-05 0.000120212 4.6627e-05 -1.50568e-05 8.09216e-05 
-1.68863e-05 -1.69521e-05 -0.000135372 1.80804e-05 4.55049e-05 -3.54806e-05 1.17557e-05 3.79715e-05 -4.77905e-05 -5.4215e-05 -1.94812e-05 -2.41008e-05 -7.83892e-05 0.000274072 -4.92986e-05 -5.40946e-05 -6.07811e-05 2.06612e-05 -1.40776e-05 -7.24135e-05 
-3.04704e-05 -5.06017e-06 -1.09521e-05 -5.05965e-06 1.93249e-05 -4.48307e-06 -8.5122e-06 -8.16444e-05 2.92319e-05 5.53945e-05 7.23079e-05 -8.50215e-05 -6.545e-05 -4.92986e-05 0.000283228 -0.000101636 -7.34333e-05 1.79085e-05 -1.45419e-05 -1.34755e-05 
0.000168299 4.96779e-06 5.26069e-05 4.6365e-05 1.45506e-05 0.000131312 -1.53753e-06 0.000238677 -7.59394e-05 1.24707e-05 -0.000103274 0.00021067 -8.64428e-05 -5.40946e-05 -0.000101636 0.0004363 -2.70332e-05 -0.000110326 0.000113681 -4.50802e-06 
5.38005e-05 2.23277e-05 6.63192e-05 1.7963e-05 6.11926e-05 0.000107596 9.95144e-05 0.000163947 0.000169538 -5.41986e-05 -5.5703e-05 8.57123e-06 0.000120212 -6.07811e-05 -7.34333e-05 -2.70332e-05 0.000385101 1.88829e-05 7.15244e-05 0.000110121 
-2.54826e-05 -2.74719e-05 -1.51519e-05 2.69601e-06 2.81303e-05 1.12849e-05 0.000151861 7.58089e-05 0.000105143 2.0853e-05 9.65898e-05 -0.000146587 4.6627e-05 2.06612e-05 1.79085e-05 -0.000110326 1.88829e-05 0.000345256 -1.42826e-06 4.82194e-05 
0.00014811 -2.0765e-05 5.76858e-05 2.77274e-05 2.74447e-05 0.000117888 6.94999e-05 0.000175643 0.000123579 -1.5044e-05 -4.10027e-05 6.48564e-05 -1.50568e-05 -1.40776e-05 -1.45419e-05 0.000113681 7.15244e-05 -1.42826e-06 0.000327167 -9.97765e-06 
7.92558e-05 -3.73654e-05 8.62496e-05 -5.85472e-06 1.03264e-05 7.61358e-05 6.57658e-05 0.000136162 0.000131242 6.74992e-07 3.11196e-05 -7.65205e-06 8.09216e-05 -7.24135e-05 -1.34755e-05 -4.50802e-06 0.000110121 4.82194e-05 -9.97765e-06 0.000358078 
WEIGHT 0.0123099
ESPERANCE 0.070516 0.0850176 0.0695543 0.0814264 0.0770388 0.12411 0.101579 0.227591 0.141398 0.221264 0.151711 0.310485 0.150776 0.183987 0.145409 0.224016 0.150306 0.162173 0.168526 0.196967
COVARIANCE_MATRIX
0.000732407 -4.07493e-05 -6.87805e-06 -5.80312e-06 2.27972e-05 1.6234e-07 2.34399e-05 -0.000111612 0.000119995 -2.07768e-05 6.40169e-05 -2.05057e-05 -9.81547e-07 2.66281e-05 7.32177e-06 2.85894e-05 9.06179e-07 2.39953e-05 3.04519e-05 -3.27373e-05 
-4.07493e-05 0.000627672 -4.27878e-05 -5.76255e-05 -1.99227e-05 8.50717e-05 -4.81274e-05 0.000136698 -9.93888e-05 4.50789e-05 -9.73378e-05 0.000154905 -1.00265e-05 1.49409e-05 -2.78575e-05 0.000110069 4.19405e-05 4.59677e-05 -6.86905e-05 9.92161e-05 
-6.87805e-06 -4.27878e-05 0.00033115 -2.23071e-05 -1.32218e-05 6.71582e-05 5.5205e-05 5.66053e-05 4.32367e-05 -2.65074e-05 -3.48802e-05 4.56346e-05 1.3681e-05 -1.22325e-05 4.57333e-05 5.53363e-05 5.58231e-05 1.83363e-05 1.62833e-05 6.4895e-05 
-5.80312e-06 -5.76255e-05 -2.23071e-05 0.000406078 -7.63302e-05 8.36667e-05 -3.67646e-05 0.000124387 -2.68744e-05 5.43441e-06 -4.1902e-06 5.00672e-05 2.69032e-05 2.78701e-06 -6.46991e-06 0.000135065 3.82081e-05 4.53785e-05 -1.46612e-05 1.02856e-05 
2.27972e-05 -1.99227e-05 -1.32218e-05 -7.63302e-05 0.000327243 -1.39678e-05 3.89046e-05 3.71776e-05 7.8537e-06 -2.54425e-05 -3.88758e-06 -1.02647e-06 5.82725e-05 -3.63391e-05 3.21812e-05 3.23352e-05 5.62963e-05 3.5129e-05 5.32087e-05 -5.00314e-06 
1.6234e-07 8.50717e-05 6.71582e-05 8.36667e-05 -1.39678e-05 0.000549332 8.7218e-05 0.000511315 2.39731e-05 -8.69044e-05 2.85957e-05 0.000140112 3.6416e-05 -5.41362e-05 6.67841e-05 0.000261506 0.000177579 0.000289909 0.000116306 0.000183085 
2.34399e-05 -4.81274e-05 5.5205e-05 -3.67646e-05 3.89046e-05 8.7218e-05 0.000375288 0.000161778 0.000108872 -4.45204e-05 8.04536e-05 -1.54853e-05 6.23584e-05 -9.24207e-05 0.000138622 3.3002e-05 0.000134815 6.37714e-05 0.000182901 4.14702e-05 
-0.000111612 0.000136698 5.66053e-05 0.000124387 3.71776e-05 0.000511315 0.000161778 0.00128528 2.14951e-05 -0.000153767 -9.95484e-06 0.000150431 8.00059e-05 -8.32901e-05 8.0192e-05 0.00049782 0.000265862 0.000579716 0.000170673 0.000321193 
0.000119995 -9.93888e-05 4.32367e-05 -2.68744e-05 7.8537e-06 2.39731e-05 0.000108872 2.14951e-05 0.000569793 -0.000149896 0.00019224 -0.000162349 0.000165205 -4.99473e-05 0.000214288 -0.000164399 0.000148657 -1.03329e-05 0.000288515 -9.90595e-05 
-2.07768e-05 4.50789e-05 -2.65074e-05 5.43441e-06 -2.54425e-05 -8.69044e-05 -4.45204e-05 -0.000153767 -0.000149896 0.000265596 -0.00012673 1.15627e-06 -6.8261e-05 -2.39704e-05 -6.66792e-05 2.53284e-05 -7.62918e-05 -7.5246e-05 -7.97304e-05 7.76643e-05 
6.40169e-05 -9.73378e-05 -3.48802e-05 -4.1902e-06 -3.88758e-06 2.85957e-05 8.04536e-05 -9.95484e-06 0.00019224 -0.00012673 0.000526062 -0.000211876 0.000189328 -8.61449e-05 0.000209259 -0.00017233 6.01224e-05 -2.13281e-05 0.000146228 -0.000111888 
-2.05057e-05 0.000154905 4.56346e-05 5.00672e-05 -1.02647e-06 0.000140112 -1.54853e-05 0.000150431 -0.000162349 1.15627e-06 -0.000211876 0.000271888 -0.000183727 1.86971e-05 -0.000118806 0.000193545 -2.75513e-06 7.73369e-05 -6.99059e-05 0.000118009 
-9.81547e-07 -1.00265e-05 1.3681e-05 2.69032e-05 5.82725e-05 3.6416e-05 6.23584e-05 8.00059e-05 0.000165205 -6.8261e-05 0.000189328 -0.000183727 0.000483362 -0.000137477 0.00010954 -8.7224e-05 0.000141718 -3.58409e-06 0.000110464 -4.64304e-05 
2.66281e-05 1.49409e-05 -1.22325e-05 2.78701e-06 -3.63391e-05 -5.41362e-05 -9.24207e-05 -8.32901e-05 -4.99473e-05 -2.39704e-05 -8.61449e-05 1.86971e-05 -0.000137477 0.000273059 -9.04131e-05 -7.4021e-05 -0.000107368 -2.00932e-06 -0.000111053 -1.28428e-05 
7.32177e-06 -2.78575e-05 4.57333e-05 -6.46991e-06 3.21812e-05 6.67841e-05 0.000138622 8.0192e-05 0.000214288 -6.66792e-05 0.000209259 -0.000118806 0.00010954 -9.04131e-05 0.000370231 -0.000108477 9.16042e-05 -1.43341e-05 0.000154893 -5.85457e-05 
2.85894e-05 0.000110069 5.53363e-05 0.000135065 3.23352e-05 0.000261506 3.3002e-05 0.00049782 -0.000164399 2.53284e-05 -0.00017233 0.000193545 -8.7224e-05 -7.4021e-05 -0.000108477 0.000497133 3.85539e-05 0.000210271 -1.84825e-05 0.000185141 
9.06179e-07 4.19405e-05 5.58231e-05 3.82081e-05 5.62963e-05 0.000177579 0.000134815 0.000265862 0.000148657 -7.62918e-05 6.01224e-05 -2.75513e-06 0.000141718 -0.000107368 9.16042e-05 3.85539e-05 0.000366854 6.37222e-05 0.000122048 3.87031e-05 
2.39953e-05 4.59677e-05 1.83363e-05 4.53785e-05 3.5129e-05 0.000289909 6.37714e-05 0.000579716 -1.03329e-05 -7.5246e-05 -2.13281e-05 7.73369e-05 -3.58409e-06 -2.00932e-06 -1.43341e-05 0.000210271 6.37222e-05 0.000500456 4.36742e-05 0.000134246 
3.04519e-05 -6.86905e-05 1.62833e-05 -1.46612e-05 5.32087e-05 0.000116306 0.000182901 0.000170673 0.000288515 -7.97304e-05 0.000146228 -6.99059e-05 0.000110464 -0.000111053 0.000154893 -1.84825e-05 0.000122048 4.36742e-05 0.00039093 -6.58736e-05 
-3.27373e-05 9.92161e-05 6.4895e-05 1.02856e-05 -5.00314e-06 0.000183085 4.14702e-05 0.000321193 -9.90595e-05 7.76643e-05 -0.000111888 0.000118009 -4.64304e-05 -1.28428e-05 -5.85457e-05 0.000185141 3.87031e-05 0.000134246 -6.58736e-05 0.000388669 
WEIGHT 0.0136227
ESPERANCE 0.0963661 0.0611618 0.0802583 0.0671256 0.0718654 0.10859 0.0970745 0.197068 0.137484 0.223701 0.142959 0.317497 0.139571 0.183827 0.123827 0.234302 0.132714 0.138539 0.158466 0.191024
COVARIANCE_MATRIX
0.000817881 -3.43606e-05 -8.63597e-05 -0.000108248 2.24248e-05 7.70069e-05 -1.94799e-05 0.000169694 0.00025594 -7.2e-05 0.000161407 2.56213e-05 0.0001238 -8.60632e-05 -1.23548e-05 0.000111347 -5.14943e-06 6.86479e-05 0.000144951 3.3578e-05 
-3.43606e-05 0.000309203 -3.98022e-05 -2.1426e-05 -1.73753e-05 4.69965e-05 2.33121e-06 9.40486e-05 -3.7657e-05 3.56165e-05 -7.29538e-05 2.4718e-05 -1.91686e-05 -1.66802e-05 -2.97604e-06 6.10145e-05 3.42414e-05 1.92084e-05 3.30231e-06 5.15925e-05 
-8.63597e-05 -3.98022e-05 0.000365833 -4.56853e-05 2.75735e-05 6.14985e-05 -1.33831e-05 0.000111864 7.5031e-05 -5.37819e-05 6.44017e-05 3.35424e-05 8.64085e-05 -6.71991e-05 4.52349e-05 7.44486e-05 4.65603e-05 3.69625e-05 4.73651e-05 3.07319e-05 
-0.000108248 -2.1426e-05 -4.56853e-05 0.000289542 -4.81507e-05 9.77194e-05 -5.18856e-05 0.000131231 -4.85911e-05 1.19515e-05 -1.44437e-05 2.75035e-05 -2.47785e-05 7.57963e-06 -3.30097e-07 5.79733e-05 -1.35389e-05 9.23675e-05 2.17541e-05 1.90907e-05 
2.24248e-05 -1.73753e-05 2.75735e-05 -4.81507e-05 0.000230328 3.4578e-05 4.51275e-05 7.46569e-05 2.56276e-05 -4.08598e-05 -3.519e-05 4.89104e-05 5.62641e-06 -1.03705e-05 2.9132e-05 6.94873e-05 6.0136e-05 -1.72009e-06 2.54458e-05 4.01076e-05 
7.70069e-05 4.69965e-05 6.14985e-05 9.77194e-05 3.4578e-05 0.000349653 1.84672e-05 0.00034746 9.38251e-05 -5.24214e-05 2.14078e-05 0.000109317 4.50168e-05 -0.000101052 2.5138e-05 0.00020677 5.49782e-05 0.000182734 0.00014123 0.000122953 
-1.94799e-05 2.33121e-06 -1.33831e-05 -5.18856e-05 4.51275e-05 1.84672e-05 0.000316997 9.36645e-05 -2.73105e-05 -3.53842e-05 4.77566e-05 9.259e-06 -1.15217e-06 -2.37586e-05 5.62504e-05 1.77177e-05 0.000112842 2.01194e-05 9.74829e-05 5.89681e-06 
0.000169694 9.40486e-05 0.000111864 0.000131231 7.46569e-05 0.00034746 9.36645e-05 0.000783 0.000152517 -9.02362e-05 0.000101919 0.000116205 8.0335e-05 -0.00011839 2.50199e-05 0.000331906 0.000118337 0.000350174 0.000240285 0.000176679 
0.00025594 -3.7657e-05 7.5031e-05 -4.85911e-05 2.56276e-05 9.38251e-05 -2.73105e-05 0.000152517 0.000539418 -8.03156e-05 0.000179664 -6.70871e-05 0.000219816 -0.000172282 0.000106542 8.60428e-06 0.000146392 3.01291e-05 0.000345286 -6.84864e-05 
-7.2e-05 3.56165e-05 -5.37819e-05 1.19515e-05 -4.08598e-05 -5.24214e-05 -3.53842e-05 -9.02362e-05 -8.03156e-05 0.000110609 -7.02251e-05 -2.57071e-05 -4.69838e-05 5.79348e-06 -2.95303e-05 -9.49573e-06 -5.72488e-05 -3.50117e-05 -5.54122e-05 1.0847e-05 
0.000161407 -7.29538e-05 6.44017e-05 -1.44437e-05 -3.519e-05 2.14078e-05 4.77566e-05 0.000101919 0.000179664 -7.02251e-05 0.000396946 -0.000100153 0.00014672 -0.000119963 0.000102132 -1.88025e-05 4.98582e-05 2.05518e-05 0.000182386 -7.54955e-05 
2.56213e-05 2.4718e-05 3.35424e-05 2.75035e-05 4.89104e-05 0.000109317 9.259e-06 0.000116205 -6.70871e-05 -2.57071e-05 -0.000100153 0.000156867 -9.69825e-05 9.81362e-07 -5.61505e-05 0.000130711 -3.13814e-05 3.45369e-05 -4.85693e-05 0.000107507 
0.0001238 -1.91686e-05 8.64085e-05 -2.47785e-05 5.62641e-06 4.50168e-05 -1.15217e-06 8.0335e-05 0.000219816 -4.69838e-05 0.00014672 -9.69825e-05 0.000417125 -0.000155071 4.62626e-05 -3.79233e-05 8.81027e-05 1.03615e-05 0.000177887 -8.47165e-05 
-8.60632e-05 -1.66802e-05 -6.71991e-05 7.57963e-06 -1.03705e-05 -0.000101052 -2.37586e-05 -0.00011839 -0.000172282 5.79348e-06 -0.000119963 9.81362e-07 -0.000155071 0.000233846 -5.5597e-05 -0.000113705 -6.16785e-05 -9.70238e-06 -0.000157456 1.95905e-06 
-1.23548e-05 -2.97604e-06 4.52349e-05 -3.30097e-07 2.9132e-05 2.5138e-05 5.62504e-05 2.50199e-05 0.000106542 -2.95303e-05 0.000102132 -5.61505e-05 4.62626e-05 -5.5597e-05 0.000231614 -5.57361e-05 6.71958e-05 -5.43231e-06 9.83732e-05 -4.12764e-05 
0.000111347 6.10145e-05 7.44486e-05 5.79733e-05 6.94873e-05 0.00020677 1.77177e-05 0.000331906 8.60428e-06 -9.49573e-06 -1.88025e-05 0.000130711 -3.79233e-05 -0.000113705 -5.57361e-05 0.00033998 -3.03898e-05 9.04653e-05 5.39437e-05 0.000130947 
-5.14943e-06 3.42414e-05 4.65603e-05 -1.35389e-05 6.0136e-05 5.49782e-05 0.000112842 0.000118337 0.000146392 -5.72488e-05 4.98582e-05 -3.13814e-05 8.81027e-05 -6.16785e-05 6.71958e-05 -3.03898e-05 0.00030255 2.08755e-05 0.000115327 -3.84261e-05 
6.86479e-05 1.92084e-05 3.69625e-05 9.23675e-05 -1.72009e-06 0.000182734 2.01194e-05 0.000350174 3.01291e-05 -3.50117e-05 2.05518e-05 3.45369e-05 1.03615e-05 -9.70238e-06 -5.43231e-06 9.04653e-05 2.08755e-05 0.000374583 5.50214e-05 8.28326e-05 
0.000144951 3.30231e-06 4.73651e-05 2.17541e-05 2.54458e-05 0.00014123 9.74829e-05 0.000240285 0.000345286 -5.54122e-05 0.000182386 -4.85693e-05 0.000177887 -0.000157456 9.83732e-05 5.39437e-05 0.000115327 5.50214e-05 0.000458278 -5.27106e-05 
3.3578e-05 5.15925e-05 3.07319e-05 1.90907e-05 4.01076e-05 0.000122953 5.89681e-06 0.000176679 -6.84864e-05 1.0847e-05 -7.54955e-05 0.000107507 -8.47165e-05 1.95905e-06 -4.12764e-05 0.000130947 -3.84261e-05 8.28326e-05 -5.27106e-05 0.000227079 
WEIGHT 0.01187
ESPERANCE 0.091689 0.0595555 0.0698495 0.0598945 0.0688896 0.0930154 0.125928 0.181683 0.215107 0.210109 0.213853 0.239945 0.205216 0.162581 0.164233 0.157982 0.169776 0.165419 0.179862 0.19305
COVARIANCE_MATRIX
0.000471019 -0.000126525 2.05837e-05 -5.33015e-05 -3.37288e-05 2.4183e-05 1.70653e-05 3.94624e-05 0.000147636 -2.99222e-05 -5.26645e-05 9.89302e-05 1.80662e-05 -3.75873e-05 -5.19188e-05 4.71448e-05 8.36087e-05 5.45394e-06 3.00856e-08 0.000108056 
-0.000126525 0.000368411 -5.99363e-05 6.69068e-06 1.17095e-05 3.51316e-05 1.64343e-05 3.04426e-05 -5.92142e-05 -1.22798e-05 -5.94892e-06 2.84631e-05 -1.4069e-05 1.20723e-05 3.509e-05 5.50321e-05 5.02646e-06 -2.9352e-05 3.13349e-05 -4.08485e-05 
2.05837e-05 -5.99363e-05 0.000313136 -2.41706e-05 -7.28062e-05 1.7153e-05 2.4739e-05 -6.74803e-05 6.81825e-05 5.46672e-06 -1.0396e-05 5.18864e-05 2.90829e-05 -4.26874e-05 -4.6637e-05 8.16126e-05 1.90799e-06 1.18257e-05 -3.19957e-06 4.5077e-05 
-5.33015e-05 6.69068e-06 -2.41706e-05 0.000218276 -6.15465e-06 7.21412e-05 2.13749e-05 0.000127001 -1.54341e-05 -1.32864e-05 -2.4295e-05 4.02979e-05 5.66315e-06 2.10419e-05 1.67509e-05 5.19681e-05 3.91819e-05 2.45682e-05 6.77399e-05 -1.85596e-05 
-3.37288e-05 1.17095e-05 -7.28062e-05 -6.15465e-06 0.000230146 3.35883e-05 0.000109058 0.000186808 -3.55595e-05 -2.18817e-05 -1.60098e-05 1.55979e-05 6.34366e-06 5.23331e-05 4.46748e-05 1.90845e-05 7.83225e-05 6.22949e-05 4.37797e-05 -3.05798e-06 
2.4183e-05 3.51316e-05 1.7153e-05 7.21412e-05 3.35883e-05 0.000321836 2.35648e-05 0.000268931 -1.7523e-06 3.83758e-07 -8.50839e-05 0.000116636 1.53128e-05 2.41832e-05 4.60979e-05 0.000105282 0.000129006 3.18231e-05 0.000123884 7.86437e-06 
1.70653e-05 1.64343e-05 2.4739e-05 2.13749e-05 0.000109058 2.35648e-05 0.000436751 0.000254999 0.000115838 -7.04426e-05 -3.74285e-05 7.43641e-05 2.97712e-05 7.4557e-06 -5.38049e-05 0.000127733 0.000198664 0.000154537 0.000122403 0.000180924 
3.94624e-05 3.04426e-05 -6.74803e-05 0.000127001 0.000186808 0.000268931 0.000254999 0.00098193 -2.55348e-05 -8.23918e-05 -0.000136671 0.000171365 0.00010249 5.59227e-05 3.66501e-05 0.000202659 0.000327702 0.000115729 0.000302266 0.000151196 
0.000147636 -5.92142e-05 6.81825e-05 -1.54341e-05 -3.55595e-05 -1.7523e-06 0.000115838 -2.55348e-05 0.000536925 -6.89456e-05 7.76939e-06 -0.000123727 6.32174e-05 3.07182e-05 -9.85701e-05 -1.39968e-05 0.000155057 0.000169904 5.83504e-05 0.00024879 
-2.99222e-05 -1.22798e-05 5.46672e-06 -1.32864e-05 -2.18817e-05 3.83758e-07 -7.04426e-05 -8.23918e-05 -6.89456e-05 0.000350751 -7.21296e-05 -0.000112703 -3.04642e-05 -2.52706e-05 4.2827e-05 -5.33151e-05 -2.3474e-05 1.40961e-05 -3.38957e-07 1.05483e-06 
-5.26645e-05 -5.94892e-06 -1.0396e-05 -2.4295e-05 -1.60098e-05 -8.50839e-05 -3.74285e-05 -0.000136671 7.76939e-06 -7.21296e-05 0.00039888 -0.00021286 -4.19331e-05 2.28419e-05 2.53182e-05 -7.67324e-05 -0.00014489 2.4045e-05 -5.24773e-05 3.8143e-05 
9.89302e-05 2.84631e-05 5.18864e-05 4.02979e-05 1.55979e-05 0.000116636 7.43641e-05 0.000171365 -0.000123727 -0.000112703 -0.00021286 0.000493202 -9.00844e-05 -6.06606e-05 -2.6012e-05 0.000145542 5.94319e-05 -9.15891e-05 6.07408e-05 -5.55865e-05 
1.80662e-05 -1.4069e-05 2.90829e-05 5.66315e-06 6.34366e-06 1.53128e-05 2.97712e-05 0.00010249 6.32174e-05 -3.04642e-05 -4.19331e-05 -9.00844e-05 0.000275445 -5.20692e-05 -7.91777e-05 -4.03228e-05 0.000101519 2.37801e-05 -2.97269e-05 8.24944e-05 
