DESCRIPTOR_NAME ACE
DESCRIPTORS_FILTERING_TYPE element
NUMBER_OF_DIMENSION 91
NAME_OF_YAML_INPUT BoreAndVacancies.yaml
FILTER_VALUE B
NUMBER_OF_CLUSTER 5
WEIGHT 0.0038255223037831796
ESPERANCE 6.3182305039151306e-05 -0.0094860956373700091 0.00028934403864201615 -0.0035607602851392148 5.0070854828248917e-05 0.0002293534138285475 7.16612093959443e-05 -3.8100383187917294e-05 -0.0028435523666554838 -6.9332163192459932e-05 2.8277559254495809e-06 1.8670151803462989e-06 -0.0013608153378061056 -0.00082673630191211023 5.5248948661249596e-05 2.7963134269346682e-05 2.8592155193760437e-05 5.2030449144078654e-05 -3.1116872663309296e-05 -0.0012279792222408584 -2.2880616493308627e-05 -0.00021291543460248238 0.00012672823030226434 0.0023493270194565592 -0.0014209017879906075 -2.7312503632992961e-05 -0.00096374927490774952 1.229445485501845e-05 1.0921164392504864e-05 -2.1152839343937273e-05 -0.0002508493995996647 -1.3922418888384767e-06 -0.00023571148167078165 -0.00055440079201610182 -0.00013230352199630993 -0.00022878203970144238 9.4081813932556207e-06 2.1069511687273062e-05 8.8554423483228244e-06 3.837925929347869e-05 2.3841594220472497e-05 -0.0012691839994968129 3.6420717045329083e-06 -0.0014589418438443473 7.3738873499293856e-05 0.00042253726534719892 8.8014929145509838e-06 0.0008893655689365986 1.5102621139076322e-05 4.4895159407758487e-05 0.00047834061089141233 2.3649929945211348e-05 2.2165261290943803e-06 0.0012348464250251593 4.5710602993577666e-06 0.00063062052046293211 -2.3747803380793987e-05 4.0614052581313301e-05 -2.5829151416521295e-05 -3.2850625959099643e-05 -5.5280967457094924e-05 -4.4511495852125467e-05 0.0081541037336464312 3.8861332819261977e-05 -0.0002476244028430057 -1.4403189845848708e-06 -5.63726229035592e-05 0.0094474089181482701 0.0010754258017947004 1.2066200988971816e-06 6.6118359000704455e-05 -0.00012916095725919158 -1.4537831782696075e-05 -2.6204701997237165e-06 3.5236661843128304e-06 -0.0012902644475008389 2.9624705322496822e-05 1.0273197292913451e-05 -1.0187128766983398e-05 -0.0010150570615565248 3.3601063003983574e-05 6.5158702506282965e-05 7.1542068988351233e-05 -1.4786124204979879e-05 -0.0065882975561891996 5.0135951504667883e-05 -0.00011430377462479033 1.4802440006174106e-05 0.01145421934921167 -5.8922183126358589e-05 0.0022593368181818172
COVARIANCE_MATRIX
1.0088577476592948e-06 3.3714004402522102e-08 3.98374946035022e-08 5.1725754395923049e-09 6.9156823754298045e-09 3.1119239484364563e-08 1.0624112932044908e-08 -6.9751947488321381e-09 5.4996365191757394e-09 -1.0170949393508824e-08 3.3869131566190658e-11 4.7540550781735354e-11 1.3773952897722663e-09 2.4095081032225245e-09 7.6635169861170455e-09 4.6067484934681463e-09 4.0370958038047975e-09 6.7920201619468938e-09 -9.757531383765077e-10 3.4426773394436799e-12 -1.4053073769986077e-09 9.088447937573033e-10 -2.8048714800874247e-09 -5.0738556471387963e-09 2.1381615574503402e-09 -4.1837173741642623e-09 1.4984544076248296e-09 3.1811230344132604e-09 1.6684448752694042e-09 -2.9136334175006886e-09 5.3794806087596747e-09 -3.7915046231433807e-11 5.154533272881771e-09 -4.1627430035126982e-10 9.845372724874529e-10 2.2365013568834342e-09 2.7935149990742018e-09 2.5019472839364863e-09 1.8801278693066519e-09 4.7192126084585371e-09 3.3127084200326081e-09 1.1659365348470322e-08 2.848702544559472e-10 1.2512779866344119e-08 1.441924904250458e-08 3.4773349777892513e-09 1.46747771235952e-10 -7.1832626476541421e-09 2.6393987809880637e-09 5.7654323153827738e-09 -9.2582945588976986e-09 1.1817948258319625e-09 1.0833007341458109e-09 -6.232955061690085e-10 -2.0702450853571545e-09 -1.9516385482888636e-09 -3.3021987695534289e-09 1.5395877048378108e-09 -2.4729444661055437e-09 -5.4743849113783873e-09 -6.8870910649270639e-09 -5.9771300217134766e-09 -3.4516463934829032e-08 6.0034076251749592e-09 -3.1850224231492777e-08 5.9809394977639268e-10 -6.9389543606120825e-09 -6.8850053423475358e-08 -5.4480201070587085e-09 2.6205781415261691e-10 3.9060806195875496e-09 1.7980360145909741e-09 -9.4646020352908245e-10 -7.608595562645177e-10 -5.613728275978647e-10 3.225950141499462e-09 2.5370122773639275e-09 -3.8552571623407445e-09 6.0327721474926926e-10 3.0334660355853367e-09 4.8507975186150916e-09 9.7505484615312285e-09 1.0311509033778164e-08 2.193085887575891e-09 5.6041911473849244e-08 1.7154282498123646e-09 -3.2120483600673007e-09 -8.1128194286674123e-11 -1.7760783497031694e-08 -8.8912875651297636e-09 -2.2380746625754059e-08 
3.3714004402522102e-08 1.2406698129889008e-06 1.512691043872603e-07 -3.1618534734289719e-09 2.6180206839808275e-08 1.1750128671606722e-07 3.987756003629789e-08 -2.7387884252097959e-08 1.2128295830536174e-08 -3.8138830448653176e-08 -4.0790087028090377e-10 -3.6867049186500012e-11 -3.4944451374410708e-09 -6.2880629746322119e-09 2.908238567084915e-08 1.7267914047094862e-08 1.5150072331121623e-08 2.5639724546242185e-08 -9.753301540218772e-09 -1.9570815914741625e-08 -4.8102404159461524e-09 -7.0713006318659808e-09 -2.8515180639401139e-08 -1.061489324040189e-08 1.9835463380024423e-08 -1.6114857420999469e-08 -1.0694024303644693e-08 1.2409803520103915e-08 6.4397445607815694e-09 -1.1838820525270009e-08 5.7446108509708937e-08 -3.903105442340787e-10 5.4587398583692831e-08 -9.8089599725343289e-09 1.6161401880849064e-08 6.961162332389572e-09 9.9284915516757356e-09 1.001793484691447e-08 7.5413790747538451e-09 1.8037133768120583e-08 1.3580669956004659e-08 4.7844326451527489e-08 7.3785057291191134e-10 4.7141877216832993e-08 5.5997141549473599e-08 3.9181545779332162e-08 4.9083708826593382e-10 -5.1892206622422063e-09 9.4600532161669014e-09 2.0747804301907929e-08 -1.2907507182032881e-07 5.2721726382618327e-09 4.7319029080229822e-09 1.5037851619425544e-08 -9.1897817191213004e-09 1.3402908234094732e-08 -1.2263766956055605e-08 7.2366436551901301e-09 -9.6754388525047086e-09 -2.0768704455474074e-08 -2.61087594943378e-08 -2.223806806082604e-08 -2.6454768541211191e-07 2.2386500702443146e-08 -1.2015794377826773e-07 1.6885301840496287e-09 -2.5762353682129707e-08 -3.3648526448682683e-07 2.389593685650004e-08 9.1202733130881573e-10 4.6623584950451502e-08 2.7389602671518054e-08 -4.7334417506045965e-09 -3.4013832924335824e-09 -1.6643548310727378e-09 2.0803059445600389e-08 8.9480475168961917e-09 -1.6230414603065389e-08 3.0182771734711828e-09 7.382307675335638e-09 1.829119551673253e-08 3.6826367404539305e-08 3.8888667642828962e-08 2.505875085209113e-08 1.9785276430099571e-07 7.9025282024125614e-09 -1.2170991279166641e-08 -1.018773900935082e-09 -1.3873976857092807e-07 -3.3813965112018744e-08 -6.0015502074498619e-08 
3.98374946035022e-08 1.512691043872603e-07 1.1818084307675064e-06 2.3475816374697361e-08 3.1122614392086598e-08 1.4213608255214412e-07 4.8529005843758836e-08 -3.1682097845349641e-08 2.4848138342959044e-08 -4.6536662706629878e-08 2.1464414852792273e-10 2.49423743945967e-10 6.5059216796604621e-09 1.0530426672922373e-08 3.4514842741296585e-08 2.1278482231808855e-08 1.8436285875801441e-08 3.1441292619451695e-08 -4.4376239935110393e-09 5.2898660244494848e-11 -6.4989312512373633e-09 3.9722676362916726e-09 -1.2506458823089139e-08 -2.2740646350158859e-08 9.3773020323296649e-09 -1.9037948014083453e-08 6.825945534928298e-09 1.4242536772013722e-08 7.7408062685291517e-09 -1.3157666534948626e-08 2.4020840187791131e-08 -5.3610725536496344e-11 2.3117152783776196e-08 -1.7107203652684314e-09 4.5475027982800797e-09 1.0346505685446685e-08 1.3401498907218214e-08 1.0990915092855504e-08 8.6090440373908255e-09 2.1435340531555072e-08 1.5110341427013304e-08 5.2747131243225849e-08 1.4176685960516757e-09 5.6585433987228708e-08 6.5738110332226047e-08 1.6193814022356035e-08 9.635608676027587e-10 -3.2480626409780456e-08 1.247412869048233e-08 2.7008623046854785e-08 -4.1142535282697154e-08 4.2326124948348984e-09 4.9290545900055463e-09 -3.0064008658972853e-09 -8.9299700939931037e-09 -8.5790554229403932e-09 -1.5159777969567374e-08 6.2657239269311943e-09 -1.1647955190304014e-08 -2.5002695264676085e-08 -3.0818473351841393e-08 -2.7857221737370957e-08 -1.526408232064666e-07 2.7403809695583381e-08 -1.4563732747585722e-07 2.6792564573357646e-09 -3.2031541456433783e-08 -3.1080481762817748e-07 -2.5151033424857914e-08 1.2524019212631764e-09 1.7397030679180782e-08 7.9105882717365603e-09 -3.4382975467216054e-09 -3.4217050553730888e-09 -3.1456944058935497e-09 1.4475756864060131e-08 1.1606325497780341e-08 -1.7375651800935807e-08 2.1035655693094489e-09 1.2984692108099411e-08 2.2152602104005431e-08 4.4687369505959253e-08 4.7195899064850449e-08 1.0231243500512879e-08 2.5276902280194195e-07 5.6430896179648021e-09 -1.3667463829778485e-08 6.6239496843984393e-10 -7.3443706753291094e-08 -4.0500582475351402e-08 -1.0131446852449359e-07 
5.1725754395923049e-09 -3.1618534734289719e-09 2.3475816374697361e-08 1.0292527516070974e-06 4.1277691523655668e-09 1.8755774629068606e-08 6.0127003532206263e-09 -3.0626897207501241e-09 1.9182940856353021e-08 -5.7860032873785969e-09 3.3069986687852766e-10 1.6598115303615068e-10 2.023525272181243e-08 7.0448250436274337e-09 4.4545850678032546e-09 2.6380318748050013e-09 2.4993012770527296e-09 3.820020681048702e-09 3.5654296139963229e-10 1.6948849504606207e-08 -1.4525178324125613e-09 -2.4438281595219429e-09 6.5693674069041379e-09 -1.4935595649675775e-08 1.6115086243356315e-08 -2.1373931578065613e-09 -9.1419749156111077e-10 8.7547697028742883e-10 8.976851030652888e-10 -1.2192042365988707e-09 -1.4648615255338751e-08 7.2395689020048185e-11 -1.2983743627169591e-08 1.0388734040669839e-08 -6.0878851068128078e-09 7.5693288626538926e-09 1.5894494943890271e-09 1.3168744090414046e-09 5.8275129298539113e-10 2.9951505498198141e-09 1.2901120939157812e-09 1.5324698624003838e-08 5.431164348112036e-10 1.6060623209766104e-08 6.3448645433676573e-09 2.4661047827760977e-09 4.0928024897416264e-10 -2.7312995211058063e-09 1.6937061270546169e-09 3.6573385405191098e-09 -2.5422593657540329e-08 8.2204222037967451e-10 9.5206683773273631e-11 -2.2464967297450104e-08 3.2590551623079723e-10 -8.5907599994373056e-09 -1.9746889120804215e-09 1.9624565015195279e-09 -1.7729658121754762e-09 -2.9772237387800053e-09 -4.1027717015212129e-09 -3.5115713978350869e-09 2.4917215705253005e-10 2.6771312625609384e-09 -1.9253928888246118e-08 5.3056174393165489e-11 -4.2716612312572492e-09 1.6385151070489903e-08 2.4301667731016609e-08 2.0570945866533292e-10 -1.411976835861656e-08 -7.53297420236398e-09 -2.8409112409402174e-10 -5.0005242998445984e-11 -3.106484657603759e-10 1.309213049436418e-08 2.2621787776221164e-09 4.8478153181546762e-10 -7.9112894357586278e-10 3.5902713414785907e-09 2.8713152018971653e-09 5.355603935835683e-09 5.9111611954815855e-09 -2.6389190711605989e-09 1.2314565678824974e-08 1.9766647061345504e-09 -6.0353761154292071e-09 8.8159947502927131e-10 -2.0777665518065482e-08 -5.0212828559949807e-09 4.0288817798740474e-10 
6.9156823754298045e-09 2.6180206839808275e-08 3.1122614392086598e-08 4.1277691523655668e-09 1.0054021566327767e-06 2.4323776520933734e-08 8.3046637468841861e-09 -5.4250667282715018e-09 4.3423277361477716e-09 -7.9515378651367879e-09 3.5992006080194305e-11 4.248276213660258e-11 1.1467583251309939e-09 1.9100329753109694e-09 5.9845888002619813e-09 3.5983711098282103e-09 3.1563158576832849e-09 5.3227381864881859e-09 -7.5562840898834276e-10 6.9074097630695135e-11 -1.0951466250479232e-09 7.0560484670922615e-10 -2.1422735471390455e-09 -3.9954508949742634e-09 1.7102840965820435e-09 -3.2639963878986053e-09 1.1621628549309708e-09 2.4752963454417604e-09 1.2975874502798146e-09 -2.2795442516995392e-09 4.1113235008924668e-09 -2.7198237868028071e-11 3.9496553979833543e-09 -2.8048965553850776e-10 7.4994489114092584e-10 1.7702990786635595e-09 2.1722072926912652e-09 1.9528972151571964e-09 1.4627354081913244e-09 3.6845538061785934e-09 2.5893439919988913e-09 9.1252535043090803e-09 2.2990116023152162e-10 9.7939778589412999e-09 1.1234669516612791e-08 2.7121092421750271e-09 1.1313973693869185e-10 -5.6176053758926691e-09 2.0637410065095715e-09 4.521201822694999e-09 -7.2794288991665581e-09 9.2521360950260266e-10 8.3339533537573815e-10 -5.6705753580705746e-10 -1.6038009168793174e-09 -1.5547908923683753e-09 -2.5773867892953198e-09 1.205746049432957e-09 -1.9297025773421785e-09 -4.2721196174297388e-09 -5.3804575497348856e-09 -4.6845960289138987e-09 -2.6821249831966943e-08 4.6821115888746931e-09 -2.4895606427258616e-08 4.6258637427222435e-10 -5.441218072179646e-09 -5.3581948772882419e-08 -4.1837893233334468e-09 2.0190792318910667e-10 2.9785141158015286e-09 1.3738366593840901e-09 -7.3627663679436782e-10 -5.8155816283037184e-10 -4.2371107986763206e-10 2.5594621953056049e-09 1.9789370002803961e-09 -2.9591467223188105e-09 4.7294160872204954e-10 2.389844225059029e-09 3.7903863685866444e-09 7.6166201853230608e-09 8.0568814662270304e-09 1.7035439982977414e-09 4.3721361190246536e-08 1.3577129465871522e-09 -2.5243683785781587e-09 -6.4964998160608817e-11 -1.3880452390993617e-08 -6.9353468658168789e-09 -1.7464689423980861e-08 
3.1119239484364563e-08 1.1750128671606722e-07 1.4213608255214412e-07 1.8755774629068606e-08 2.4323776520933734e-08 1.1111757557022164e-06 3.7959533579989847e-08 -2.46600641387589e-08 1.9637637836338872e-08 -3.640706806231778e-08 2.1014699439900484e-10 2.1894213378072086e-10 5.4158631822101952e-09 8.3545416926043474e-09 2.6967393601654033e-08 1.6635514236888511e-08 1.4423062962367737e-08 2.4654814149257987e-08 -3.4380252761002099e-09 3.4899850473007183e-10 -5.0713725271248967e-09 3.0840456210677515e-09 -9.5504155687075089e-09 -1.7922445258081962e-08 7.5109644277436084e-09 -1.4862706300093059e-08 5.3012380467263215e-09 1.1086599908675082e-08 6.027970610060202e-09 -1.0297277536392554e-08 1.8353635861999069e-08 -3.0041024386862644e-11 1.7711475922090652e-08 -1.1295075571225495e-09 3.4640683903173694e-09 8.1959950387114665e-09 1.0440658227706877e-08 8.5796678845166593e-09 6.7048190484874197e-09 1.6746035135493492e-08 1.1817022968806787e-08 4.1308810807037324e-08 1.1418658192215268e-09 4.431834304253145e-08 5.1257618535103931e-08 1.2639270829798733e-08 7.518035140346254e-10 -2.5416207231363086e-08 9.764408067902416e-09 2.1195432458859394e-08 -3.2349692465753781e-08 3.3034155933331389e-09 3.7960927480490154e-09 -2.7241404027847869e-09 -6.9136517425102921e-09 -6.8434120180965002e-09 -1.1841072688281741e-08 4.9025195829161942e-09 -9.1010644351335707e-09 -1.9527737120144543e-08 -2.4086576779779421e-08 -2.1848516434075488e-08 -1.1860626943327427e-07 2.1387601634840756e-08 -1.1391661423887194e-07 2.0731454015145778e-09 -2.5131598596668382e-08 -2.4197879893980633e-07 -1.9338385815385081e-08 9.6716603272537129e-10 1.3257899947961788e-08 6.0357878013418694e-09 -2.6635169420226236e-09 -2.6173740672280667e-09 -2.4011514700837205e-09 1.1494215948320923e-08 9.0621115520415648e-09 -1.3346975284096163e-08 1.6422411321695003e-09 1.0230871681518115e-08 1.7321198675598608e-08 3.4933454868927569e-08 3.6902297150057935e-08 7.9533799596853268e-09 1.9728927044179739e-07 4.4611105308716525e-09 -1.0744789234822989e-08 5.2764459012338622e-10 -5.7347816661501265e-08 -3.1614380194896249e-08 -7.9099771381854884e-08 
1.0624112932044908e-08 3.987756003629789e-08 4.8529005843758836e-08 6.0127003532206263e-09 8.3046637468841861e-09 3.7959533579989847e-08 1.013149355074773e-06 -8.5087751864600358e-09 6.4127540797522815e-09 -1.2598227329347975e-08 7.093187289062489e-11 7.2202343021703056e-11 1.6639761622169693e-09 2.7184813499066257e-09 9.2170885693566236e-09 5.7789763514324418e-09 4.9551057862274223e-09 8.5660162427932598e-09 -1.2010478579765285e-09 -9.2213012743074973e-11 -1.5380814796875909e-09 1.0590321475643819e-09 -3.3190823685185415e-09 -5.765679404653334e-09 2.2638892841716801e-09 -5.1385101337191532e-09 1.7099601871379848e-09 3.8492826995698696e-09 2.0727674673686448e-09 -3.5610669991182605e-09 6.3895381314133042e-09 1.9287962513639222e-11 6.158333890530578e-09 -4.7428986889258782e-10 1.2261482508665615e-09 2.7754013559378289e-09 3.7343553933143025e-09 2.8602062142011596e-09 2.3661784075304183e-09 5.6084114260838735e-09 4.0429955695127179e-09 1.3948188790418581e-08 4.2883036289923766e-10 1.4946510000859769e-08 1.7844645522110131e-08 4.512336645385759e-09 1.9580845216813765e-10 -8.5642636570876891e-09 3.4455820724203544e-09 7.4115471156117908e-09 -1.0814831932024518e-08 8.4352320136084372e-10 1.3509650533975621e-09 -6.7297499812796655e-10 -2.4815456832566156e-09 -2.1810994843330798e-09 -4.0331081554129725e-09 1.1147758441285466e-09 -3.0484609518887238e-09 -6.7653573747010279e-09 -8.1734665774134078e-09 -7.6152475129563071e-09 -3.9101238872893317e-08 7.323319467058378e-09 -3.8794034498578483e-08 8.0099167891704664e-10 -8.6711708781988991e-09 -8.1727587665984115e-08 -6.7722299992836921e-09 3.3704537832181327e-10 4.6263933935279478e-09 2.0925937488060943e-09 -7.3554676742707962e-10 -9.1712766541808247e-10 -9.1379161199436672e-10 3.6619793086264342e-09 2.8901034512285614e-09 -4.9069938012827183e-09 6.7276140916350982e-10 3.2691045210698507e-09 5.9564374651451883e-09 1.2100579447925037e-08 1.2707173207819184e-08 2.9556448439252826e-09 6.6058519847187701e-08 8.8022053030161039e-10 -2.513840433800584e-09 1.3659794791872959e-10 -1.5986491061675648e-08 -1.0869206050119921e-08 -2.6655959995989409e-08 
-6.9751947488321381e-09 -2.7387884252097959e-08 -3.1682097845349641e-08 -3.0626897207501241e-09 -5.4250667282715018e-09 -2.46600641387589e-08 -8.5087751864600358e-09 1.0058290227219357e-06 -3.7043032924950663e-09 8.1423900841735646e-09 4.7294218670227503e-11 6.0787609591665865e-12 -2.2123182546742824e-10 -1.5760204615011358e-09 -6.0417591183246104e-09 -3.776088547977509e-09 -3.2135518741907569e-09 -5.3998321011350554e-09 8.1626964869913483e-10 7.0313987584995163e-10 9.8815410393837131e-10 -7.9002583862682413e-10 2.5983313397331658e-09 3.438370076751275e-09 -1.0186000556640737e-09 3.3916503075324287e-09 -1.133251597304953e-09 -2.7037281148608361e-09 -1.3819732263593817e-09 2.2911168003636849e-09 -4.9640459499144095e-09 1.1827049939983962e-11 -4.6768127326945711e-09 8.1333857052707167e-10 -9.2910013424432461e-10 -1.5527177407832923e-09 -2.5208455928128736e-09 -1.8924768404605424e-09 -1.5884173196749791e-09 -3.7121948718605175e-09 -2.6465849814031395e-09 -8.9018026594590138e-09 -1.7778058630078768e-10 -9.5340279041799092e-09 -1.2058429627595505e-08 -2.8759732520420146e-09 -7.4095083052380042e-11 5.5622166557287949e-09 -2.2267472920947664e-09 -4.6270748654475753e-09 6.5169391808664904e-09 -5.4440186398129754e-10 -1.0077522337506387e-09 -4.8789206921849472e-10 1.8997860255010759e-09 1.2024339608012555e-09 2.6439362274132795e-09 -6.9501318699906029e-10 1.9493993700475106e-09 4.4515061096683025e-09 5.3355400415756671e-09 4.7924482709915731e-09 2.6459334219134858e-08 -4.9200101305263282e-09 2.518111946389244e-08 -5.6107234086201524e-10 5.4615230236913408e-09 5.4610127047523367e-08 5.0349295496957505e-09 -2.4960322426641512e-10 -3.6901331552318861e-09 -1.6152385195189111e-09 5.2578244569984076e-10 7.2165909111879429e-10 7.2113086718857431e-10 -1.7944039603281967e-09 -1.9106796670665614e-09 3.875757905622637e-09 -5.6624661417369589e-10 -1.9829059030286776e-09 -3.8868519526067185e-09 -7.887205011283702e-09 -8.2894712921695728e-09 -1.893526790995531e-09 -4.3475709836001953e-08 -4.5574179090368363e-10 1.2211816060835701e-09 7.006493794913339e-11 9.4936219097112368e-09 7.2152965154951366e-09 1.7482010339609198e-08 
5.4996365191757394e-09 1.2128295830536174e-08 2.4848138342959044e-08 1.9182940856353021e-08 4.3423277361477716e-09 1.9637637836338872e-08 6.4127540797522815e-09 -3.7043032924950663e-09 1.0134502454684848e-06 -6.1571774686857375e-09 1.8825230783243292e-10 1.0403546579508555e-10 1.3143701417773151e-08 4.337412847759144e-09 4.7366950365367183e-09 2.7962579488987229e-09 2.5776269258182075e-09 4.0836734618106441e-09 -3.4158757434507904e-10 1.0013060424467327e-08 -1.3276747457671498e-09 -1.955485727728153e-09 2.6066338843752623e-09 -1.0615998861666457e-08 1.1694089830043851e-08 -2.4019091732989521e-09 -9.8321418931716717e-10 1.2944840795164414e-09 1.0051319909811961e-09 -1.5107247065105967e-09 -6.2230473298428053e-09 1.7619030681624505e-11 -5.2968510978134795e-09 6.2287942404301635e-09 -3.0275947227231826e-09 5.374172671608992e-09 1.671247843025226e-09 1.4899097121311018e-09 8.4970180627036801e-10 3.1010646463945359e-09 1.6691146554193545e-09 1.3017345095554693e-08 4.1012583733697622e-10 1.3505283390512139e-08 7.5566643235773771e-09 3.7844024743800817e-09 3.4371904177129798e-10 -2.3756406183885105e-09 1.6928367712373896e-09 3.6974139572359332e-09 -2.3601192821792192e-08 8.9881592795414284e-10 3.5453494195660185e-10 -1.3974426711655969e-08 -2.519969970659096e-10 -4.985145823171127e-09 -2.0851804163830099e-09 1.8267508313461476e-09 -1.8108157896795637e-09 -3.2407962178757244e-09 -4.3331685456350206e-09 -3.6779217099699353e-09 -1.5679931366088268e-08 3.138212245806143e-09 -2.0175113076988717e-08 1.4284948815244302e-10 -4.386890937363313e-09 -1.0577940303231285e-08 1.6712841317546184e-08 1.9698544186831732e-10 -6.5131333491917863e-09 -3.3442429811345039e-09 -4.8720840609354812e-10 -2.5370178894736849e-10 -3.4116664520293265e-10 9.868424472545413e-09 2.1077837356736891e-09 -6.074673422340826e-10 -4.4804801484992841e-10 2.8216535439452236e-09 3.0152735027085313e-09 5.7998630267525703e-09 6.2894844518459378e-09 -3.4873785096981283e-10 2.1352500756370708e-08 1.8283086108717763e-09 -5.0512882740670326e-09 6.1420485951156417e-10 -2.2768244958786078e-08 -5.3992850009088349e-09 -4.0214947939509289e-09 
-1.0170949393508824e-08 -3.8138830448653176e-08 -4.6536662706629878e-08 -5.7860032873785969e-09 -7.9515378651367879e-09 -3.640706806231778e-08 -1.2598227329347975e-08 8.1423900841735646e-09 -6.1571774686857375e-09 1.0120775188750879e-06 -7.2144815433269479e-11 -7.3515839072515658e-11 -1.5795734604896463e-09 -2.6025128820636911e-09 -8.8257053184205375e-09 -5.5404840634642289e-09 -4.7500860976287458e-09 -8.2197210442001683e-09 1.1434071802278125e-09 7.3285019354360052e-11 1.4939524719012381e-09 -1.0199937667997649e-09 3.1572913677891552e-09 5.5473467249542768e-09 -2.1562477015773982e-09 4.9211181254021461e-09 -1.6394441868515152e-09 -3.6773247237496902e-09 -1.9917815569477137e-09 3.4122986977444777e-09 -6.0826164294115216e-09 -1.9142537732319393e-11 -5.8675736308188311e-09 4.5626906277698244e-10 -1.1689022817909815e-09 -2.6602850505929501e-09 -3.5776540328322035e-09 -2.7396842719068035e-09 -2.2643290843820722e-09 -5.3817023071391271e-09 -3.876508186503957e-09 -1.336763649646795e-08 -4.1459217081188233e-10 -1.432490955153655e-08 -1.7073936032427674e-08 -4.3023138802362135e-09 -1.9973063653988615e-10 8.2244940885137767e-09 -3.3023153262894319e-09 -7.1101248457110525e-09 1.0281715635124247e-08 -8.0522966091090531e-10 -1.2897285240217535e-09 6.4069063960811413e-10 2.354511520046005e-09 2.0987777477491867e-09 3.871005276969699e-09 -1.0954857754291959e-09 2.9404587965475798e-09 6.4815821979657293e-09 7.8237575561767023e-09 7.3065445641507426e-09 3.7396062337620099e-08 -7.0225676370531053e-09 3.7222879831938919e-08 -7.5957875183466436e-10 8.3177806349096341e-09 7.8296412818638048e-08 6.515630593172854e-09 -3.2354976173572809e-10 -4.4091356563256042e-09 -1.9839873986856889e-09 7.0086598738464102e-10 8.723434978093025e-10 8.7253786667838004e-10 -3.4879173295571167e-09 -2.7923142077666299e-09 4.6482086301861093e-09 -6.2111709629250497e-10 -3.120455212309888e-09 -5.7098238546933769e-09 -1.1596397407863668e-08 -1.2180512642202004e-08 -2.7965799284602746e-09 -6.3419177907142323e-08 -8.5166346517892368e-10 2.488772533131823e-09 -1.5888577834400215e-10 1.5314857592172131e-08 1.0415981731702084e-08 2.5585232116368948e-08 
3.3869131566190658e-11 -4.0790087028090377e-10 2.1464414852792273e-10 3.3069986687852766e-10 3.5992006080194305e-11 2.1014699439900484e-10 7.093187289062489e-11 4.7294218670227503e-11 1.8825230783243292e-10 -7.2144815433269479e-11 1.0000339953767684e-06 1.9183410199230224e-11 2.1741079987988528e-10 1.0266644596084226e-10 3.391840664631049e-11 2.0155110173587538e-11 2.8803387964482413e-11 9.1223614335573101e-11 2.3918888697923691e-11 2.2837173674578498e-10 -1.7159011877750574e-12 -3.2029142922424318e-12 1.6397556940663233e-10 -1.4902659901927306e-10 1.28010199731175e-10 -5.8986528797775559e-12 -1.6089307171190004e-11 -1.581168402488919e-11 -1.1103222856333612e-11 -2.726589333617848e-11 -3.0453522577562094e-10 7.5198065109002743e-12 -2.557312007690255e-10 1.3724919532659417e-10 -6.6160474900203286e-11 8.4138625405116456e-11 -2.5989598691671513e-11 1.0119835177233752e-11 -1.1798749423935638e-11 1.8391165606973638e-11 2.2942264905319384e-11 1.1086411626921136e-10 2.68994813167422e-11 1.2330550398094316e-10 -3.2911834683583549e-11 -2.2299807551411823e-11 -3.737263967064461e-12 -7.0319037730800968e-11 1.5757625421262673e-11 8.580075663217533e-11 -1.1675589019601116e-10 2.1908249430351547e-11 -4.0289266106968147e-11 -2.5487822697776378e-10 3.5811835405670649e-11 -1.1894466327250815e-10 -1.1442679295442862e-11 2.8763504305450687e-11 -7.2089551731032834e-12 -1.097251136405641e-11 -3.95169006985609e-11 -8.0488297689945653e-11 3.7735825843787007e-10 8.4603051658627933e-12 -2.1931624233753243e-10 -1.3976933413224747e-11 -1.0588122825451141e-10 3.7311002806325487e-10 1.84302086009037e-10 -8.9565699135082419e-12 -2.3669774243838021e-10 -1.0994276207852781e-10 2.7117325283985448e-13 4.1881066245549247e-11 5.3085421687677185e-11 1.1668777015341657e-10 7.057633372314315e-12 1.6882865146284605e-10 9.2290289775795653e-12 6.8466336887978131e-11 2.7706491327669929e-11 4.5988823268624888e-11 5.6927356610186526e-11 -6.0189380522022355e-11 1.7059767033166879e-10 8.6917668491549824e-11 -9.2041543342538211e-11 -7.2320707595724026e-12 -5.3195266372800578e-11 -9.1618713054000693e-12 -7.4176669487862239e-11 
4.7540550781735354e-11 -3.6867049186500012e-11 2.49423743945967e-10 1.6598115303615068e-10 4.248276213660258e-11 2.1894213378072086e-10 7.2202343021703056e-11 6.0787609591665865e-12 1.0403546579508555e-10 -7.3515839072515658e-11 1.9183410199230224e-11 1.0000132509266953e-06 9.225459723073826e-11 5.9503967177858576e-11 4.4268703138204368e-11 2.3807165061124238e-11 2.9178934530489527e-11 7.405035265727539e-11 7.3156648654042941e-12 1.0306415782269431e-10 -6.2456833783657458e-12 3.0424798618074367e-12 6.8459740590690458e-11 -8.926211877548643e-11 6.7308459889422057e-11 -1.7022216755645622e-11 -1.6957135214332616e-11 3.8807842198224204e-12 -1.0209210828803305e-12 -3.014424983412574e-11 -1.2195211996927439e-10 2.4446443586945347e-12 -9.7728152200334602e-11 5.7231639026778688e-11 -2.2267728714102413e-11 4.450639375220519e-11 -1.5360296150391645e-11 1.8646465601527725e-11 -1.0997847579057215e-12 2.7552533437506446e-11 2.5791567648322876e-11 9.7890080174953163e-11 1.5520691826240496e-11 1.0447540014160666e-10 2.4597653022513889e-11 2.8908264673168493e-12 -1.1567624732646242e-12 -5.9813492147698576e-11 1.1340834866558051e-11 5.9171301707700792e-11 -1.2315385439064266e-10 2.6618956856523241e-11 -1.8607688842130756e-11 -1.0697485540900678e-10 7.9208812534602661e-12 -6.2132694068103163e-11 -1.8783023164328145e-11 3.2129282223688949e-11 -9.8294356219885275e-12 -2.3411609416854314e-11 -4.4346011814317507e-11 -6.0783526793044551e-11 -1.4400888595926035e-11 2.634076426067991e-11 -2.2747092080063693e-10 -6.8800128977524501e-12 -8.2075000575009108e-11 -1.202207384790867e-10 8.6470333793366327e-11 -4.0944936752455474e-12 -8.9093651003322701e-11 -3.7095416590671584e-11 -1.3334347242160549e-11 2.1696741465456866e-11 4.0358116594674057e-11 6.2968337443003899e-11 1.3165779876527128e-11 9.6276210424674913e-11 1.4785188800044961e-11 5.5113241099779586e-11 3.1311080015714702e-11 5.5469417304621652e-11 6.5297568616450123e-11 -2.7681787383241333e-11 3.4195710849380205e-10 8.0874836389395778e-11 -8.7770523391206239e-11 -7.7708364731795241e-12 -1.7513428831631827e-10 -3.4361413752492219e-11 -1.2922181865132597e-10 
1.3773952897722663e-09 -3.4944451374410708e-09 6.5059216796604621e-09 2.023525272181243e-08 1.1467583251309939e-09 5.4158631822101952e-09 1.6639761622169693e-09 -2.2123182546742824e-10 1.3143701417773151e-08 -1.5795734604896463e-09 2.1741079987988528e-10 9.225459723073826e-11 1.0246978065684652e-06 8.3548807046147176e-09 1.1262438772296933e-09 7.3535754803617156e-10 7.6808135637800932e-10 1.106605587078122e-09 -9.1931986632546078e-10 1.3600760401754842e-08 -6.0412691682682897e-10 -3.0071971210685665e-09 3.4784664786150957e-09 -7.3993624537223776e-09 1.6760015231173599e-08 -4.4698614813816149e-10 -3.5885340933171153e-10 -4.8924311175533626e-10 2.1360165320439523e-10 -1.226524341556276e-10 -8.5519486202942439e-09 9.5816327520733348e-11 -7.4309901941371935e-09 1.2074648082858918e-08 -3.6259760648297018e-09 7.3440621805773983e-09 5.518809139228482e-10 1.9080897987342337e-10 -5.833790993740295e-11 8.4093100071193742e-10 -2.125402609093535e-12 1.0758706543149446e-08 3.1093502915414196e-10 1.1368888867590998e-08 6.1689373917149832e-10 5.5980381171350923e-09 3.7482245933267401e-10 2.7511809306656145e-10 6.7498009122707887e-10 1.3383604756592893e-09 -3.9739230025953966e-08 1.0041137157362763e-11 -2.2793813455912843e-10 -2.4614274854374714e-08 1.0952784343957695e-09 -6.7689925201118413e-09 -3.7665170967338459e-10 7.4889160277498414e-10 -5.9834394498978724e-10 -7.6402239217396549e-10 -1.0345522910777001e-09 -1.1586203837203237e-09 -1.2015859210432817e-08 -1.774022368641502e-11 -5.2666057434796166e-09 -1.4606459706336839e-10 -1.2982115078888909e-09 1.1691419465605696e-08 2.599643582674761e-08 6.5803019773323477e-11 -1.018116751339201e-08 -2.4594020177803612e-09 1.9552098710917114e-10 1.7171802770035129e-10 -1.8947489430668121e-10 1.9996695915977474e-08 8.0682052680766434e-10 1.6811654975669956e-09 -9.7735158116035195e-10 9.2090972189723315e-09 7.7117472730776845e-10 1.35626090749554e-09 1.5495146604425131e-09 6.1765890559850465e-09 -1.5228028784701137e-08 5.2439074850121027e-10 -3.3387153442275714e-09 1.0468333202705401e-09 -4.7336878377500962e-08 -1.1684757492996989e-09 6.0318584564461311e-09 
2.4095081032225245e-09 -6.2880629746322119e-09 1.0530426672922373e-08 7.0448250436274337e-09 1.9100329753109694e-09 8.3545416926043474e-09 2.7184813499066257e-09 -1.5760204615011358e-09 4.337412847759144e-09 -2.6025128820636911e-09 1.0266644596084226e-10 5.9503967177858576e-11 8.3548807046147176e-09 1.0073049617730535e-06 2.0513743284641884e-09 1.0675060393702938e-09 1.1115119000287054e-09 1.7071903928174262e-09 9.1620043812540501e-13 5.159148397457391e-09 -3.6092980131197928e-10 1.8056317598558907e-09 1.582418614686746e-09 -2.5750201145580323e-09 2.6579206907508573e-09 -1.0097445820739964e-09 3.4426719727804708e-09 1.0271860410133862e-09 3.1755649129498554e-10 -8.689501565208261e-10 -3.9368675074638499e-09 -5.7347342074796613e-12 -3.6580252377945536e-09 4.0046101285193511e-09 -1.7130390251983112e-09 2.2904926606714087e-09 2.5419139065706385e-10 7.9466336055687226e-10 2.3912953413565404e-10 1.4306081534895368e-09 8.2027920899475075e-10 4.8397422769427892e-09 -7.8028164136262084e-11 6.0456923207244365e-09 3.5242611833789553e-09 -1.6891780850433366e-09 -2.9292167028994096e-11 -6.1856551310432637e-09 5.4187060255195321e-10 1.2352752487067172e-09 -2.5680282000175227e-09 7.5738471816661979e-10 1.2107694873845428e-10 -8.8685103742779182e-09 -8.4831312063177996e-10 -6.2998330747977497e-09 -6.3207766742786308e-10 7.730006868484433e-10 -3.4634767966953168e-10 -1.2954001689567528e-09 -1.8658759942281402e-09 -1.387747161755084e-09 -3.6282020693214319e-10 1.6242690284508926e-09 -8.1280775702048732e-09 4.8723183302971388e-11 -1.9529486528624283e-09 -1.428972630853024e-08 -2.969334833023762e-09 3.2535966628641636e-11 -4.239549621673581e-09 -9.8436967866007825e-10 -5.9527295980500355e-10 -2.3906048640564422e-11 3.9512684132835455e-10 6.2178349386022313e-09 7.4094545143671089e-10 -3.8488838268290352e-10 7.0497012991281832e-10 7.6824624342586685e-09 1.2615341963477883e-09 2.2886300107453981e-09 2.6822585364198501e-09 1.9090338400233738e-09 1.3904404393091055e-08 1.8169649732502641e-09 -1.6987721259356488e-09 -2.8699903902548715e-10 -2.0516964675273644e-08 -2.2039499231393246e-09 -1.0683040596951404e-08 
7.6635169861170455e-09 2.908238567084915e-08 3.4514842741296585e-08 4.4545850678032546e-09 5.9845888002619813e-09 2.6967393601654033e-08 9.2170885693566236e-09 -6.0417591183246104e-09 4.7366950365367183e-09 -8.8257053184205375e-09 3.391840664631049e-11 4.4268703138204368e-11 1.1262438772296933e-09 2.0513743284641884e-09 1.0066348591356455e-06 4.0021050487458002e-09 3.5016771894952485e-09 5.9062549364492301e-09 -8.3657040023439193e-10 -1.2224772705360644e-11 -1.2057277143668253e-09 7.9056616476878179e-10 -2.4076223981070782e-09 -4.3763873683394892e-09 1.7953297327219216e-09 -3.6273146757954514e-09 1.2800433046394371e-09 2.7597082484643827e-09 1.4457034359002008e-09 -2.5261256817554733e-09 4.6251255199816962e-09 -2.8777320729089591e-11 4.4358018669294785e-09 -3.8455800132918913e-10 8.5054935376606464e-10 1.9281326747844922e-09 2.4389046167574944e-09 2.1573214748503996e-09 1.6310586358681519e-09 4.0833369236909366e-09 2.8718057740579552e-09 1.0067613049679232e-08 2.5409203481128165e-10 1.0801299644952207e-08 1.2513051387025838e-08 3.0046602068940614e-09 1.2333972099089445e-10 -6.2155117135302825e-09 2.3014235226501792e-09 5.0227115852551007e-09 -7.8739353919882338e-09 9.8962282869375581e-10 9.3904704111758328e-10 -4.7743914332662828e-10 -1.796451653540051e-09 -1.6707163525813979e-09 -2.8649033921271829e-09 1.2892063124634041e-09 -2.1425681415956649e-09 -4.7475116597460318e-09 -5.9574866708508778e-09 -5.2015838982949282e-09 -2.9586962491010487e-08 5.2104121284084079e-09 -2.7610649332459785e-08 5.2448003717175182e-10 -6.0339278572986743e-09 -5.941208043756146e-08 -4.759888925326153e-09 2.2924217499263915e-10 3.3699336887085559e-09 1.532731121170973e-09 -7.9489718832745384e-10 -6.5740481269223513e-10 -4.961736047490672e-10 2.7088695869987497e-09 2.1882949229471706e-09 -3.3532427583776542e-09 5.2627837656369568e-10 2.5615259892026645e-09 4.2089647931211637e-09 8.4645518895146233e-09 8.9480714298245476e-09 1.8652383066644506e-09 4.8475491273802325e-08 1.4224623687925399e-09 -2.6948636559503219e-09 -6.8157645577160508e-11 -1.4779501694924399e-08 -7.7099262103119087e-09 -1.9359333422886865e-08 
4.6067484934681463e-09 1.7267914047094862e-08 2.1278482231808855e-08 2.6380318748050013e-09 3.5983711098282103e-09 1.6635514236888511e-08 5.7789763514324418e-09 -3.776088547977509e-09 2.7962579488987229e-09 -5.5404840634642289e-09 2.0155110173587538e-11 2.3807165061124238e-11 7.3535754803617156e-10 1.0675060393702938e-09 4.0021050487458002e-09 1.0025873824672089e-06 2.177208837106487e-09 3.7651062049840999e-09 -5.2659043828576469e-10 -4.8844868337698335e-11 -6.6257811468562999e-10 4.1728212300272576e-10 -1.444451278435877e-09 -2.4755375503031583e-09 9.5595399295406068e-10 -2.2597733110931353e-09 7.1808815703836049e-10 1.6790460811519156e-09 9.321781731959251e-10 -1.5160185080684664e-09 2.7683298534651237e-09 2.4367191571176701e-11 2.6650696597611569e-09 -1.9725097271322729e-10 5.227619378724219e-10 1.23219929521645e-09 1.7874645764439763e-09 1.1879654309384065e-09 1.0591655087926317e-09 2.4410182808850681e-09 1.7505876363244369e-09 6.0583425369282918e-09 1.9850291624645688e-10 6.4766794657262398e-09 7.9291559545531217e-09 2.0597955587876617e-09 1.0118909450416887e-10 -3.6419885976326675e-09 1.590134401431042e-09 3.3179010427758307e-09 -4.5676617099956113e-09 1.684221032491483e-10 6.1918366879532594e-10 -2.8724659352426191e-10 -1.0634439595731991e-09 -8.6888510597664046e-10 -1.7886841358607294e-09 3.0715360477438054e-10 -1.3683366033197413e-09 -2.9983050466143851e-09 -3.5148153182388207e-09 -3.3836303164296937e-09 -1.6329257082369063e-08 3.2223121860745625e-09 -1.7016913642865841e-08 3.7274334392961785e-10 -3.7939901882733766e-09 -3.4952401215879819e-08 -2.9352945663360796e-09 1.654181195975702e-10 1.975626363678689e-09 8.5015292829307882e-10 -1.7674516302246014e-10 -4.2616491875364122e-10 -5.4022921378281451e-10 1.5203706275872987e-09 1.2587258943500876e-09 -2.3120443073674689e-09 2.2129068657998463e-10 1.2110524072925784e-09 2.6235372565012204e-09 5.3542296817793915e-09 5.5995342407604315e-09 1.3352349813930456e-09 2.8167302850877395e-08 -3.9527172948532229e-11 -7.3712516723350872e-10 1.540417582583904e-10 -5.2630827389773489e-09 -4.8052208011644179e-09 -1.1366499632180189e-08 
4.0370958038047975e-09 1.5150072331121623e-08 1.8436285875801441e-08 2.4993012770527296e-09 3.1563158576832849e-09 1.4423062962367737e-08 4.9551057862274223e-09 -3.2135518741907569e-09 2.5776269258182075e-09 -4.7500860976287458e-09 2.8803387964482413e-11 2.9178934530489527e-11 7.6808135637800932e-10 1.1115119000287054e-09 3.5016771894952485e-09 2.177208837106487e-09 1.0018864019713829e-06 3.2271085031943874e-09 -4.4891316003108371e-10 1.0025378494054161e-10 -6.157614974173277e-10 3.8730985180993165e-10 -1.2108997754509385e-09 -2.3147234973254859e-09 1.0179477710726318e-09 -1.9386769757838736e-09 6.2816589905853565e-10 1.4602387266131458e-09 7.7846007344722445e-10 -1.348207314194374e-09 2.3189435959001961e-09 2.5053615965530001e-12 2.2400139058013026e-09 -1.0418029284396154e-10 4.1987641968470747e-10 1.0910441609095274e-09 1.3790948537857651e-09 1.1038772406461675e-09 8.6725810804202474e-10 2.1700133291936335e-09 1.5297003332272613e-09 5.390101008920035e-09 1.5481913043982769e-10 5.7732125695582502e-09 6.7255385054752767e-09 1.6906126679198547e-09 7.3614664770965634e-11 -3.2617311287855391e-09 1.2897555299283273e-09 2.7743505226911708e-09 -4.3864972834950387e-09 3.8261562273473805e-10 5.0164558088727547e-10 -4.1327126044791478e-10 -9.4390074078960945e-10 -9.0531048135989518e-10 -1.5298773194850786e-09 5.4281685794976912e-10 -1.1551389615888821e-09 -2.5458453663757157e-09 -3.112271532514869e-09 -2.8605688272733097e-09 -1.5119981801872111e-08 2.7742659246387182e-09 -1.4751653366588733e-08 2.8419888642681248e-10 -3.2924234476017614e-09 -3.0897993079105324e-08 -2.3197318478858856e-09 1.3189418768643985e-10 1.6550148244170113e-09 7.5721101060289086e-10 -3.1945051263026267e-10 -3.4363608807571399e-10 -3.1836249912803433e-10 1.5018233980361627e-09 1.1440620955790891e-09 -1.8029242355663246e-09 2.6120990484358781e-10 1.3297981557354792e-09 2.2639457460374774e-09 4.5594857260536985e-09 4.8180998611836027e-09 1.0638001200580976e-09 2.5199994458193158e-08 5.0274944505810939e-10 -1.1834853971012868e-09 3.0302028492105982e-11 -6.87208246263829e-09 -4.1240930035820503e-09 -1.0101980277659844e-08 
