DESCRIPTOR_NAME ACE
DESCRIPTORS_FILTERING_TYPE element
NUMBER_OF_DIMENSION 91
NAME_OF_YAML_INPUT BoreAndVacancies.yaml
FILTER_VALUE B
NUMBER_OF_CLUSTER 3
WEIGHT 0.020005244896312467
ESPERANCE 0.00058471284214648236 0.006715859451783132 -0.007453955293603578 -0.0010739088642147826 0.0005226815380612415 -0.0066726937097912643 0.0008861322737434039 -0.00062453508935363545 -0.00096217498691015407 -0.00010263929439988555 0.00033101875570031258 -7.6686691439397007e-05 0.0010952160234613964 0.0012161986372558899 -0.00045179652366172577 -0.00011291698472249669 -0.0001067800039243928 0.00084174903202648642 -0.00019758962105911884 7.6966058538071791e-05 0.00073841891426940228 0.0012367244750640322 4.4496426350611109e-05 -0.00077952891142512844 0.000438938634795469 -0.00026942339501697423 0.00035919657718298554 -0.0021420651628852811 0.00045554597302611673 3.670945263757183e-05 -0.00044796112879768733 0.00010666443011046352 -0.00059882517234977008 0.0004554465364005412 -0.00046724417261201291 -0.00072344733343198515 0.0008890242119928743 0.00025430163232950155 0.00026112918387586974 -0.0016401992912473519 -0.00154563204080199 0.0010591151865147388 0.00039720436254184747 0.0012645106676649523 -0.0021825322160263514 0.0002374331093660949 -0.00034065557640079313 0.0014307544984636553 3.5194210635857608e-05 0.00020019411540788545 0.0014924413641558265 -8.5665473203623408e-05 5.1146288178081714e-05 0.0013190651618432993 0.0014970170264865042 0.0012651002945850557 -0.00033381414208658207 -0.00033085030916943961 -0.00048764015951094071 -0.00019415017790323189 0.00024513422310510572 0.00010491909121359824 -0.0038576733074518533 -0.0048305069982857718 0.002953433782729992 0.0004907736144643877 0.00024561938033938356 -0.0033578141010386204 -0.00092323652387244154 0.00019637897460335685 0.00090853064262885243 0.00091806904930926629 -1.03514061207714e-05 -0.00040068252616083519 -0.00044812821767940559 -0.00067785140531276278 -0.0036910935405868712 0.0020051696969849752 -0.0017814838739538155 -0.0008654701857954357 4.6447032127004152e-05 0.001139603339020537 -0.00053580884096332884 0.0012117551381939093 0.0031995642382777051 3.5355405571741321e-05 0.0021383705129575472 -0.0014298980212429837 -0.0076724553053678854 0.00044250020367214552 0.0011604969347053875
COVARIANCE_MATRIX
1.0158098765931182e-06 -2.6896293846396394e-08 4.9509925290473244e-08 1.5976334392062945e-08 1.3822952668516291e-08 4.8047703949711958e-08 1.8596015133405285e-08 1.2152247037051416e-08 1.4892357280213095e-08 1.0022118639835874e-08 9.977458467342272e-09 2.0312892774779094e-09 -1.8110601587466682e-09 7.3258621265042329e-09 -1.269224055495863e-08 -8.4898714912218673e-10 -6.3020188878781737e-09 1.5220189969881253e-09 -5.6062692706080855e-09 -2.3295909140113162e-09 -2.1290175024368394e-08 5.9012940528006992e-09 -1.2019058469565907e-09 1.4324788475340862e-08 -1.084950789675482e-08 -2.858400755493123e-09 -4.840959244606107e-09 1.6869515430164762e-08 -1.4362983401084765e-08 2.4632095038329979e-09 7.3707555228480116e-09 -1.3329360514280813e-09 6.8726976194223316e-09 2.1020728101651556e-09 -1.3047207068026282e-10 -3.4352897749213206e-09 1.7663703999893559e-08 -2.0022102274596277e-09 6.1193150744397555e-09 6.1139487466263178e-09 -6.8267439378272082e-10 -1.759229693234841e-08 -1.1753219225992369e-08 -1.966354293122288e-08 3.211665230462862e-08 2.2130155245493213e-08 1.776211211880524e-09 -1.1903562514996925e-08 1.5745653475246226e-09 1.1329007593228854e-09 -3.2301071185108293e-09 7.4391406337818108e-10 2.259160146928127e-09 -4.7461171207175061e-09 8.3640606590528697e-09 5.6583037938245063e-09 1.3603595976681776e-08 1.8952844923777477e-09 3.5794272534405877e-09 -9.2721154672514702e-09 1.9073914640838873e-09 4.988460858477958e-09 2.1972459403251618e-08 2.6187351713107249e-08 -2.1760049310781401e-08 -2.5918431058608876e-08 3.1699872170812351e-09 1.6707738247053424e-08 -1.1340586238213963e-08 5.2358556998945461e-09 -5.7206580416361369e-10 7.7188011803244328e-09 -4.259617738585065e-09 -1.158271320743167e-08 -8.4122028369097713e-09 -2.5119990312367145e-09 -3.4825538133086269e-08 8.8661027612202487e-09 -1.3721110255339079e-08 -8.3582970402996354e-09 2.3056769608638433e-09 1.9623487906583462e-08 1.1298150304938429e-09 1.4829788106622694e-08 -1.4024295883917593e-08 4.3924627451769572e-09 2.9934744052635826e-08 -2.4773624237406335e-08 -2.977057628851804e-08 5.8043593413271699e-09 -3.7378488028450264e-08 
-2.6896293846396394e-08 1.3233370505029801e-06 -2.8013895584602989e-07 -1.8670858892047824e-07 -2.2407640362658631e-08 -2.7249776262215758e-07 -1.3105458029268607e-08 -9.7060528122475888e-08 -1.6960730206669096e-07 -1.9836767273716936e-08 -2.1600502404022761e-08 8.903977223959691e-09 3.5311603201371464e-08 1.8934744161155378e-08 2.1973920832755383e-08 -1.2226702274734043e-08 -1.9846956087906785e-08 -1.5794752368506048e-08 -2.2749745425592359e-08 2.0832512429821656e-08 1.4166916888544208e-07 -4.3909529963528922e-08 9.6253654350047078e-09 -1.4932992763040888e-07 4.0320340406416277e-08 4.2328556966643976e-09 6.4984212318916609e-08 -2.0202315592947256e-07 3.5700309065054233e-08 -1.3054510647706546e-08 -6.0160567815474428e-08 4.2211953089176055e-09 -9.4665801425097197e-08 -1.3318612204540868e-08 -3.2870460984466707e-08 -3.3159321772881558e-08 -6.3888525414656385e-08 1.1331659670697777e-10 1.630825578501785e-09 -9.699104633515841e-08 1.1144631640995207e-08 1.250562884664321e-07 9.1532382390418792e-08 1.3182427966230124e-07 -1.9334836183259737e-07 -5.661976560687551e-08 3.4984026559657617e-08 3.7583098542345948e-07 -6.4586914755964555e-10 -7.4170963910269793e-09 1.293916635650049e-07 1.2940918337671e-08 4.345639299489252e-09 5.0476174915252905e-08 4.2680906316968245e-08 4.8771428156648987e-08 6.6801822598856714e-09 1.2084189217581307e-08 3.5276005299676706e-08 2.620167289481542e-09 -3.6950991864550507e-08 -1.2234719884205636e-08 -2.0158291104600673e-07 -3.5128330215084611e-07 1.5636201158112651e-07 -3.9062174419854133e-08 -1.0738346537087862e-08 -1.5229136322843901e-07 -1.7818481107273687e-07 -1.7414779284152181e-08 2.2388525453049919e-08 9.3438558327103026e-09 2.8122665611002307e-09 3.1521266687554292e-08 1.9706352408144157e-08 -1.268516672989098e-08 1.5448590738708385e-08 -4.3377976679126816e-08 -5.7140179574251022e-09 1.3422515343011559e-09 9.7207797509409725e-09 -1.8252945403110024e-08 3.0970884087584579e-08 1.3704205116201045e-07 1.7413799411788168e-07 -1.7787310610869698e-08 -2.3650244566964247e-07 1.176553543457317e-07 6.3630791406334905e-08 -6.765909499595748e-08 -4.4000323601916863e-08 
4.9509925290473244e-08 -2.8013895584602989e-07 1.4303239326597028e-06 1.7015595456115414e-07 4.2482837779749701e-08 4.0782073721347341e-07 5.3827196124782352e-08 1.2202769349529342e-07 1.5531265129833002e-07 4.3364076962421144e-08 3.6633241213338193e-08 1.6778090760178149e-09 -3.5651988061412572e-08 2.2758875735706837e-09 -3.8316067038157943e-08 1.9222467348676202e-09 3.7628152675022014e-09 3.7742738742798706e-08 -3.3571825909736426e-08 -2.2789691750168772e-08 -1.3535146450555547e-07 1.0029010436728454e-08 -1.2286977104807485e-08 1.4015824842836913e-07 -4.0494643104830083e-08 -6.7916841806679619e-09 -4.0215276550332898e-08 2.0290600124960132e-07 -7.4680148099616407e-08 5.66162796970589e-09 7.3986679111849046e-08 -8.6498363795097656e-09 8.0073803041952383e-08 3.7129960431815136e-08 1.1339882694755509e-08 1.1538885537056164e-08 7.5214981885754343e-08 1.4723102696999566e-09 1.1525875628154452e-09 1.1786477286104294e-07 -6.274354592195141e-08 -1.1761605776898068e-07 -1.2454672166922808e-07 -1.1147844965776278e-07 2.52991489933669e-07 6.6435254326296461e-08 -2.0250030122965016e-08 -2.2066250736077802e-07 5.8375642044867235e-09 1.2457811528374498e-08 -6.5222732696880735e-08 -9.2310865796124459e-09 6.3079793720968274e-09 -3.9616926536716114e-08 -2.967886329475072e-08 -1.2450116867450261e-08 4.8460401508230142e-08 -2.0791552114120065e-08 7.2010880990129413e-09 -9.7857374763872822e-09 3.1234382341489799e-08 1.1229756711128295e-08 2.0822906588792341e-07 3.6291991050783216e-07 -2.4901348042503642e-07 -6.3012416542527073e-08 4.3793253976294875e-10 1.3503856830030006e-07 5.9424084879614662e-08 3.6779779033112253e-08 -1.6200942497649365e-08 1.7267205161074781e-08 -9.891184555749098e-09 -6.4463786891756014e-08 -4.2918585622687647e-08 2.2968288328357758e-08 -8.0435961410524216e-08 -1.3138596997668707e-08 -7.203897882124603e-09 -5.9961182292533656e-09 -3.1607849960682932e-10 5.6403862911986751e-08 1.7852041668004156e-08 -5.0513601890888508e-08 -1.6806054050881588e-07 2.1572415288799873e-08 2.3158430758075114e-07 -1.2580159195836294e-07 -1.4607961347505711e-08 1.2916027445097303e-08 -6.8529309881628539e-08 
1.5976334392062945e-08 -1.8670858892047824e-07 1.7015595456115414e-07 1.1163660150081939e-06 1.360863661672021e-08 1.6145686188283739e-07 6.5756685991038423e-09 6.322735363107995e-08 1.0513277678669482e-07 1.3372778091559089e-08 1.2215915137198662e-08 -4.3342732448198041e-09 -1.8296900199415818e-08 -6.0958778080029902e-09 -1.354755724698585e-08 7.8719233758817175e-09 1.0701635731710775e-08 7.1435466433512591e-09 8.4196291933880389e-09 -1.3605519118080941e-08 -8.8031574333611292e-08 3.4670706879762193e-08 -6.6535137365245612e-09 9.2687426269069834e-08 -2.5962756541834083e-08 -1.7475969315429148e-09 -3.9733648897769761e-08 1.2029279018082328e-07 -2.2543326624885977e-08 9.5485038722526572e-09 4.061339960921817e-08 -3.1262869785776213e-09 6.0190249572404261e-08 6.8920199590667651e-09 2.2599240999343609e-08 2.2429878526067081e-08 3.7901225541513747e-08 -2.2242306896901099e-09 -5.935248180632236e-10 5.6855912673392922e-08 -3.7188904206717149e-09 -7.8026561835304198e-08 -5.9141978834688667e-08 -8.6153031522404034e-08 1.1431879404303731e-07 3.6271613047715624e-08 -1.6478707709663735e-08 -2.16084950965594e-07 1.8887753165560035e-10 1.8687068942214185e-09 -7.8240504044980566e-08 -7.1481576133513191e-09 -2.598958203449926e-09 -3.0326452971071441e-08 -2.9974945269023952e-08 -2.566361749689519e-08 -5.0377925616784376e-10 -5.7514845261431825e-09 -1.6507296277834187e-08 -1.6358156055000104e-09 1.8991039725058979e-08 8.0078871536705768e-09 1.1363301494671415e-07 1.9861929583415712e-07 -9.5682775792011925e-08 1.8723111211179307e-08 4.7202137682487712e-09 9.0622271528585332e-08 1.0007797251098546e-07 8.6280460595304725e-09 -1.4865463086777023e-08 -4.8981411156427221e-09 -3.7473180167233851e-09 -1.6349867798446828e-08 -8.6765820927218707e-09 3.8976314666087324e-09 -5.4686639893402645e-09 1.6115309983334615e-08 4.4847986045746343e-09 -6.1263773614853169e-09 -6.2107479803353584e-09 1.0931878150521766e-08 -1.4540209572194617e-08 -7.0075731113419103e-08 -9.5225550573045043e-08 1.4146256855217671e-08 1.2565585625814251e-07 -5.6801580630154767e-08 -6.4847335326337001e-08 3.6781723981966943e-08 1.8603132570645395e-08 
1.3822952668516291e-08 -2.2407640362658631e-08 4.2482837779749701e-08 1.360863661672021e-08 1.0121065465636926e-06 4.1043182560712006e-08 1.6223075651879359e-08 1.0624346657932224e-08 1.2668095001175014e-08 8.7662571231907577e-09 8.6493111178439337e-09 1.8720958749883377e-09 -1.6153512631471737e-09 6.6576941472419582e-09 -1.1142682307530209e-08 -7.2448717341755931e-10 -5.6735519442278596e-09 9.0371429263822728e-10 -5.1207250005552524e-09 -2.0278836882229827e-09 -1.8602232502520819e-08 5.5606556268019269e-09 -1.068653944249148e-09 1.2248165391617821e-08 -9.4255616133143078e-09 -2.4510220173813794e-09 -4.0559550236936578e-09 1.4153608305722349e-08 -1.2518575133503564e-08 2.2060955016480873e-09 6.5470341956320967e-09 -1.2118559805850112e-09 5.9147084252599254e-09 1.8098809820310766e-09 -6.9621179610006789e-11 -2.7787286259163204e-09 1.5410268706953057e-08 -1.9110464469869971e-09 5.4475361721078441e-09 4.7566917740125198e-09 4.8036753467314436e-11 -1.5389950453951328e-08 -1.0186555647427503e-08 -1.7459694448663807e-08 2.7506071914495493e-08 1.951542740804139e-08 1.8771648604090204e-09 -9.5609184125457731e-09 1.3769603308995606e-09 8.590273959533465e-10 -2.7553341533333285e-09 7.1736056297886071e-10 2.0435031125748749e-09 -4.2727394960993977e-09 7.3241445786430152e-09 5.1644058093758013e-09 1.2265015589323586e-08 1.7783318589204588e-09 3.4664411006467653e-09 -8.170148351872343e-09 1.4794202933197683e-09 4.3650339145802509e-09 1.8281591059615462e-08 2.1394701909116354e-08 -1.8400268651075732e-08 -2.3038029311314049e-08 2.6571565553054245e-09 1.4292285052675041e-08 -1.0752479412437416e-08 4.5197606958180626e-09 -8.2321938176637338e-10 6.660028878342293e-09 -3.752542215729436e-09 -1.0092988838776188e-08 -7.2007155148713076e-09 -2.3188688817107384e-09 -3.023335190759485e-08 7.3559477048006714e-09 -1.2138201742370349e-08 -7.6321666556832299e-09 2.0349723318718968e-09 1.7039742327358768e-08 1.1230308634757564e-09 1.3906844043237685e-08 -1.1170960521712045e-08 3.8354441245043581e-09 2.5041677318425489e-08 -2.0794585624490722e-08 -2.8339456946574456e-08 4.8774493609555338e-09 -3.4021267011162928e-08 
4.8047703949711958e-08 -2.7249776262215758e-07 4.0782073721347341e-07 1.6145686188283739e-07 4.1043182560712006e-08 1.38954471712629e-06 5.3165422552895484e-08 1.1235911909223173e-07 1.4779226099058883e-07 4.1218624598385723e-08 3.6029071198781319e-08 6.7942950282686498e-10 -3.2303828084698683e-08 1.3742910532365088e-10 -3.6755625712660962e-08 1.2852941134022844e-09 4.1085560497881554e-09 3.9752654156312136e-08 -2.8312226205028773e-08 -2.1172043892704318e-08 -1.2698107972286219e-07 5.1415427043934884e-09 -1.1064234412829073e-08 1.33084954838253e-07 -3.9850989921386092e-08 -7.5327699955295485e-09 -3.9784578373378893e-08 1.94148155652806e-07 -7.1009364473987588e-08 5.1094878731221288e-09 6.6628660413826713e-08 -7.4555789406414602e-09 7.4724626032395684e-08 3.4290150643507136e-08 9.5425348728386383e-09 6.8765834412591797e-09 7.2210061416068969e-08 3.0323160596465411e-09 1.2085101007552728e-09 1.1471995772375764e-07 -6.4836936846909737e-08 -1.0966222144083105e-07 -1.1567596362703423e-07 -1.0107514209664304e-07 2.419842973097145e-07 6.270091059027826e-08 -2.2056357982892079e-08 -2.1234477247211714e-07 5.5271338960446855e-09 1.3071515932252077e-08 -6.0363218029213034e-08 -8.9415696445779527e-09 5.239030869013378e-09 -3.5233608974154392e-08 -2.4525974407802992e-08 -1.2976276573201021e-08 4.1389278505896956e-08 -1.9618661553831337e-08 2.5512336351863152e-09 -1.0110868295283891e-08 3.0792960899939833e-08 1.1213110400857472e-08 2.0421007845496481e-07 3.516052851209156e-07 -2.3659136518105621e-07 -5.7481911838953662e-08 2.7209699611022663e-09 1.2931260413611537e-07 6.1797651224652182e-08 3.4641902836686005e-08 -1.044889964706846e-08 1.8282296838940616e-08 -9.6422334472008576e-09 -6.0530214104144351e-08 -4.2271639530636631e-08 2.1915182922874699e-08 -8.3825514099839809e-08 -3.5870403978667531e-09 -8.2820222276457374e-09 -2.8868726928947688e-09 1.6104467921141666e-11 5.7048584734633988e-08 1.4120392938010587e-08 -5.4035501628234415e-08 -1.6778046429273816e-07 2.0742724158771301e-08 2.2917334204936726e-07 -1.2974779902237151e-07 8.3557389725335852e-09 1.5859965653665599e-08 -5.2851220206841209e-08 
1.8596015133405285e-08 -1.3105458029268607e-08 5.3827196124782352e-08 6.5756685991038423e-09 1.6223075651879359e-08 5.3165422552895484e-08 1.0275219196607195e-06 9.0659228600700465e-09 6.7229233894920058e-09 1.234533000365597e-08 1.1926219450292215e-08 3.1140875951391372e-09 -2.9567356832814206e-09 5.9621586494486684e-09 -1.4548619191062844e-08 -3.2841600539640922e-09 -7.9089175256996629e-09 8.9237816730812442e-09 -1.2347431777116649e-08 -1.4895424376199409e-09 -1.4559043221479441e-08 -9.4772049176983285e-09 -7.7135632180520635e-10 7.5798244849944864e-09 -9.9970845422864314e-09 -5.1644066106278925e-09 -3.2286092313428942e-10 1.0856364866221061e-08 -1.8556838363464342e-08 1.1682449625769526e-09 4.2188271753946805e-09 -1.4324035506098946e-09 6.0735745550681066e-10 5.0215224816023487e-09 -5.8300279591497505e-09 -9.7066595627870579e-09 1.870281141216364e-08 2.5335361594918565e-10 5.7058208184381312e-09 7.1416206766614185e-09 -1.5686467820525795e-08 -7.5346962887539966e-09 -1.0984204957665856e-08 -4.6647710862642728e-09 3.2166164492941045e-08 1.9852141823067583e-08 2.5286624765969042e-09 3.2199813711571276e-08 2.0740825882166161e-09 2.5844687517251504e-09 1.2115735968771306e-08 1.8089238101028188e-09 2.9519892994797498e-09 -1.7705755564316526e-09 1.427326937391881e-08 9.358632371631768e-09 1.5348576041408163e-08 2.1713435280757623e-09 5.9337256707707564e-09 -1.0945537700774799e-08 5.2937653142603977e-10 4.3327163896204504e-09 1.9216016015545185e-08 1.8952197048845796e-08 -2.4096011488463658e-08 -3.6759392361225503e-08 4.0343760098442019e-09 6.8522461802655963e-09 -3.1020659884944108e-08 5.621022509121204e-09 3.3167538810616885e-09 1.1159525193006093e-08 -6.4469436478521949e-09 -1.2719259559809802e-08 -1.1843550133161036e-08 1.3602362371301869e-09 -4.9388165213847028e-08 1.0163547048397695e-08 -1.7660101639681531e-08 -4.1863524517370504e-09 4.1474823751328073e-09 3.1423070995728819e-08 5.9628645913063302e-09 2.9192025846070131e-08 -5.3975961774941527e-09 6.0339494920903254e-09 2.5774531194637071e-08 -3.0309923980793085e-08 -1.6970177120365479e-08 -7.7765601537235175e-10 -3.7820695860935283e-08 
1.2152247037051416e-08 -9.7060528122475888e-08 1.2202769349529342e-07 6.322735363107995e-08 1.0624346657932224e-08 1.1235911909223173e-07 9.0659228600700465e-09 1.0455018273992201e-06 5.6936989262444121e-08 1.0997325226501826e-08 8.3902265787115611e-09 4.0864384330293688e-10 -1.7984573175588472e-08 -7.438041690623329e-10 -1.0416894422322744e-08 3.5716318365581672e-09 3.1567932185128265e-09 1.2008839480619368e-09 -8.521691435737446e-09 -8.6731583373388403e-09 -5.5278768680438541e-08 1.568165436883915e-08 -4.9928423837629746e-09 5.1518102757688591e-08 -1.146331994804593e-08 -5.426218805118991e-10 -1.5675003850627925e-08 7.0004026333968995e-08 -1.9352819881133541e-08 3.7839029176859063e-09 3.0085037891085949e-08 -3.8491132929354118e-09 3.2873397244888697e-08 1.2552528809326319e-08 9.0528939817253049e-09 1.7492831506847293e-08 2.4119799467766691e-08 -2.6264941325782029e-09 6.5240100875273015e-11 3.1691177759231705e-08 -1.3593523805264691e-09 -4.7612249665089238e-08 -4.2513189978137e-08 -5.2872622527432922e-08 7.6882363096451264e-08 2.2081199482531014e-08 -5.3145905604727924e-09 -1.0429518012696584e-07 1.234731024515735e-09 1.7710231614826387e-09 -3.9373577936199179e-08 -3.6512153210913874e-09 2.1786500338365212e-09 -2.14370413913861e-08 -1.6981328864041078e-08 -9.2590979421603852e-09 1.5546376411036068e-08 -6.1751183366544396e-09 1.4603724412654663e-09 -1.2650118015901066e-09 1.0790918395639106e-08 3.0664162529016275e-09 6.1835030119802342e-08 1.1226395428728401e-07 -6.7895107676093497e-08 -7.1404716456759634e-09 -1.7489801455614983e-09 5.021958382154456e-08 3.3990145485707815e-08 1.0710058290952457e-08 -1.6935173290871737e-08 -2.4107603132229091e-09 -1.4975971628539599e-09 -1.9895744969059322e-08 -8.8492551016588948e-09 8.1636094291357289e-09 -7.6305280464866843e-09 -6.2124269305055054e-09 -3.5206628713420265e-10 -5.256929648847205e-09 -2.2848085092798701e-09 7.5327062450024843e-09 1.4137198481654796e-09 -2.3409657215649717e-08 -4.5954218312992464e-08 6.4839316101675776e-09 6.9327837760185258e-08 -2.7342535607395325e-08 -5.6038613673305651e-08 9.2242490301292915e-09 -2.7515334866377171e-08 
1.4892357280213095e-08 -1.6960730206669096e-07 1.5531265129833002e-07 1.0513277678669482e-07 1.2668095001175014e-08 1.4779226099058883e-07 6.7229233894920058e-09 5.6936989262444121e-08 1.0950669943190494e-06 1.2356252229821088e-08 1.141781498813939e-08 -3.9422749351223698e-09 -1.6356616029486814e-08 -5.6247331461507978e-09 -1.2527145335853633e-08 6.9392945144141099e-09 9.5511465096061504e-09 7.1666208351319973e-09 7.5866665325354189e-09 -1.2272104368697182e-08 -7.9496451971739591e-08 3.0527080071886189e-08 -5.9543650338554036e-09 8.3834944875506891e-08 -2.3775601484528001e-08 -1.7753518580743553e-09 -3.5990218203763553e-08 1.0915571241936848e-07 -2.081813995334793e-08 8.53890895097553e-09 3.6324741628255001e-08 -2.7604102059031282e-09 5.4093425587274498e-08 6.3277455673377028e-09 2.003129617341567e-08 1.9501068669058073e-08 3.4602391298756035e-08 -1.7656945479055726e-09 -4.2808076918983718e-10 5.201358051260557e-08 -4.4775378718710247e-09 -7.0351594532808145e-08 -5.342852470855643e-08 -7.7161833169465554e-08 1.0436608242781648e-07 3.2961252270591267e-08 -1.5179342690050286e-08 -1.9452849619173182e-07 2.127841691899107e-10 1.9260532345290054e-09 -7.0116677383094762e-08 -6.4491648568593249e-09 -2.3430483469202779e-09 -2.7021329035421171e-08 -2.6301013218516768e-08 -2.3039251623858446e-08 -5.6180371492472891e-10 -5.252670346279947e-09 -1.5197908199968407e-08 -1.7153890072607899e-09 1.7309358720807318e-08 7.3464627291562119e-09 1.0395612235168537e-07 1.8098668792186837e-07 -8.7453370887677891e-08 1.6279216333657229e-08 4.5376741162230593e-09 8.211808374602426e-08 9.0315704074228883e-08 7.9863749908294108e-09 -1.2675255134040669e-08 -3.8839234003360411e-09 -3.4950378135569684e-09 -1.5079532665118871e-08 -8.3456487138618973e-09 3.6313112740713702e-09 -6.9963220451762321e-09 1.5560702416282088e-08 3.5253724485530909e-09 -5.1798631758034973e-09 -5.4640749321870833e-09 1.0826685057433131e-08 -1.3187497826633678e-08 -6.3437262976901996e-08 -8.7333924194216921e-08 1.2848758841348774e-08 1.151819699026844e-07 -5.3169908719721423e-08 -5.5283272988396294e-08 3.3363300262974854e-08 1.7692151028890536e-08 
1.0022118639835874e-08 -1.9836767273716936e-08 4.3364076962421144e-08 1.3372778091559089e-08 8.7662571231907577e-09 4.1218624598385723e-08 1.234533000365597e-08 1.0997325226501826e-08 1.2356252229821088e-08 1.0077036873588271e-06 6.5473619810848703e-09 1.4725894337892953e-09 -1.4907904953119053e-10 5.6074696496744095e-09 -7.900314931495609e-09 -9.7183763496439539e-10 -3.7835648797319521e-09 3.961063994774334e-09 -6.5919144514631216e-09 -2.0937654300144637e-09 -1.4249520409560957e-08 2.6876037044484653e-09 -1.1432691609066873e-09 1.169394129522707e-08 -7.574317437296271e-09 -1.6857739466507696e-09 -3.1856530914775737e-09 1.465667120871694e-08 -1.157234925206196e-08 1.2261056401324796e-09 6.5270016705263678e-09 -9.5875706065386729e-10 5.6650906118599929e-09 2.4061698161409086e-09 -3.1764189476829711e-10 -3.3353500770559575e-09 1.0690986764335662e-08 -7.7462029833270048e-10 3.1003442504227259e-09 9.2352449413459065e-09 -6.257249859523258e-09 -1.1646329352864674e-08 -1.1290602677388096e-08 -1.1873967784018125e-08 2.5614242239400182e-08 1.3517265493899098e-08 1.1033284260021999e-09 -2.2406366482195591e-09 1.1229940983603679e-09 8.8020409417617377e-10 3.1903591667895327e-10 3.5100590353639062e-10 1.5222544580734362e-09 -1.8575534504885464e-09 3.8848223880103729e-09 4.7954233690511294e-09 1.004092696587883e-08 6.148362168661945e-12 4.0732481635668084e-09 -4.9730993475317802e-09 9.0871634997285071e-10 2.9621041086340049e-09 1.7302129093532412e-08 2.2509264502487253e-08 -2.2722282003921823e-08 -1.9924125461536249e-08 1.0812725195983242e-09 1.1172285258461664e-08 -9.9331610913229552e-09 3.9226861305824569e-09 1.0800291416705189e-09 6.4154162524271036e-09 -3.2064099032949353e-09 -7.7542905782573983e-09 -6.1111121197124769e-09 -1.394413192815623e-09 -2.3423789991166453e-08 1.357009775644048e-09 -7.8544287767347162e-09 -5.1080607712904143e-09 1.5783255209712868e-09 1.3541791256566491e-08 4.3107445168261723e-09 1.1819774078769707e-08 -1.2079954795420311e-08 3.7724723775007649e-09 2.0018676766115547e-08 -1.5804504900363299e-08 -1.1950190673239057e-08 -3.8499812264285328e-11 -2.2732046069850092e-08 
9.977458467342272e-09 -2.1600502404022761e-08 3.6633241213338193e-08 1.2215915137198662e-08 8.6493111178439337e-09 3.6029071198781319e-08 1.1926219450292215e-08 8.3902265787115611e-09 1.141781498813939e-08 6.5473619810848703e-09 1.0066408488247229e-06 9.5709204440371896e-10 -8.5199248972802012e-10 3.8234757048183469e-09 -7.7923641928584781e-09 -6.1942759083369313e-10 -3.2688517082638409e-09 3.090884568146497e-09 -3.4001201734042339e-09 -1.6359675869381203e-09 -1.3745029392078791e-08 2.0131285015786304e-09 -7.7204317439409964e-10 1.0656608427749995e-08 -7.1753159446803563e-09 -1.9929888281259612e-09 -3.7986017923755697e-09 1.3681705811456872e-08 -9.5741799263174275e-09 1.4023979133115419e-09 4.6591751193139503e-09 -7.2183861526384786e-10 5.0064113123989831e-09 1.7483630106260648e-09 -2.7081805194437519e-10 -3.0359053583799954e-09 1.122826617202682e-08 -6.2940589189549533e-10 3.330763790342875e-09 6.8847417260452611e-09 -3.9119099411846584e-09 -1.1226779620358926e-08 -8.5891593522048205e-09 -1.1506727358576357e-08 2.3563887864424372e-08 1.3066747743009596e-08 -4.3493706438576819e-11 -1.0090897098344306e-08 9.9631423887108925e-10 1.1643606737765282e-09 -2.019698868460878e-09 1.8643621118264339e-10 1.1573382015669906e-09 -2.2755228550059334e-09 4.7471934428198042e-09 3.0099114992777163e-09 7.2825455712981038e-09 6.1533607900584717e-10 1.2378975310980239e-09 -5.4781873353718407e-09 1.8144466915836499e-09 3.1222612700293202e-09 1.8027870141260468e-08 2.3151673022401318e-08 -1.7992547883777897e-08 -1.5359580083926795e-08 2.298850070774815e-09 1.2045245723465897e-08 -4.1310960777246216e-09 3.5498148447700034e-09 1.1605908394435972e-09 5.5141338238672446e-09 -2.7723104403247782e-09 -7.4712602792191697e-09 -5.8611902964992399e-09 -9.8320946199581687e-10 -2.2970945427548668e-08 6.005766011730838e-09 -7.6746077722765884e-09 -3.9118944259258595e-09 1.3496998098761874e-09 1.3099112178175771e-08 7.6033750121784748e-10 5.9797438504000897e-09 -1.3697934261306246e-08 3.1804498511644028e-09 2.2792992517570567e-08 -1.844292106315165e-08 -7.9249418553012387e-09 3.8075495158790723e-09 -1.8089691674079096e-08 
2.0312892774779094e-09 8.903977223959691e-09 1.6778090760178149e-09 -4.3342732448198041e-09 1.8720958749883377e-09 6.7942950282686498e-10 3.1140875951391372e-09 4.0864384330293688e-10 -3.9422749351223698e-09 1.4725894337892953e-09 9.5709204440371896e-10 1.0016938183704315e-06 -3.0675834511416417e-09 5.2997187330418902e-10 -1.823763742545996e-09 -8.2946592844783383e-11 -2.013183635153081e-09 -1.0315763759645203e-09 -4.7890938454943679e-09 1.3899618795668578e-10 -7.7704357245519646e-10 -1.8066192034237476e-09 -1.1008625751196745e-10 -2.9611295551025463e-09 4.7441398221424604e-11 -4.0197513792090924e-10 2.495578077772429e-09 -3.9486869248349239e-09 -2.3998112454695121e-09 4.1024509957682856e-10 5.8694131825884864e-10 -1.2975287527734338e-09 -2.2597397824493514e-09 2.7476443581804473e-09 -2.4909311619040134e-09 7.5496534845938334e-10 1.4107753049489121e-09 -1.7737473302981942e-09 6.6994874519451787e-10 -3.6150506429537964e-09 3.2216312377354801e-10 -8.0806544810258667e-11 -6.89804991337512e-10 -7.9373438241861395e-10 -3.6157878771774013e-10 3.4726582037091901e-09 2.2877454201329188e-09 1.2316722514246581e-08 2.3121989544850844e-10 -8.1513352986732526e-10 3.841220918153259e-09 8.4960699216865669e-10 1.3787116100861507e-09 -1.7237529102027307e-09 3.0986697044178992e-09 2.5621508276194136e-09 4.7092182171951066e-09 8.6242713324716804e-10 3.611598424178099e-09 -1.34315338826297e-09 -1.963737301994957e-09 6.3461573508349267e-10 -4.6251770309845018e-09 -9.0056035400297752e-09 5.0715142829998648e-10 -8.5055497991397791e-09 -8.6342877956127171e-10 -2.3218089369454111e-09 -1.1578418359259059e-08 7.6972788814707903e-10 -3.0696020875150616e-09 1.2320357267502975e-10 -1.4177513602452064e-09 -2.1055340965889085e-09 -2.0406376224033255e-10 2.0163170266208652e-09 -7.7920538625724366e-09 -1.6491882603443897e-09 -4.5011149728427906e-09 -3.7987667064145307e-10 5.2552656887293443e-10 2.0770488676485419e-09 3.2230225744515299e-09 1.0625538400626194e-08 6.8518314388476879e-09 1.4450234637942518e-09 -3.8109720500061993e-09 1.5883516289425414e-09 -1.4748705637667248e-08 -3.966598640985769e-09 -1.6514531541679818e-08 
-1.8110601587466682e-09 3.5311603201371464e-08 -3.5651988061412572e-08 -1.8296900199415818e-08 -1.6153512631471737e-09 -3.2303828084698683e-08 -2.9567356832814206e-09 -1.7984573175588472e-08 -1.6356616029486814e-08 -1.4907904953119053e-10 -8.5199248972802012e-10 -3.0675834511416417e-09 1.0437373390399218e-06 2.7512324665878205e-08 2.9989402883165508e-09 -5.8079596085374074e-09 -7.2184285596198713e-09 1.0320831591224578e-09 7.5660994369757211e-09 2.8809380340741477e-09 2.9870919113546931e-08 1.8370379050086104e-08 2.0050123002120703e-09 -1.5976816638621674e-08 -4.2178046634285864e-09 3.3068614155246026e-09 1.9037812932871491e-09 -2.990284220660147e-08 5.4128533451119058e-09 -4.447788224463773e-09 -1.2611117603847646e-08 7.9264112278160687e-09 -1.0561648541577505e-08 -2.3575351089581603e-08 5.735387538069665e-09 -2.6698399963142735e-08 -1.392507539080064e-08 5.938655670464032e-09 6.7068481744929739e-09 1.1670918537764308e-09 3.864308374696458e-09 1.9208921859510128e-08 1.9156389341741912e-08 2.0606096672882351e-08 -2.3530490234202734e-08 -9.411215911032447e-09 5.8251658110369832e-09 5.8236029653543695e-08 7.1008644978954714e-10 1.8894082053700667e-09 2.4635415371895859e-08 9.3626770657497766e-10 -3.1475157559552647e-09 3.0951307725332523e-08 7.0464422135554961e-09 2.0166625222022093e-08 6.1046248289561487e-10 -8.1864785267070181e-11 4.826983374123426e-09 -1.6404737108693776e-09 -2.8432099247794796e-09 -9.4786571673754416e-10 -1.9438801148538238e-08 -5.0783546618078851e-08 1.3549973497458567e-08 -1.093491717724941e-08 1.5684724598390346e-09 -1.8390697611188778e-08 -2.2369957545250829e-08 -2.4672813267830703e-09 3.2086348320354477e-08 2.0266136803962442e-08 4.2954476946632162e-09 9.0258666127054972e-09 -2.2429181724505092e-09 -3.2418092646315033e-08 6.5220715784948841e-09 -1.0973989922675146e-08 7.5115339281413379e-09 -1.9363000937627981e-08 4.3138338760753672e-09 2.0067055547699789e-10 2.4282588877095219e-09 2.0596608534974412e-08 -3.3262657852968065e-09 -1.1005002214253378e-08 -3.391331647115707e-08 1.0905090978591201e-08 8.6325122702203025e-08 -3.057243882511068e-09 2.279935609426218e-08 
7.3258621265042329e-09 1.8934744161155378e-08 2.2758875735706837e-09 -6.0958778080029902e-09 6.6576941472419582e-09 1.3742910532365088e-10 5.9621586494486684e-09 -7.438041690623329e-10 -5.6247331461507978e-09 5.6074696496744095e-09 3.8234757048183469e-09 5.2997187330418902e-10 2.7512324665878205e-08 1.031649312093203e-06 -5.4189242152623809e-09 -4.3749250079899579e-09 -1.1335504994460902e-08 -8.8285640417124526e-09 -1.8619739522735412e-09 6.1928725046963328e-11 4.8788123771659182e-09 2.7573574484719259e-08 -2.0306468452283487e-10 -4.424248267741748e-09 -6.6499656382587302e-09 3.0830793117358361e-09 2.108276185253659e-09 -1.5837336075113194e-08 -4.2209187436611081e-09 -2.8294804066348725e-09 7.9138244509615411e-10 4.0845234966003342e-09 -2.8770747750195667e-09 -1.3357067691758495e-08 5.4021220936521897e-09 -1.4555271001219162e-08 -5.1956595391315154e-10 6.4396954256435236e-10 1.0014280378170986e-08 -3.0058859443714009e-09 1.8412228295635962e-08 -3.4910151154721899e-09 4.6596965251179614e-09 -9.0091007262875571e-09 3.8429236701793674e-10 1.118952137186774e-08 9.6165784001364292e-09 3.1379118947566663e-08 2.0376072687833873e-09 1.5143845216494531e-09 1.1344488651194917e-08 1.0745695286878731e-09 1.5270106623472076e-09 1.5510146605481853e-08 7.9146126502902029e-09 2.2868739513574668e-08 2.0734879521644573e-08 -1.0057688341773269e-09 1.3833270127199102e-08 -5.9739713073109864e-09 -9.8084393404831976e-10 8.4295402827849532e-10 -1.1323701129000168e-08 -3.4595672119446458e-08 -7.6556081429924299e-10 -3.0251110122263925e-08 -1.2363697202850255e-09 -3.1740749526906129e-09 -3.31096369915629e-08 4.6732354910268685e-09 1.3429211183031971e-08 1.8077824951511651e-08 3.6718074731738772e-09 -6.2064517672237362e-09 -6.6320362974827548e-09 -2.5412821383002788e-08 -6.8310797542007349e-09 -1.5772454227273207e-08 -3.109973465546961e-09 -2.768376956540115e-08 4.9168608781966769e-09 3.6630493535041487e-09 6.0112946475278091e-09 3.3893940595175489e-08 -2.1953704079374984e-09 -1.0117430095209395e-08 -1.5715027986559785e-08 6.109497706251679e-09 1.3839968808989768e-08 -4.2490827581058013e-09 -3.8069194480511895e-08 
-1.269224055495863e-08 2.1973920832755383e-08 -3.8316067038157943e-08 -1.354755724698585e-08 -1.1142682307530209e-08 -3.6755625712660962e-08 -1.4548619191062844e-08 -1.0416894422322744e-08 -1.2527145335853633e-08 -7.900314931495609e-09 -7.7923641928584781e-09 -1.823763742545996e-09 2.9989402883165508e-09 -5.4189242152623809e-09 1.0104324017793851e-06 2.5094361693529739e-10 5.0132307881772398e-09 -9.3739981681945032e-12 4.4591745869933498e-09 2.0035280301337283e-09 1.8766665126989798e-08 -6.0142152042496669e-09 1.0833530341577599e-09 -1.2116593697981452e-08 8.7316276791714636e-09 2.221619183976436e-09 4.1326449571775676e-09 -1.3879638008602008e-08 1.1367591115338688e-08 -2.3926986463960607e-09 -6.7108747636295586e-09 1.4042387631113389e-09 -6.2743713666828827e-09 -1.8855729714750664e-09 -3.5966046336845881e-10 1.1564679455926467e-09 -1.4811540454942659e-08 2.3139921602440467e-09 -4.9134648574656376e-09 -3.6241807656873819e-09 -1.4348758956996392e-09 1.5491348970242196e-08 9.7892292465645885e-09 1.7941102393918242e-08 -2.5060567461234301e-08 -1.9098565012149574e-08 -1.8048708788883629e-09 1.2721133059273296e-08 -1.1892620241223414e-09 -4.834807945474469e-10 4.5452159324303286e-09 -6.4619287585755417e-10 -1.9310514039228523e-09 5.5921000767406028e-09 -6.2793709016910528e-09 -3.7601224853738532e-09 -1.1249453589024706e-08 -1.8835265747439079e-09 -2.9481148236935393e-09 7.5437817612171418e-09 -1.3652016194427563e-09 -4.1920195651146255e-09 -1.6646836725802489e-08 -2.0443287592613461e-08 1.5607591020752683e-08 2.0177279149772844e-08 -2.4132106099208593e-09 -1.3909139802513349e-08 8.4522807821266092e-09 -3.9618743120659668e-09 2.557914696247004e-09 -4.916816857323742e-09 3.5739689779015104e-09 9.1791551161916259e-09 6.1575886169526605e-09 1.631498946437047e-09 2.710121730175186e-08 -7.6800641318589181e-09 1.1820854294854728e-08 7.1475175456228578e-09 -1.58263425041779e-09 -1.5154736010151443e-08 -5.5670296720478708e-10 -1.232815229590084e-08 8.8948519026782424e-09 -3.9241600328288809e-09 -2.3763496013845784e-08 1.8871287484830998e-08 3.5726564333138772e-08 -5.2539286865267199e-09 3.2891251228477189e-08 
-8.4898714912218673e-10 -1.2226702274734043e-08 1.9222467348676202e-09 7.8719233758817175e-09 -7.2448717341755931e-10 1.2852941134022844e-09 -3.2841600539640922e-09 3.5716318365581672e-09 6.9392945144141099e-09 -9.7183763496439539e-10 -6.1942759083369313e-10 -8.2946592844783383e-11 -5.8079596085374074e-09 -4.3749250079899579e-09 2.5094361693529739e-10 1.0022679881853694e-06 2.2017656807213707e-09 -2.0284977013115332e-09 2.2734834062855636e-09 -7.7790080954727264e-10 -7.6176005189606017e-09 3.4709436216766757e-09 -4.1418920060441544e-10 5.9496981110935153e-09 -4.4560265525334358e-10 1.3742600544193972e-10 -3.1740937749531643e-09 7.4548635146964145e-09 1.1064534147645491e-09 1.8884395493239287e-09 2.8659548697559536e-09 -1.2951525357599139e-09 4.8116612126730769e-09 1.649641598761015e-09 1.8907256901119909e-09 6.2957009281687056e-09 2.0850539699815167e-09 -2.1461598733746847e-09 -1.1074551218374291e-09 -3.9279426714061399e-10 3.8628051496149933e-09 -6.7584776904383034e-09 -3.0752357773395531e-09 -9.1083189497196432e-09 2.8243535622173501e-09 2.6459131779926358e-09 -1.3933482679065834e-09 -2.7783047329196863e-08 -5.0446412630935805e-10 -1.3260061965512657e-09 -1.046060132515876e-08 -5.1897155291437877e-10 -2.8930357338825887e-10 -5.954555648949699e-09 -3.8450617717088098e-09 -5.3744156358572232e-09 -3.0054770766492267e-09 7.0602680816411704e-10 -2.9554910650870382e-09 7.1511797553400245e-10 5.7841963869872041e-10 8.7730047406967886e-10 4.6095576084597565e-09 1.0785230688465436e-08 -4.0946984055668682e-11 7.8741150377273423e-09 1.1646348542640183e-10 7.1050835439855747e-09 1.3750937440440053e-08 -8.8987967266761396e-10 -5.8409533318154657e-09 -4.7440182601314026e-09 -5.85413235344e-10 7.7362086475589837e-10 2.6943937355311765e-09 2.9450653824805589e-09 4.3225076380539216e-09 3.0552873430606541e-09 4.6791532159842242e-10 1.7643104179273938e-09 -1.7994164332272199e-09 -3.7778306165028121e-09 -3.1537908626081789e-09 -1.0004139204336292e-08 -2.9720379170923173e-09 2.4401664898392107e-09 6.369128357776211e-09 4.3987195225224107e-10 -2.0355485299319558e-08 4.4960294810420532e-09 1.406441277727008e-09 
-6.3020188878781737e-09 -1.9846956087906785e-08 3.7628152675022014e-09 1.0701635731710775e-08 -5.6735519442278596e-09 4.1085560497881554e-09 -7.9089175256996629e-09 3.1567932185128265e-09 9.5511465096061504e-09 -3.7835648797319521e-09 -3.2688517082638409e-09 -2.013183635153081e-09 -7.2184285596198713e-09 -1.1335504994460902e-08 5.0132307881772398e-09 2.2017656807213707e-09 1.0075760502431222e-06 5.2794285396949233e-09 4.5029361780872413e-09 -7.2981417008436451e-10 -2.4256152285432959e-09 -6.5270951669639689e-09 -2.3550644067481209e-10 7.496127224884065e-09 2.9909124345268694e-09 1.7163237613051392e-11 -3.7853304679909607e-09 1.3493786475963468e-08 3.9298269812415915e-09 4.2902606803439308e-10 1.630957784970606e-09 -4.7574732645757001e-10 5.8569802172553898e-09 2.785916215237723e-09 1.8050451836391634e-09 5.7772389636708804e-09 -2.2456026110828622e-09 1.366682936573176e-09 -5.7284107495117032e-09 7.6701726128150003e-09 -9.3053849525372217e-09 -6.0031963715718548e-10 -4.2555259226615406e-09 1.7789100687594101e-09 2.793785287474178e-09 -7.9304979106951248e-09 -6.0998717518673343e-09 -2.9290696380623095e-08 -1.0262901751789748e-09 1.6847640666965423e-10 -9.8896728190725957e-09 -1.7798146251057891e-09 -2.0615877353095075e-09 -4.527284188448844e-09 -9.9792663946416664e-09 -1.1208056906811515e-08 -1.2079315482145308e-08 -1.899749599792003e-09 -7.8175482052136292e-09 5.219645062251712e-09 2.7246051635245997e-09 -1.5413001860567929e-09 1.052478834793443e-08 2.7354331183670102e-08 -5.431611094073229e-09 2.1598363510046381e-08 2.4175958882332191e-10 4.9202177160961045e-09 2.7055154035906431e-08 -2.2227478796962221e-09 -3.0677358508097154e-09 -7.2336145452122828e-09 5.6406346731358275e-10 4.4125285544193297e-09 3.3865229025900118e-09 7.5515741799449518e-09 1.5972185388008437e-08 2.4553124767725255e-09 8.5972894224297852e-09 9.7545740544702852e-09 -3.0849582094749059e-09 -6.155878883189575e-09 -3.6820675460680523e-09 -2.580161040360702e-08 -8.7919366914267973e-09 2.5644572761063504e-09 9.5345752175974264e-09 -5.404325700425346e-10 9.9247550430643239e-09 3.5746379277477473e-09 3.3212509081222214e-08 
