DESCRIPTOR_NAME ACE
DESCRIPTORS_FILTERING_TYPE element
NUMBER_OF_DIMENSION 91
NAME_OF_YAML_INPUT BoreAndVacancies.yaml
FILTER_VALUE B
NUMBER_OF_CLUSTER 5
WEIGHT 0.014504890388170546
ESPERANCE -0.00086772238105394233 0.0062952473295730636 -0.0062021534146806338 -0.0019329196900926091 -0.000668792668760181 -0.0047781020012733098 -0.0010630481320019177 -0.003222524714793435 -0.0014897720915806824 -0.00096145718635821432 -0.00041024419883276106 -6.3011727756275948e-05 -0.0014441041425520208 -0.00018299088366887422 0.000597401684297718 0.000242183658257293 0.00056852273591581279 0.00066668067840011246 0.0012530142177125531 0.00062555107713256164 0.001829423000168393 0.0002140272349342649 0.00082306092096630639 -0.00079792547308320813 0.0004721879708397512 0.0001189234358984148 0.00014763884175319298 -0.0012354489444211469 0.00060726897002951537 8.0547484676704261e-05 -0.0010476888492833671 4.083525662197682e-05 -0.0009143685664867318 0.00026668019440015362 -0.00073147005731437158 -0.00079903290045694737 -0.0004395151654892083 -0.00016411801748823557 -0.00040163998354448649 -0.0017075405834882122 -0.00046363299165982761 0.0010347573703274856 0.0012432661086484013 0.0013904577368750574 -0.0026081723156836521 0.0010182222423003673 -0.0011892498133293582 0.00038658334914373716 -1.5679121512580544e-07 -3.8667912414395862e-05 0.00046706302616247207 -8.4669232517644501e-05 -0.00018773104682732046 -0.00092590704752710878 0.0011441719869620481 -0.00022156106911138605 -0.00045342883182471238 -0.00016402002143134831 -0.00050506060928351252 0.0004240843854605815 0.00018783075375965289 -0.00024287293247274842 -0.0025685120688439243 -0.0018281243922134136 0.0016742442109562072 0.00094431688884122214 0.00032551842954505768 -0.0020216756408367354 0.00014545301076687806 -0.00023697907620687044 -0.00067826110745806923 3.6661263789376817e-05 0.00016456444900546456 0.00047955515272721607 0.0006216736419775165 0.0017884944786452064 -0.0026257985458142817 0.0024206969709274604 -0.0019799018573324187 0.00050963216021208729 -0.00027448223404906598 -0.0011092604321035751 -0.0027929356993866184 -0.0010812292477014715 0.0024011664438243663 8.0936284238521147e-05 0.0038041225983733301 -0.0030551573354876357 -0.0054517320265911728 0.0033085601739247851 0.0024097134856339263
COVARIANCE_MATRIX
1.0225728650351901e-06 -5.9041398133148438e-08 7.7973591845444475e-08 3.0363893356555173e-08 1.8157092675715281e-08 6.5395845228993536e-08 2.9082202429648668e-08 3.8929874604979808e-08 2.5026688928009581e-08 1.9793571518586403e-08 6.300740805575341e-09 1.7211291695776654e-09 4.8213203788347028e-10 5.4697693241741123e-10 -1.7142631373183944e-08 -5.7094922807417255e-09 -2.397392077385696e-09 1.4154948303601379e-08 -1.283575588923599e-08 -1.3058879388593194e-08 -3.3693556338799912e-08 -8.6177026647096372e-09 -1.9125688183877918e-09 1.7902697864214042e-08 -1.2276456430095038e-08 -5.7001999421415747e-09 1.3009371213856581e-09 2.8434127205826289e-08 -1.9887013489107604e-08 1.0056770073548022e-09 3.4537068532394716e-09 -1.2722542637664073e-09 4.8789583564866248e-09 -1.9441928352827614e-09 1.8027635321528797e-09 -1.2856922805464068e-08 1.3701215429531761e-08 3.997101106972284e-09 2.4107575991590813e-09 2.0137744134101392e-08 -9.477820042409834e-09 -1.7774420452107451e-08 -2.3197545491054848e-08 -1.9584376113890541e-08 5.190436708109383e-08 7.9367043990544187e-09 -1.5528050084948399e-08 -2.1205330076722983e-08 -4.1065919531977126e-10 -1.118978120221384e-09 5.6387389238793969e-09 3.457685139405637e-09 4.4245197456113195e-09 4.6831419976600138e-09 -9.300804118854446e-09 -5.7466907780634876e-11 5.9657364585039376e-09 6.0562602243285022e-10 7.9789075215872668e-09 -1.2336385845108079e-08 -9.3197212867506583e-09 7.1266657990560588e-09 4.6509913190725356e-08 3.5042741956342978e-08 -4.2362261267868299e-08 -2.6336070364951472e-08 5.8497884042618246e-09 2.3474171625503858e-08 -6.0152050559954113e-09 -5.3111448011965937e-10 -6.4547193025296445e-09 1.6104206129728403e-09 -5.1536653412495766e-09 -6.0348432819204627e-09 -7.9895854603033767e-09 2.0745517531390154e-09 -3.6455752020246671e-09 -1.029561567668266e-08 8.0019551911127401e-09 3.5883887405179243e-09 6.090337031548155e-09 2.9565196541607805e-08 1.7122237980045868e-08 9.140741831935125e-09 -4.8536675966668382e-08 8.3511362745743194e-09 5.5297390626113924e-08 -4.6112784129690725e-08 5.2010346984344742e-08 5.2577261310715725e-09 -1.2205184809962836e-08 
-5.9041398133148438e-08 1.4580264510215745e-06 -3.1163919630980759e-07 -2.5078356869509848e-07 -4.8745571123702178e-08 -2.6414748025973949e-07 -1.2193633715767544e-07 -2.0072896390895264e-07 -2.0048862066496402e-07 -7.6446813881301286e-08 -1.016191755611295e-08 -7.9407284587985184e-09 -1.3111913638051514e-07 -1.1415757606295339e-07 4.8289115765946493e-08 3.3420334647894513e-08 1.1854921151897302e-08 -1.663831208514135e-08 -6.5776444486538983e-08 1.0143869178230436e-07 2.0007423540468783e-07 -7.7578567821064836e-08 2.0066715337046889e-08 -1.3193542881292106e-07 1.0950824807056435e-07 2.6118696784165715e-08 5.0958320325911876e-08 -1.4574193381239629e-07 7.7943154092063933e-08 9.1976901057115261e-09 -3.044090556463667e-08 6.7554357155273603e-09 -7.8669714796098736e-08 7.3882175329126522e-08 -6.4901203346028565e-08 6.7204642977675706e-08 -4.2059325884586048e-08 -2.5866589157867414e-08 -1.5579023785739202e-08 -7.7982968167439694e-08 4.0123634086913487e-09 1.3326922727926793e-07 1.196103915490869e-07 1.9031004957189913e-07 -2.3886676124643431e-07 -8.3409334368332446e-08 4.2283900447322816e-08 4.9203390679672795e-07 -3.8514020896022156e-09 -5.1244614479059343e-09 3.1539311759047954e-08 -8.0741514051521279e-09 -2.2229774588862028e-08 -8.4597385583687208e-08 5.0002200699380306e-08 -5.3645560649586597e-08 -1.5262088385184586e-08 -1.5847672506630281e-09 -2.0666192026074218e-08 3.999742772463362e-08 2.7804779383742323e-08 -1.8245329342483944e-09 -2.7099186961103006e-07 -1.6434233274607024e-07 1.7827060791329588e-07 8.856630970374844e-08 3.5248017531477095e-09 -1.7783436850013641e-07 -4.5048348135010103e-08 -5.6826998678835718e-09 -3.9489164732408131e-08 -6.2893856551477345e-08 1.2782809990479001e-08 3.072528480208751e-08 3.6195453078213477e-08 1.2558370421181311e-07 -7.0192077911273745e-09 3.347828878430981e-08 -3.5540007655844249e-08 1.1349839561068347e-07 -4.037141071733242e-08 -1.174471272102647e-07 -6.0235806300985014e-08 -7.5755566941013298e-08 3.2130959811429765e-07 -2.4340813783506286e-08 -3.0260498662470321e-07 2.1471001928635914e-07 -2.2777451042532514e-07 -1.1860676206542228e-07 3.8296704264359052e-07 
7.7973591845444475e-08 -3.1163919630980759e-07 1.4081210425181949e-06 1.7054991671211276e-07 6.35071509379005e-08 3.39973637047569e-07 1.1339183455397176e-07 1.8506542777275831e-07 1.3886862818927891e-07 9.0518814838154472e-08 2.1165830679448793e-08 2.4181796137262395e-09 5.1805474998603437e-09 2.6888135989180096e-08 -5.8640685729843634e-08 -3.2906080295201824e-08 -1.3466324890682147e-08 5.5557323667149546e-08 -2.7008204208196174e-08 -7.2862981901224983e-08 -1.6142010311923577e-07 -9.7734866426770673e-09 -1.6598135811802403e-08 1.0066890441508505e-07 -5.7645623975411975e-08 -2.188130482429681e-08 -4.6669691741235064e-09 1.4842366210745986e-07 -8.8955964457722451e-08 -1.3560131766198197e-09 3.2972145956512706e-08 -2.8474984917499263e-09 4.5953260699374278e-08 -1.7277037918901081e-08 2.4718682840304758e-08 -5.247252756319146e-08 4.8446578786392073e-08 2.5296291035828687e-08 1.5540705926320014e-08 9.0904692514141786e-08 -3.214242686662574e-08 -9.1373852848273348e-08 -1.1899011904497596e-07 -1.1599265743431686e-07 2.4234662093239297e-07 5.2938649741710375e-08 -4.5599634180822847e-08 -2.325267357312335e-07 2.8839019300474612e-09 1.4133425562007531e-09 1.5823658077680985e-08 6.9019691676855943e-09 1.8170201573787994e-08 1.6474973447363215e-08 -6.8765023678037842e-08 4.2374334560828713e-09 3.2669021171593817e-08 -4.9970141519080893e-09 3.6720420116534881e-08 -5.2416096889948681e-08 -2.8184552299768547e-08 2.4178743472719733e-08 2.0722690664941816e-07 1.8384951421188265e-07 -2.0963086403069083e-07 -1.2197373737790126e-07 8.6641644529845696e-09 1.0548124240485547e-07 -2.2370071453709758e-08 6.5319272636245656e-10 -3.9424644663404003e-08 1.0034221888983953e-08 -1.1148079162302531e-08 -2.3153153876724497e-08 -3.7839772470970568e-08 -1.281111419630573e-08 1.8824688237419075e-08 -7.0304915564943053e-08 6.1155662555090998e-08 -2.9890283100479653e-08 4.0534479252026151e-08 1.1452260569843701e-07 1.0178253012892478e-07 3.9306627750532567e-08 -2.236354623268813e-07 2.7026353797349045e-08 2.6844358522971493e-07 -2.0009774450789818e-07 1.4642209792179604e-07 -1.3476262971483783e-08 -2.529591930405463e-07 
3.0363893356555173e-08 -2.5078356869509848e-07 1.7054991671211276e-07 1.1475940640888977e-06 2.5012765112654302e-08 1.4297630117912725e-07 6.5138456929461135e-08 1.0792456681630921e-07 1.1733125105919093e-07 4.1739632163409732e-08 5.3279326317949465e-09 5.3504954464636663e-09 7.5636531496857268e-08 6.6625147082557873e-08 -2.3148648398235549e-08 -1.6084963684561036e-08 -2.9755659988766067e-09 1.1550293101729921e-08 4.2225290996734151e-08 -5.8651548719224473e-08 -1.0956256262404263e-07 4.6207115040834802e-08 -1.3685738695813515e-08 7.6921564320122271e-08 -6.5473314116834968e-08 -1.6515993843096184e-08 -3.2944761155247251e-08 8.1732481063148984e-08 -4.2924383275689896e-08 -2.5580747486639907e-09 2.0176583314188381e-08 -4.1362377845371698e-09 4.9831798961627387e-08 -4.3976033575145804e-08 4.0133579291363805e-08 -3.6370454520871741e-08 2.1551190956222552e-08 1.2085617106386988e-08 5.6971917134832164e-09 3.9464645041370081e-08 -4.5840601824806166e-09 -7.3325417221259981e-08 -6.7074986431723706e-08 -1.0798360647797107e-07 1.2298724523464203e-07 5.6258219888750002e-08 -1.8761711493100654e-08 -2.762372253657739e-07 -2.5860476451696653e-10 5.0343083347843289e-10 -2.1497487258002203e-08 6.2528385052911919e-09 1.2136336170653816e-08 4.8431053039089531e-08 -2.9532984517000094e-08 3.1445222910065519e-08 5.5481045510713218e-09 3.8653785512811573e-09 1.1195066328530131e-08 -2.193364079909048e-08 -1.661231030416473e-08 2.3416573948099921e-09 1.4265536954641597e-07 9.0052166580594682e-08 -9.5642618543208326e-08 -4.6372977470894676e-08 -8.8028119962857518e-10 9.6076507068325058e-08 2.7871648460244941e-08 -1.4259833425120143e-10 2.5339228518403943e-08 3.5795450016477526e-08 -1.0403712184980974e-08 -1.4836906268160226e-08 -1.578472280926874e-08 -7.2390826080731776e-08 1.6642737655200238e-09 -1.3144125556437225e-08 1.7140892282521877e-08 -6.8220501586777272e-08 1.9322713052596469e-08 6.0718173834206295e-08 2.9042593033719713e-08 3.9159967254575442e-08 -1.635174684781196e-07 1.9013902434266443e-08 1.6296392445199914e-07 -1.1429218220900211e-07 7.4463868277604244e-08 7.5121081917081385e-08 -2.0957288971792788e-07 
1.8157092675715281e-08 -4.8745571123702178e-08 6.35071509379005e-08 2.5012765112654302e-08 1.0146386595925924e-06 5.3392283304847462e-08 2.3605715577934056e-08 3.1638577220682606e-08 2.0654797181044763e-08 1.6067671656568268e-08 4.977795964744584e-09 1.3100560580328722e-09 3.6186023106571579e-10 6.941566546462164e-10 -1.3823092817949917e-08 -4.7401642297770776e-09 -1.9742069432092283e-09 1.1375059691711662e-08 -1.0095010271199079e-08 -1.0701421176962632e-08 -2.7629254529821461e-08 -6.7600579701795848e-09 -1.45343079859277e-09 1.4756065851560776e-08 -1.0134877308025885e-08 -4.6210226584108315e-09 9.6061399392906081e-10 2.3305634575572089e-08 -1.6184522249735004e-08 7.5251674475828178e-10 2.7645133186197006e-09 -9.7902733435455086e-10 4.0216171290598805e-09 -1.6530907865951148e-09 1.4562163771313717e-09 -1.0530738992603718e-08 1.1101412923095616e-08 3.376197441963796e-09 2.0622971916165147e-09 1.6426211997309624e-08 -7.556970280867084e-09 -1.4692737517620962e-08 -1.8915864421345659e-08 -1.6250227682501532e-08 4.243796409777623e-08 6.5263184736782607e-09 -1.2663211062779832e-08 -1.9390898533296267e-08 -2.3348089413893431e-10 -8.1702266724399016e-10 4.4998657361525019e-09 2.719038010832567e-09 3.5730031360440177e-09 3.7688589073926813e-09 -7.6358510065415149e-09 4.34622238382929e-11 4.8092152410441637e-09 3.871790886697246e-10 6.4305901236280484e-09 -1.001673516849563e-08 -7.527067880417032e-09 5.626479216753927e-09 3.8209538302185477e-08 2.8662781013120136e-08 -3.4649836211737527e-08 -2.1411723012908952e-08 4.5646529273332495e-09 1.9410582496562911e-08 -4.7386923251812727e-09 -4.3106034849300815e-10 -5.506585658595048e-09 1.2987758587437967e-09 -4.0581412735510813e-09 -4.8576344401093498e-09 -6.6068515524176155e-09 1.4591311020361097e-09 -2.8620403150909866e-09 -8.3422185203389399e-09 6.5732700848029629e-09 2.4676792794095949e-09 5.1994755696374929e-09 2.4095006031814349e-08 1.4164753447148837e-08 7.644247024930297e-09 -4.0244877055930927e-08 6.6959913061870361e-09 4.5572099801236153e-08 -3.7754174929021856e-08 4.2706106791451161e-08 3.8801409226428451e-09 -1.2552423168810071e-08 
6.5395845228993536e-08 -2.6414748025973949e-07 3.39973637047569e-07 1.4297630117912725e-07 5.3392283304847462e-08 1.2840794923220566e-06 9.5783252275711308e-08 1.5491505387741299e-07 1.1670701847934189e-07 7.5678366239694868e-08 1.7283136063440535e-08 1.8430542210157227e-09 4.2161261486783234e-09 2.2644887607472474e-08 -4.954066347212585e-08 -2.789065549347549e-08 -1.1427161151224419e-08 4.6019965929595866e-08 -2.2198827198773649e-08 -6.0943683447854464e-08 -1.3641574195647202e-07 -7.9874697588356809e-09 -1.2802224952960907e-08 8.4444449546170933e-08 -4.8850587120850938e-08 -1.8344474122812529e-08 -3.9830635144388309e-09 1.244765918419385e-07 -7.4641712707726655e-08 -1.3408375345716373e-09 2.6335853487595937e-08 -2.2788880438511483e-09 3.7495107310329456e-08 -1.44249434614938e-08 1.988355612046066e-08 -4.4672614904095607e-08 4.1025695242822077e-08 2.1588713872723592e-08 1.338057123403448e-08 7.6633093560873509e-08 -2.6472344399817267e-08 -7.7719106485946954e-08 -9.9379731054861607e-08 -9.8052314171709418e-08 2.0465022287186015e-07 4.3577661241558275e-08 -4.0092416062147111e-08 -2.0123344065041095e-07 2.718878312558318e-09 1.4161139657487738e-09 1.3110514420079773e-08 5.7025293548886841e-09 1.5117622200130028e-08 1.3739946953696142e-08 -5.6558539333824101e-08 3.6568587985155625e-09 2.6870991294802661e-08 -4.3923088400160108e-09 3.0313001802286068e-08 -4.3949335175803253e-08 -2.3884397159411407e-08 1.9637784786558359e-08 1.7658173132417541e-07 1.5395446996517264e-07 -1.7606420413634799e-07 -1.020704760462905e-07 7.0703733959578137e-09 9.0609690950659847e-08 -1.7707141159821855e-08 3.7096193031254843e-10 -3.4011997569891062e-08 8.2953549433200292e-09 -9.2217929434167185e-09 -1.9262933415307342e-08 -3.214150079772623e-08 -1.0950740911160539e-08 1.4526471657954962e-08 -5.7778730991119172e-08 5.0442596962682313e-08 -2.5052110720232403e-08 3.4647289441364347e-08 9.7344821817779621e-08 8.5493024752276077e-08 3.448173077567963e-08 -1.9278161377919398e-07 2.263383527129967e-08 2.2802199800696059e-07 -1.700347010888933e-07 1.327246057124525e-07 -1.1553270839045011e-08 -2.1779165387882988e-07 
2.9082202429648668e-08 -1.2193633715767544e-07 1.1339183455397176e-07 6.5138456929461135e-08 2.3605715577934056e-08 9.5783252275711308e-08 1.0455131328560322e-06 6.4630495717979245e-08 5.2860036714644215e-08 2.8624541266113478e-08 7.2188367858905364e-09 3.1438316378779676e-09 2.1786372973143693e-08 1.7538859791369671e-08 -2.2787929584476678e-08 -1.0064678198031316e-08 -3.7825740236232945e-09 1.52198571299919e-08 3.0644084295934653e-10 -2.7303563536195262e-08 -5.9384889868879376e-08 5.6430136687833649e-09 -4.3922754651429215e-09 3.551633247360466e-08 -2.8150849437281874e-08 -9.2243899514987005e-09 -7.1172683145349394e-09 4.6272833349431825e-08 -2.9646043392511531e-08 -2.6004109363714201e-10 6.6749069214001719e-09 -2.4247136089049028e-09 1.6191755214280759e-08 -1.356259337825787e-08 1.1664395585774323e-08 -2.234028662845927e-08 1.8854185169737631e-08 7.5326578423708516e-09 4.5271715865856342e-09 2.8969214106703548e-08 -9.4075575165184297e-09 -3.6412171564230067e-08 -3.8251594127801523e-08 -4.6934887337234452e-08 8.1470043463001971e-08 2.0734907713570135e-08 -2.0891973426773756e-08 -9.393746620815648e-08 3.2878576359920248e-10 -4.4235332796316646e-10 4.3634927208399067e-10 4.8190188824303498e-09 7.4176664034802675e-09 1.793469106170898e-08 -1.4656917045021366e-08 8.4059626991213959e-09 7.1703207565848593e-09 1.3429678776612881e-09 1.020065491788189e-08 -1.6942501459555586e-08 -1.3267253245110679e-08 6.4113936136197927e-09 8.3226493928967551e-08 5.488580246475855e-08 -6.3998790581934474e-08 -3.6503913293534076e-08 5.1413672551867979e-09 4.827727899104337e-08 2.0178233877356472e-09 1.6699426600113042e-10 1.4988723069959887e-09 1.1525399297261561e-08 -7.2794009296732861e-09 -1.021928285145446e-08 -1.2869089503700389e-08 -1.8223901331161255e-08 -3.8020325955455534e-09 -1.2730576275440861e-08 1.1430380827471723e-08 -1.3494181829684107e-08 1.1498089571207277e-08 4.5528914808929841e-08 2.302037345110206e-08 2.0264883956761098e-08 -9.3281137672705249e-08 1.1900206829980796e-08 9.4086517572362935e-08 -7.3360696026444527e-08 8.3694247658724531e-08 2.5697438137058602e-08 -6.4560063930937418e-08 
3.8929874604979808e-08 -2.0072896390895264e-07 1.8506542777275831e-07 1.0792456681630921e-07 3.1638577220682606e-08 1.5491505387741299e-07 6.4630495717979245e-08 1.1118881488228375e-06 8.6783268662148243e-08 4.4473302995072582e-08 1.0095353624419704e-08 3.5877784456800713e-09 3.907099785249518e-08 3.5049996282757066e-08 -3.0628376504125531e-08 -1.7819119773804276e-08 -8.634988349980063e-09 1.8696769588421279e-08 2.0803618417482545e-09 -4.6491224108747041e-08 -9.9210271727249442e-08 1.5660716846505758e-08 -1.181417584254043e-08 5.9193369852583231e-08 -4.1943241577943631e-08 -1.1986764282587004e-08 -1.2158946666110219e-08 7.6842239712502239e-08 -4.5368169428527399e-08 -3.7318521015416214e-09 1.7277062705668879e-08 -3.2447920285662918e-09 3.2114876965749916e-08 -2.3581881503146353e-08 2.4528658386049514e-08 -2.9178710661478051e-08 2.5698355895537442e-08 1.4330233313610279e-08 1.0287488755483527e-08 4.7481252054113535e-08 -8.8909817613391953e-09 -5.7765337227772976e-08 -6.1714589781214184e-08 -7.8628650654903147e-08 1.2931940154935568e-07 2.9764217540947782e-08 -2.2958043458040858e-08 -1.7166620301549543e-07 2.9020545573719818e-09 2.285315788178443e-09 -1.7828531377569817e-09 4.5127764432007328e-09 1.1453179756361843e-08 3.0570773527791729e-08 -2.9904967977149498e-08 1.5926626620736079e-08 1.3757231055521452e-08 -8.3348262182347788e-10 1.6015972930971719e-08 -2.5092914030966007e-08 -1.5563809465886592e-08 7.6911735190658314e-09 1.2921748693912917e-07 8.9577419969792473e-08 -9.9860415448706921e-08 -5.6170414846012245e-08 2.2839030085546726e-09 7.4579072491523193e-08 1.2097766426186028e-09 3.5321827872652076e-09 5.1004984712189721e-09 2.1153479808522649e-08 -6.3365801046607484e-09 -1.6820601974258316e-08 -2.1314404531008526e-08 -3.7154013897171002e-08 6.5873895302726752e-09 -2.6240037686613987e-08 2.3628780947598316e-08 -3.4165989202709102e-08 2.1132847588562229e-08 6.3556241308612104e-08 4.2805955983786637e-08 2.9852348037758148e-08 -1.4058422905921514e-07 1.2917574610811661e-08 1.4881409192011051e-07 -1.102299275773186e-07 1.0709683236489059e-07 3.2546123005722887e-08 -1.4690580156537797e-07 
2.5026688928009581e-08 -2.0048862066496402e-07 1.3886862818927891e-07 1.1733125105919093e-07 2.0654797181044763e-08 1.1670701847934189e-07 5.2860036714644215e-08 8.6783268662148243e-08 1.0934842321380839e-06 3.3936695940667298e-08 4.3742465840751611e-09 4.106861890792444e-09 5.8325185403614777e-08 5.1872600978347951e-08 -1.915991520062429e-08 -1.3148894633923405e-08 -2.6068905844454059e-09 9.8822104811278145e-09 3.2136403482262229e-08 -4.665699687807158e-08 -8.8059701822170158e-08 3.5479961966080445e-08 -1.0495776907194544e-08 6.1397694761342257e-08 -5.1972272317085432e-08 -1.322153609533688e-08 -2.5508294788175695e-08 6.6020165655335807e-08 -3.498460864600041e-08 -2.0488264217469757e-09 1.5750545350548702e-08 -3.2091822900954797e-09 3.8986399384578323e-08 -3.4254782356361863e-08 3.1090852932846089e-08 -2.9375569689690727e-08 1.7793029101295478e-08 9.9943206089987586e-09 4.8869232670773114e-09 3.2411780378440175e-08 -4.0485932518501431e-09 -5.8773459917220953e-08 -5.3947785759877296e-08 -8.583001270523304e-08 1.0012710737032724e-07 4.4255882586150556e-08 -1.6049320939660814e-08 -2.1928206111725956e-07 1.1541214923592695e-11 5.0638196550000538e-10 -1.6219971722320379e-08 4.9556165176617115e-09 9.7127800670818926e-09 3.7727244895408543e-08 -2.375612342781373e-08 2.4438742398476352e-08 4.7651092748643073e-09 2.8169669267591682e-09 9.2617664555275927e-09 -1.8007713059007021e-08 -1.3555664996228359e-08 2.0622476361486423e-09 1.1523862343124848e-07 7.3005051838863338e-08 -7.8099612493075335e-08 -3.8201193597513258e-08 -5.8520179954689286e-10 7.697698896905577e-08 2.1222873547826857e-08 -1.348938379482927e-10 1.8377557060823261e-08 2.7698394486053168e-08 -8.2173156558842773e-09 -1.1904445602423532e-08 -1.3175320129415178e-08 -5.6145303240594869e-08 1.1112512524397908e-09 -1.1022070570123863e-08 1.4078871490892591e-08 -5.3175536001892268e-08 1.603038752314072e-08 4.9689133923268376e-08 2.4506188500058346e-08 3.1674937553020672e-08 -1.3229629892605941e-07 1.5228998419207766e-08 1.3205608974429606e-07 -9.2978695121886897e-08 6.3263695655673218e-08 5.7526508152483677e-08 -1.6772823829867247e-07 
1.9793571518586403e-08 -7.6446813881301286e-08 9.0518814838154472e-08 4.1739632163409732e-08 1.6067671656568268e-08 7.5678366239694868e-08 2.8624541266113478e-08 4.4473302995072582e-08 3.3936695940667298e-08 1.0214800860374791e-06 5.1064881498616752e-09 1.2243101188207089e-09 4.652238511443971e-09 7.1714696164174086e-09 -1.4950607652406719e-08 -7.1493111888471337e-09 -2.8364349967333709e-09 1.2661437786763435e-08 -6.2293030560841017e-09 -1.7650276142921538e-08 -4.0090342249508146e-08 -1.9654518352273718e-09 -3.5359140084209494e-09 2.4271546338135197e-08 -1.5900084363617762e-08 -5.9164819949335804e-09 -2.1944489388565136e-09 3.4735842287941628e-08 -2.1345063427204949e-08 1.7499123412072839e-10 6.6858722592145009e-09 -1.0401833037997342e-09 1.0414287091857314e-08 -5.2415251367458169e-09 5.9571556953499628e-09 -1.3004362876351442e-08 1.2431543749194522e-08 5.268982788578957e-09 3.1671654818935658e-09 2.1640297887786729e-08 -7.6721181322904018e-09 -2.2732513882364153e-08 -2.765774215771765e-08 -2.8403020439759312e-08 5.7450029602680917e-08 1.2436713436142911e-08 -1.3049038444307247e-08 -5.3061552577298182e-08 5.7000731749578869e-11 -2.9463528358864564e-10 2.2390660940013609e-09 2.4893631562518769e-09 4.511147099182875e-09 6.4138482347770147e-09 -1.3817924358315496e-08 2.2031580724957474e-09 6.4716882847535714e-09 -9.9901551417627654e-11 8.1006570228416719e-09 -1.2443208977231767e-08 -7.950520786112462e-09 5.8197051217796635e-09 5.2312985486659317e-08 4.1887058443426554e-08 -4.8020359526315239e-08 -2.7867416854566588e-08 3.0378126132550596e-09 2.8396462884986823e-08 -3.1604786333080067e-09 -4.3306502227590554e-10 -6.5054589491650895e-09 3.5176909806880533e-09 -3.8558755208745711e-09 -5.5777951846491884e-09 -8.1510838541575991e-09 -4.5124629127345419e-09 5.9395827332854163e-10 -1.2820122211708622e-08 1.1200942912766248e-08 -6.158041885338369e-09 8.4021426151864542e-09 2.8498580278158107e-08 2.094327077284033e-08 1.0844338189863211e-08 -5.5451401784908014e-08 7.659730589771636e-09 6.5282470364987357e-08 -5.0159859259385581e-08 4.0706577806537701e-08 4.6285278539936715e-09 -4.8012522815154261e-08 
6.300740805575341e-09 -1.016191755611295e-08 2.1165830679448793e-08 5.3279326317949465e-09 4.977795964744584e-09 1.7283136063440535e-08 7.2188367858905364e-09 1.0095353624419704e-08 4.3742465840751611e-09 5.1064881498616752e-09 1.0023735156431145e-06 5.4474303701311059e-10 -1.8585631035785825e-09 -1.9563544908105068e-09 -4.6110594457871731e-09 -1.3740844169982905e-09 -7.2314144320417546e-10 4.6210119688454509e-09 -5.6497751062518439e-09 -2.7552166083181651e-09 -7.04648706370961e-09 -3.9693852429392386e-09 -1.0340963357549161e-09 3.2974879998822535e-09 -1.3987706170681952e-09 -1.1986385628193044e-09 1.4308741562771173e-09 6.5861457431201547e-09 -5.2090779353233027e-09 4.2509548499087838e-10 1.3826599678675153e-09 -3.9802821106118883e-10 9.9461111663797296e-10 6.0001232477063294e-10 2.654606309848206e-10 -2.6140210386912515e-09 3.5593082055990313e-09 9.5549549656698939e-10 6.647579664662823e-10 5.1553691013400209e-09 -3.2361495916355948e-09 -3.0110881747087952e-09 -5.51468361389141e-09 -2.9861773961628883e-09 1.2164165097794269e-08 1.426670834975443e-09 -3.2062278917488798e-09 4.7981978914792948e-09 -1.1275668154629232e-10 -4.3544794691103395e-10 2.7036633215263435e-09 9.9908153282461605e-10 1.1985304041577968e-09 3.0299566064140318e-10 -2.976977563256022e-09 -9.8781497269804472e-10 2.2087969579727224e-09 1.800992604388564e-10 2.7236018660207118e-09 -3.3943644623853667e-09 -2.4144655063955389e-09 2.5995356062002685e-09 9.3549539563891475e-09 8.6291397469754221e-09 -1.0509200929917547e-08 -7.2824899359441551e-09 1.9890949754814722e-09 3.3705144506436933e-09 -3.5307617266015677e-09 9.9810338807109815e-11 -2.1322736165507008e-09 -2.9288699626211472e-10 -1.4906784419919416e-09 -1.8205246527529299e-09 -2.3260396785610964e-09 2.5507489632097553e-09 -4.7028764597319782e-11 -3.826679287368869e-09 2.806107980206849e-09 2.9545867681078791e-09 1.2988410322538997e-09 7.340439100809259e-09 4.9071486626626123e-09 9.9441072920099298e-10 -8.0560863012073881e-09 2.0882684695383289e-09 1.0953701968740684e-08 -9.9159375295550467e-09 9.0590357262222078e-09 -7.2981290012103046e-10 4.8082403213993821e-09 
1.7211291695776654e-09 -7.9407284587985184e-09 2.4181796137262395e-09 5.3504954464636663e-09 1.3100560580328722e-09 1.8430542210157227e-09 3.1438316378779676e-09 3.5877784456800713e-09 4.106861890792444e-09 1.2243101188207089e-09 5.4474303701311059e-10 1.0010421815681512e-06 3.8411769073723031e-09 1.3500570412015961e-09 -1.2181147776292644e-09 2.8100455100722279e-10 6.6413916328855519e-10 1.1284656989938541e-09 1.4585893841552247e-09 -2.2602592426912653e-09 -3.5399171763363506e-09 1.5989364905889627e-09 -4.3791125129861455e-10 2.316881112150841e-09 -3.0725636286986603e-09 -1.1796558690730025e-09 -2.076599798125184e-09 1.9251043848614451e-09 -1.6750090317171416e-09 8.8139011068002256e-10 6.8477003788571571e-11 -6.4429018713544167e-10 1.8237801214691278e-09 -1.8013455008581966e-09 1.7748935146593795e-09 -1.2813236471672751e-09 1.1608883475468501e-09 -5.3510590748692615e-10 -7.3524196049956475e-10 8.1571218415688477e-10 -1.2595015688321209e-09 -2.5864970938222533e-09 -1.8650645874118401e-09 -3.997963303555087e-09 2.7062443502711185e-09 2.9989243424730915e-09 -1.7210569490563738e-09 -4.5218747325180652e-09 -9.8040259498455563e-10 -1.081921859632904e-09 -1.6606537411353027e-09 1.4301672509204173e-09 3.1557169104837704e-10 2.360487260219074e-09 5.0183342778552996e-10 8.5822346637933152e-10 -9.958410605300864e-10 1.6723030918025937e-09 2.0477259267378085e-10 -7.2618396135336667e-10 -1.7188785996555028e-09 7.5634673717146782e-10 4.7632209366212572e-09 1.7436682002918065e-09 -1.7560758557128556e-09 -7.2108540672109582e-10 1.3262670413002138e-09 3.8652205456265606e-09 2.4190168582167436e-09 -1.3167137170130925e-09 2.4935778990742477e-09 1.5718172104055417e-09 -2.2836940946252993e-09 9.019063433736302e-11 8.8896419664463583e-10 -2.3404674753655591e-09 -2.8204158128792009e-09 2.1103602912994346e-09 -1.4285744816151629e-09 -4.1702075116578116e-10 -1.0041609281247377e-09 2.6390942007043889e-09 -1.4040536976873114e-09 1.2991111437143584e-09 -4.4596315149739344e-09 3.0876031099041446e-09 3.718333505365628e-09 -3.6718318685736114e-09 1.549291887174371e-09 7.6516510145604261e-09 4.4193228763561565e-09 
4.8213203788347028e-10 -1.3111913638051514e-07 5.1805474998603437e-09 7.5636531496857268e-08 3.6186023106571579e-10 4.2161261486783234e-09 2.1786372973143693e-08 3.907099785249518e-08 5.8325185403614777e-08 4.652238511443971e-09 -1.8585631035785825e-09 3.8411769073723031e-09 1.0922947902021017e-06 6.7838747442319333e-08 -2.2608986128860172e-09 -5.8781685638499306e-09 -3.658018432167906e-09 -1.7823102161292662e-08 5.8991676272302364e-08 -2.9199968913767424e-08 -4.3203496910360134e-08 5.9116696107970147e-08 -9.4002210888219585e-09 3.3910736899075122e-08 -4.0194726894367725e-08 -4.6923889479303633e-09 -2.8087486487405593e-08 1.758783687974881e-08 -5.4315140557229302e-09 -7.7523778641327987e-09 7.8444197447289185e-09 -3.0278732878112302e-09 3.0965322087956857e-08 -4.3249874647610911e-08 3.3187764985729302e-08 -1.9267655215172915e-08 2.0634058540862018e-09 5.0201071917841037e-09 4.2132645137445739e-09 3.1203211874834469e-09 1.4705691671553056e-08 -3.5732961259058023e-08 -1.9796697019664275e-08 -6.1599871431082904e-08 3.1145403231524331e-08 2.9061946094080745e-08 4.1942890003949784e-09 -1.7453848859626818e-07 3.4061770718220554e-09 5.0529791979907649e-09 -2.2847711068456595e-08 -4.066956546373426e-10 7.7093356719580305e-09 5.3158742434438087e-08 -1.9255482960760447e-09 3.7871812640933132e-08 2.5551776846404457e-10 4.455102151684858e-10 -1.5276097943214053e-09 5.1978961536717985e-10 -1.4776432228408726e-09 -1.0682267312338451e-08 6.4364032933858156e-08 1.36322429517398e-08 -1.0354748525254913e-08 3.5127060314846371e-10 -7.8879247090969833e-09 5.3961964452159077e-08 3.1248649783115406e-08 1.0728393644190571e-08 5.6565787083775397e-08 4.2209006045324422e-08 1.804649216349173e-09 -1.4495542660768883e-08 -9.8361181099224458e-09 -8.2496427470758386e-08 4.9387580703673599e-09 3.1794816826848809e-09 -1.2450277033606734e-09 -6.4141307106095066e-08 7.0271830454306769e-09 1.6326627945877627e-08 -1.2996917465881911e-08 2.3053610955066286e-08 -8.3329853207922423e-08 -5.8462108357390448e-09 5.0213861838616796e-08 -3.0536488714202392e-08 5.9013818654329924e-08 8.784835719881223e-08 -8.6486895648430179e-08 
5.4697693241741123e-10 -1.1415757606295339e-07 2.6888135989180096e-08 6.6625147082557873e-08 6.941566546462164e-10 2.2644887607472474e-08 1.7538859791369671e-08 3.5049996282757066e-08 5.1872600978347951e-08 7.1714696164174086e-09 -1.9563544908105068e-09 1.3500570412015961e-09 6.7838747442319333e-08 1.0569150776425227e-06 -1.5849432188104952e-09 -6.7532614866635373e-09 -3.5222520571064395e-09 -1.2195729365450751e-08 4.6320830157276496e-08 -2.5146007472622571e-08 -3.9585006861044191e-08 4.5602082663673945e-08 -8.0358954729860792e-09 3.1913287772645076e-08 -3.2598829744320145e-08 -3.6865718115770778e-09 -2.1419891725829376e-08 2.1565068510437231e-08 -6.8986661372796899e-09 -7.2550827135437691e-09 9.3256870253657894e-09 -1.3686307050210379e-09 2.6987181355440512e-08 -3.378821510213026e-08 2.6469676020866863e-08 -1.7018919290348577e-08 1.696746380807547e-09 6.015868002204146e-09 4.6117972348834125e-09 5.7633859586714723e-09 1.1623897949273411e-08 -3.126850835103044e-08 -2.0982837666934477e-08 -5.262466609787599e-08 3.3987057306328566e-08 2.5605171759190692e-08 4.1524473395131217e-09 -1.5737107698384025e-07 3.8678139781993288e-09 5.5211902507316277e-09 -1.6606045264523778e-08 -2.2506686995538064e-09 6.3039529326876496e-09 3.8902819433005254e-08 -7.8500707232250679e-09 2.9973648802094462e-08 2.8969222471415689e-09 -2.4241482062772429e-09 4.5230467848024545e-10 -1.459647691126563e-09 1.9582113953662334e-10 -8.499884213093539e-09 5.5151296701991138e-08 2.0440946064479381e-08 -1.8702082973020374e-08 -5.3640925298841427e-09 -8.5054574008619976e-09 4.3900906951337981e-08 2.2129778044447742e-08 9.3472596639875763e-09 3.7678609284526315e-08 3.237335692465845e-08 4.1582039102529603e-09 -1.1577395135419135e-08 -1.0257399055612041e-08 -6.4237149294829451e-08 9.59988999827305e-09 -4.1036928305788229e-09 5.1388466322181799e-09 -5.7022190477045839e-08 9.4609554084482489e-09 1.3807555529111542e-08 -1.8907998836149571e-09 1.8355046976412633e-08 -7.2980493721143149e-08 -6.5049858774530705e-09 5.3393147841752316e-08 -3.1507940231325182e-08 3.882787327250763e-08 5.6845833176720542e-08 -1.0242918364596035e-07 
-1.7142631373183944e-08 4.8289115765946493e-08 -5.8640685729843634e-08 -2.3148648398235549e-08 -1.3823092817949917e-08 -4.954066347212585e-08 -2.2787929584476678e-08 -3.0628376504125531e-08 -1.915991520062429e-08 -1.4950607652406719e-08 -4.6110594457871731e-09 -1.2181147776292644e-09 -2.2608986128860172e-09 -1.5849432188104952e-09 1.0134989515829302e-06 4.9383570210642748e-09 2.5956168104568695e-09 -9.590268334964987e-09 8.705410683833388e-09 1.0179767562224009e-08 2.6380874691631147e-08 5.1580106125940091e-09 1.0812616999043636e-09 -1.3580776694617571e-08 9.3794979945112057e-09 3.9828198135258552e-09 -1.0210307147017519e-09 -2.147745250420904e-08 1.5041295446699422e-08 -3.4781090227381453e-11 -1.9854760249673644e-09 9.6108371697987485e-10 -3.2679223346677759e-09 2.0912526522599524e-09 -1.4711155182644569e-09 1.0372993841151707e-08 -1.0595440588863272e-08 -3.6025129978298134e-09 -2.4989531838794114e-09 -1.5721694112662494e-08 6.2196737930203425e-09 1.452125697333683e-08 1.7736556117536356e-08 1.6031357599985456e-08 -4.1429168876538308e-08 -4.9865466140465348e-09 1.248418700337381e-08 2.0883581657361279e-08 -3.1202931533074688e-10 2.2406988290711912e-10 -4.3844792167535328e-09 -2.216746496967543e-09 -3.524734832348728e-09 -4.5796014328162507e-09 6.561605421421016e-09 -6.2990841950376209e-10 -4.9678521765918767e-09 1.2810099076904022e-10 -5.9055076742487677e-09 9.1898994290130813e-09 6.7835854702046714e-09 -4.6615781938892382e-09 -3.8040191669329538e-08 -2.6775740885325504e-08 3.2669873063452088e-08 2.016125341979588e-08 -3.8900662895807396e-09 -1.9498369934019246e-08 4.0763643566963827e-09 -4.6106362727849694e-10 4.0736615855442986e-09 -2.1494317951198915e-09 3.1354268803742425e-09 5.2403545323169074e-09 7.0590897313284509e-09 1.7399204934314983e-10 2.3193033065545517e-09 8.5251067077631375e-09 -6.3826102203852812e-09 -1.9050486210517372e-09 -5.4067277166575664e-09 -2.3441878173071301e-08 -1.324746951253444e-08 -8.1845807408574784e-09 4.1666653031479957e-08 -5.0015681308608368e-09 -4.3893646969759646e-08 3.6353634258665014e-08 -5.0858083540386349e-08 -4.4763117873133812e-09 1.2804214272963768e-08 
-5.7094922807417255e-09 3.3420334647894513e-08 -3.2906080295201824e-08 -1.6084963684561036e-08 -4.7401642297770776e-09 -2.789065549347549e-08 -1.0064678198031316e-08 -1.7819119773804276e-08 -1.3148894633923405e-08 -7.1493111888471337e-09 -1.3740844169982905e-09 2.8100455100722279e-10 -5.8781685638499306e-09 -6.7532614866635373e-09 4.9383570210642748e-09 1.0042338471205446e-06 2.7771004152803259e-09 -1.6831469926575023e-09 -1.2848120217227572e-09 7.0965002048929736e-09 1.5399502700291377e-08 -3.3203618743885072e-09 1.5440449162342741e-09 -9.2309147073081119e-09 5.3963692689891389e-09 1.0187982345431712e-09 7.2310494053091936e-10 -1.2547518673869581e-08 6.9684520462121167e-09 1.9728580290843283e-09 -2.7552960187283552e-09 5.079990738403785e-11 -4.4952444578664794e-09 3.6674970193055425e-09 -3.4344871919521387e-09 5.2811227934244879e-09 -3.8439211814468046e-09 -3.6430415039609626e-09 -3.00213934522889e-09 -8.0095940086790254e-09 -2.5408952446885556e-12 9.3731996055127416e-09 1.0229696325628178e-08 1.2509870464780166e-08 -2.3052306468414357e-08 -3.2480877973564257e-09 3.0297652970214704e-09 3.3965707604631742e-08 -1.8396866283956149e-09 -1.8034941730277252e-09 -1.2637582457363526e-09 7.4319428909135386e-10 -2.0896402145977037e-09 -4.5341037454961706e-09 6.0101645810745312e-09 -2.8774949350216175e-09 -3.9270556336961938e-09 2.0954473342711079e-09 -2.8504152983007832e-09 3.8935319865899031e-09 1.2160445857676279e-09 -1.4812258579131806e-10 -2.178510752787762e-08 -1.5585312353881965e-08 1.7910165304267303e-08 1.0135649100512757e-08 1.2035385846001332e-09 -1.155040856241667e-08 1.3517248199085473e-09 -2.721527671817597e-09 2.7314845273342765e-10 -3.5908861741082242e-09 -1.3776591193104269e-09 3.8299193192265785e-09 5.8110880105258533e-09 6.8467113058151234e-09 -4.514928288659686e-09 7.8731044907072667e-09 -6.4312143797853589e-09 7.2909338040940685e-09 -5.8094062604986505e-09 -1.0364061029648867e-08 -9.0677496766873903e-09 -5.0965124576824583e-09 2.6221131517740507e-08 1.5388231426625503e-09 -2.5762066757207787e-08 1.7979681059275843e-08 -2.6373473955810473e-08 -2.926517326879866e-10 3.5877868564287496e-08 
-2.397392077385696e-09 1.1854921151897302e-08 -1.3466324890682147e-08 -2.9755659988766067e-09 -1.9742069432092283e-09 -1.1427161151224419e-08 -3.7825740236232945e-09 -8.634988349980063e-09 -2.6068905844454059e-09 -2.8364349967333709e-09 -7.2314144320417546e-10 6.6413916328855519e-10 -3.658018432167906e-09 -3.5222520571064395e-09 2.5956168104568695e-09 2.7771004152803259e-09 1.0036231666671015e-06 1.638342454573096e-09 1.0021555341976659e-09 2.0682357078115738e-09 5.5212039667420842e-09 -1.5753174020447091e-09 8.9735403685683466e-10 -2.2735573075963442e-09 2.4508998406644692e-10 -7.6463731240455187e-10 -1.7592806643568932e-09 -4.0834010883976551e-09 2.6264058248298243e-09 2.4391680554663682e-09 -1.1653076752284082e-09 -2.5329024403712823e-10 -2.4338294130905288e-10 1.3853365000373338e-09 -6.9355815497259694e-10 2.1237267614007974e-09 -1.6565087551826525e-09 -2.6033571636468807e-09 -3.2842345371202632e-09 -4.2399078254128138e-09 -2.0856257597535437e-09 2.9475198432285892e-09 3.712484794631874e-09 3.3978328779026621e-09 -1.1325389561350069e-08 2.8197519180143155e-09 5.7922093044126115e-10 4.6384331476295277e-09 -2.4379726381502626e-09 -2.3908893515638801e-09 -2.5984618240096087e-09 1.8029539817390141e-09 -1.3865512004995215e-09 -3.2043136871352367e-09 2.5370450050029282e-09 -2.2866128102632371e-09 -4.1744526723059817e-09 2.9011346909810402e-09 -1.8898467216926406e-09 1.170123152254832e-09 -8.2623509304970219e-10 9.5075031521832988e-10 -9.8417353849319007e-09 -5.7623297490216776e-09 7.4772698210499199e-09 5.1802716644930551e-09 2.1262193136564929e-09 -4.1429582088004814e-09 3.9334783802833989e-09 -4.2896529936929704e-09 -1.2225722838014699e-09 -2.5211875847903299e-09 -3.5373534172113243e-09 3.488751233579516e-09 5.1569193986830981e-09 4.0039723220146751e-09 -5.0705369925050033e-09 6.7853615046266969e-09 -4.4352467758440735e-09 3.060966143440562e-09 -4.2622401134701656e-09 -3.8703751265063829e-09 -4.8803338849767956e-09 -1.9020021300037902e-09 1.1525981812351839e-08 5.4571379378116539e-09 -9.7124934477951622e-09 7.1028768366776983e-09 -2.2910470250230909e-08 2.8998743719190918e-09 4.9187100489779111e-09 
