DESCRIPTOR_NAME ACE
DESCRIPTORS_FILTERING_TYPE element
NUMBER_OF_DIMENSION 91
NAME_OF_YAML_INPUT BoreAndVacancies.yaml
FILTER_VALUE B
NUMBER_OF_CLUSTER 7
WEIGHT 0.0094701275735758657
ESPERANCE -1.9721883867633878e-05 -0.001765252838146049 0.0096574763147715889 -0.00090703475545515202 -1.4672794860368117e-05 0.0060611563394464803 5.2382280980580194e-05 -0.0012264684878292768 -0.00056672021154651571 -4.3460940819032483e-05 -1.0897677933118376e-05 2.4010909513484965e-05 -0.0002545145143016339 -0.00034058263234678206 -1.4897946072960988e-05 5.8115930949356444e-05 2.1750946835443881e-05 -9.4868150259959999e-06 0.00010949639612597533 -0.00032136642946408795 -0.00023965745242814269 8.6479358674958315e-06 0.00056437065031010353 0.00030204220702254074 0.0001841123257425875 -0.00015045960012618806 7.6758607072424119e-06 0.00077356873284428111 -0.00043544891554051364 8.7400454697292429e-05 -0.00044095587479826593 4.5337852486753555e-05 -0.00021192767386568856 -0.00015871773483894634 -0.00011570391232649148 -0.00012149662822492831 -0.00018015520299957791 8.6412175651755252e-05 9.2704498982682923e-06 5.6669044350171528e-05 6.8776549158871392e-05 -0.00048102339083361115 -0.001561068212977659 -0.00042718078166222067 0.0028489489223074353 -0.00038554117871048336 0.00019605347525710563 0.00068872781811097033 4.4286161394864954e-07 -0.00029208440240413472 6.7187315825475095e-06 -7.3667252266453484e-06 -0.00012827653874825611 0.00012122918725320441 -0.00055343824734578183 0.00015821758037359119 -0.00031632568164260082 -0.00017811619822541519 0.00028895186453124376 6.7908268510543553e-06 -0.00034370125105168391 -0.00014993611048332779 0.00092796732997665887 0.0013326847412804264 -0.0088812800033344474 -0.0020570810370123382 3.9970114529431815e-05 0.0013405245212404137 -8.0233450581280406e-05 -5.8942954585440478e-05 -8.8196735532569727e-05 -0.00012679626447959394 8.8142003056525489e-05 4.5516164084489501e-05 -8.3167094043995341e-05 -0.00034327469426208746 0.00037559882976385457 -0.0025117506342780915 0.0016087946608869625 -0.00045287545345115032 7.5204665914684906e-05 3.7970217498966302e-07 5.1166553163521178e-05 -0.0007212336769218409 -0.0014965626890963649 0.00010349475170547651 -0.00087430408629543229 0.00039648973677339135 0.010225030912970985 -0.00020457674076698902 0.0015846085306229409
COVARIANCE_MATRIX
1.0153181133488041e-06 -2.0009515612490172e-08 -1.3794200202829855e-08 -6.4507717877862988e-09 9.5122240128995306e-09 -3.0346307862835771e-08 4.6136178844117646e-09 1.2304389888544805e-08 -2.1090108946668661e-09 -6.3066453180236936e-10 3.249471427986048e-09 -5.7711523838042778e-10 4.2837606510705606e-09 1.7579314320448236e-08 1.2759919374063142e-08 1.8514534590309566e-09 2.4632477176209462e-09 -6.8290849953724672e-09 -5.723832155448235e-09 1.5506553865052707e-09 -2.5163886524582007e-09 5.8767932097385435e-09 -2.6393154150210189e-08 7.6986197538131127e-09 3.9735985105747183e-09 1.2158029129280562e-08 4.7397385592633417e-09 6.0623055904445888e-09 -2.5651641000492121e-08 -2.8573721422796139e-09 8.3015198523283302e-09 -2.5894273080738901e-09 3.7208938484127744e-09 4.3320776277096731e-09 3.3564056824082104e-09 6.3575638818284191e-09 1.8904310776023583e-08 -3.0112805568582038e-09 1.2127167946108194e-09 -2.7531588364876019e-09 -9.0787812808745895e-09 1.9409054919504956e-09 3.5267658687963169e-08 1.3442266806628214e-09 2.0884070094237692e-08 1.485695036777385e-08 1.608068303012643e-10 -4.2192705604778495e-08 1.1809217773952235e-09 1.1223151939038706e-08 2.1633592577095342e-08 -1.7289261164864006e-10 1.0130938006083361e-08 1.8803168964256568e-09 -2.0460955099800693e-08 -4.7440149188911218e-09 1.0256491426787735e-08 1.6038635143088589e-08 3.3805163733493333e-09 -2.5988116273819887e-09 1.8657700060106385e-08 1.2867081517341304e-08 2.2182310383770395e-08 1.3889662977543476e-08 1.6146282699056991e-08 -3.7840200948883958e-08 8.6518762865714331e-09 3.3732857582644999e-08 -2.4219158776807666e-08 5.5278620526120716e-09 4.2374946185741742e-09 9.6550868775054377e-09 -6.2450622179214931e-09 -2.8124100182364244e-09 8.8573300570150901e-09 3.8001866014718728e-09 1.0210194081494448e-08 -2.621505664005348e-09 1.27221557091904e-08 2.0733340454208011e-08 5.0609686646046014e-09 8.4966232995810998e-09 4.4223269798477642e-09 -1.2433342164118137e-08 -6.1784983070666739e-08 -4.1296678788385895e-09 -2.6956619838080247e-09 1.121070557104585e-08 6.4034908925306284e-08 -1.7683618974403874e-08 -6.1070054610736048e-08 
-2.0009515612490172e-08 1.1730668588010732e-06 -7.0891746968787993e-08 5.754256160632686e-08 -1.2965278742824234e-08 1.6215912651461437e-08 9.2180689691241476e-09 -8.8440058052933989e-08 3.0291103556619244e-08 -7.0287068582480012e-09 -5.8864634342382656e-09 7.0050653837357861e-09 2.5094114402036814e-09 -4.8368988845260575e-08 -1.6733038869494644e-08 1.2092622277172366e-08 2.102235901499673e-09 -7.6726271338533439e-11 8.4211861302235314e-09 1.8278510479920108e-09 2.2414802760612815e-08 2.7610228971738435e-08 9.5112694869559975e-08 -4.450756521018682e-08 -2.8945777899052941e-08 -5.3434077308907478e-08 -5.5187023236312981e-08 -6.259775193023285e-08 -3.2521149668941095e-09 2.7316038298116942e-08 -1.5580275408999103e-08 1.4778975460437422e-08 -1.3254979634456327e-09 -7.1301649101534381e-09 1.9303243427811093e-09 -1.1191279343364684e-08 -6.3462213864127867e-08 2.4623119808641109e-08 2.46096446542753e-09 1.9007513502847989e-08 2.4296380349168597e-08 2.4347504682912556e-08 -7.105269482464041e-08 3.7717434639364323e-08 -4.7666758360425769e-08 -4.4250780973324203e-09 1.9366977979747724e-08 2.5654574525292449e-08 -1.7141591151609705e-09 -7.932358158363776e-08 -1.7543277879320929e-08 -1.459755729290319e-10 -5.4021162611525829e-08 -1.8418933439952486e-08 7.8662162759403774e-08 9.1877543115753094e-09 2.5209581317402063e-08 -4.9327680343170403e-08 -6.4178653544816541e-10 -2.7136808569716791e-09 -1.0134896257670125e-07 -4.0165281992983894e-08 -1.4637922957564632e-07 -1.5027605913842579e-07 8.1613345403140247e-08 7.3164055566698718e-08 2.3313735564818911e-08 4.4411033416851284e-08 -6.8535301876612639e-08 -2.279242840531818e-08 -8.9095851502986049e-09 -2.5417810953224474e-08 2.3072828493168945e-08 2.3360357247081668e-08 -2.8912688772360976e-08 8.8266250461750861e-09 -3.8992881203859749e-08 -5.4755125411019925e-08 -1.0517710292032005e-08 -5.7756384179413921e-08 5.1557506904049315e-09 6.278628586765883e-09 7.4469825372441378e-09 1.3448435180155221e-07 1.9961643672673375e-07 1.2694176353357075e-08 -5.356794327999341e-08 -5.9484087279531402e-10 -2.6025378395726891e-07 6.0620631392598971e-09 -8.2015128297898309e-08 
-1.3794200202829855e-08 -7.0891746968787993e-08 1.1618215884367692e-06 -2.608960841926249e-08 -8.1815779881017277e-09 1.238203695501979e-07 -6.8626159728152973e-09 5.6368809321932139e-08 -1.8396131444615906e-08 7.1290309443882558e-09 -1.9585828489305094e-09 -2.4281196253434813e-09 -2.0817197905042694e-08 -9.1464740723096377e-10 -1.1661627572447993e-08 -1.0068728328977821e-08 -5.2321151566654979e-09 1.2035036168051944e-08 1.6027718092929928e-09 -4.2518082952753527e-09 7.7426503943402564e-10 -2.5046455745432021e-08 5.8860078610973093e-09 1.3072666689910991e-08 1.0897874657313845e-08 1.2140255145931783e-08 2.4686392321684015e-08 1.9446570263915102e-08 5.2651984366617256e-08 -1.4706893576902604e-08 -2.0938077773666107e-08 -6.0962530452941784e-10 -1.5014504987686715e-08 -7.9028175301040086e-09 -1.2147677788212847e-08 -1.0428596201145609e-08 -4.8946849090955496e-09 -6.0655382898482229e-09 -4.0187764942056074e-09 -7.2479215960737157e-09 3.6361249348893359e-09 -1.7578089443254517e-08 -1.7290346152652039e-08 -2.6627706641006755e-08 -3.2717809431260655e-08 -3.0306401208132134e-08 -2.0445073469100494e-08 7.8895886509494133e-08 -3.0155006079805872e-09 2.3095489302246918e-08 -1.4827930958737877e-08 -1.2795775447064162e-09 4.900653787382725e-10 1.4700508484420133e-08 -9.2657582171822328e-09 3.9900096859587244e-09 -7.7973532582659966e-08 8.9446153594931042e-09 -1.468303023759066e-08 7.8338815095012375e-09 2.0418818727369037e-08 -1.0322065099454308e-08 4.1554130450037629e-08 6.9144951872582395e-08 -2.3952131425903858e-07 -7.0517299593134565e-09 -3.3000019805988232e-08 -8.9273144472100498e-08 7.0202287577263996e-08 1.7170640575765171e-09 -1.0496370902563075e-08 -6.3421209437310268e-09 -3.5251471756726797e-09 -3.4861573881462796e-09 3.8096165170362041e-09 -2.9479255742315605e-08 -4.3562028625868121e-10 6.2996341589301094e-08 -2.3022207000758216e-08 -3.1312018212434613e-09 -9.5874350263490871e-09 -1.8541803440402583e-08 -1.1382226302038898e-08 -5.9749188666554428e-08 -7.1468671124947948e-09 -6.9793535197244511e-09 7.2464398495830728e-08 -2.9849769313914991e-08 1.6450832680874637e-07 2.7797368111863243e-08 1.9832958263285592e-07 
-6.4507717877862988e-09 5.754256160632686e-08 -2.608960841926249e-08 1.0263500852148198e-06 -4.2409530331611493e-09 6.1961999349680237e-09 2.0633633997744622e-09 -3.0010632853855101e-08 1.4401974162073743e-08 -4.3613905102205458e-09 -1.9840659089487907e-09 2.5765795860005042e-09 2.3376904741752713e-09 -1.9842963495329693e-08 -5.2543236864135965e-09 4.8365381606819935e-09 1.1480490314545543e-09 -5.527538282834569e-10 1.9451521179878848e-09 3.387240783610349e-09 8.8659802224793049e-09 1.0363768849945675e-08 3.1910730654142899e-08 -1.7007109765035966e-08 -1.0511120864023345e-08 -1.9771857470080446e-08 -1.9835800673726859e-08 -2.3787805983667665e-08 -4.8678344674612743e-09 1.0561235922266051e-08 -5.0879202539638338e-09 4.1626630251677443e-09 1.1477720270815991e-09 -2.5218193358581158e-09 1.6942902748324538e-09 -2.5227851250592272e-09 -1.8819942175591651e-08 7.7699915583836501e-09 1.0968438730911743e-09 6.828507532283643e-09 7.4988459621344116e-09 1.046780908364702e-08 -1.9893637479572819e-08 1.6881170592038369e-08 -2.3841880608494716e-08 3.1341744122219615e-09 4.8728092036543206e-09 -2.1621244153308692e-09 3.488329983060054e-10 -2.8068278670024574e-08 -5.8233899704312913e-09 7.3114140173281171e-10 -1.470001935604448e-08 -8.3980308067093927e-09 3.3227661882029304e-08 3.2658142851969565e-09 1.5710696168373656e-08 -1.8674323126803505e-08 -2.1463744252662687e-09 -2.357061522656289e-09 -3.3591006672296146e-08 -1.0899948525171593e-08 -4.5119240844956617e-08 -5.585502561720281e-08 4.9951493350337026e-08 2.4337403047416383e-08 1.260143721281166e-08 2.7673715241136693e-08 -2.744992927109505e-08 -7.1040460156057847e-09 -2.7070941577670635e-09 -9.9740625974026138e-09 7.9913816412079009e-09 6.7121346764860179e-09 -9.9923923574644576e-09 5.1086120246334527e-09 -1.7781739300775457e-08 -3.5943418431312862e-09 -1.6269264788720439e-08 -2.3091044399238784e-08 1.3895435921000604e-09 3.7915263695361694e-09 2.0592608783437962e-09 4.9733765520621166e-08 6.6456177699105581e-08 5.7760211116183729e-09 -1.6054351647869454e-08 -7.1892133387612915e-09 -1.4035133292970664e-07 1.5778763437184746e-09 -5.3265774553510563e-08 
9.5122240128995306e-09 -1.2965278742824234e-08 -8.1815779881017277e-09 -4.2409530331611493e-09 1.0059179510778679e-06 -1.8768357744457467e-08 2.8538910384347907e-09 7.8770695107121567e-09 -1.4411288771942163e-09 -3.2450757958012826e-10 2.049836433951326e-09 -3.7179544741283986e-10 2.6234434089670163e-09 1.1130248202212529e-08 7.9214279009284103e-09 1.0847228338991949e-09 1.5039113514270711e-09 -4.2146270366509173e-09 -3.5739932466737949e-09 9.3392625977580964e-10 -1.6330954182595762e-09 3.6110693954659673e-09 -1.659400217591483e-08 4.9296685358793424e-09 2.5597317984797305e-09 7.7322220339385545e-09 3.1143230122555218e-09 3.9842112622796838e-09 -1.5815234125789926e-08 -1.8628993247912089e-09 5.1503174155412663e-09 -1.6268149418578993e-09 2.2821536519267679e-09 2.7051537030294885e-09 2.0818603451926999e-09 3.9759325102795458e-09 1.1817879146375906e-08 -1.9320181325824093e-09 7.3647270856448287e-10 -1.7876587392803572e-09 -5.6669671526530683e-09 1.0842808231768678e-09 2.2007452415031746e-08 6.7154342080542853e-10 1.3177518428657627e-08 9.1470412890159041e-09 6.9844747189448008e-11 -2.6088412198626328e-08 7.1048676933996506e-10 7.2279288074388376e-09 1.3434673821973002e-08 -1.1931071964391795e-10 6.3562573789178472e-09 1.2590803401130146e-09 -1.2999361300572871e-08 -2.9811978906584365e-09 6.0206831030691045e-09 1.0172527066883981e-08 1.9752917671932826e-09 -1.5443253582010552e-09 1.1854333300574204e-08 8.0057202093211567e-09 1.4212969826894305e-08 9.1945166457666149e-09 9.2179606194179268e-09 -2.3650295038740373e-08 5.1943419432323952e-09 2.0648806261603134e-08 -1.479355432635026e-08 3.4777934758222925e-09 2.6550625482915657e-09 6.1128508691664559e-09 -3.9315420374092032e-09 -1.776534092818537e-09 5.6011224650013358e-09 2.2731534117501085e-09 6.508355307772339e-09 -1.6286979029192309e-09 8.1800191914178744e-09 1.3108789830209055e-08 3.117190357843189e-09 5.1832010790919417e-09 2.7004757355426908e-09 -8.2598573873359542e-09 -3.8861673695121386e-08 -2.6196453401559823e-09 -1.4780109597289963e-09 7.0241136146614268e-09 4.1496690335555449e-08 -1.0914641117572719e-08 -3.7226053751127257e-08 
-3.0346307862835771e-08 1.6215912651461437e-08 1.238203695501979e-07 6.1961999349680237e-09 -1.8768357744457467e-08 1.1380344095046596e-06 -6.5802151447961579e-09 7.6631126527691269e-09 -1.6718259530765973e-09 3.2583762857954082e-09 -6.3184672505185793e-09 1.0579441563009568e-09 -2.020262705209679e-08 -3.438517810389508e-08 -2.5366267044201716e-08 -5.2492942779163149e-09 -5.3796751248703612e-09 1.5074094293236659e-08 8.1338916914757504e-09 -2.9200443799704918e-09 1.142511491775751e-08 -1.5522074690486805e-08 5.9902928261952106e-08 -1.1511040951191928e-08 -4.5771875142749987e-09 -1.9306391667305026e-08 -3.8122582383370057e-09 -1.193318343688124e-08 6.1921573832159356e-08 5.3201939715406918e-10 -3.061625890967522e-08 6.7712660475669875e-09 -1.5970857313479696e-08 -1.3002530738956437e-08 -1.2081021251340551e-08 -1.7817687859759969e-08 -4.1083592733398893e-08 5.9880291351672535e-09 -3.3371664466659824e-09 3.2263412430367926e-09 1.8963011681850037e-08 -6.5408597577392702e-09 -6.5700641134343471e-08 -8.2656806199018863e-09 -6.7847492337656195e-08 -3.7127044681079453e-08 -1.3726547066466158e-08 1.0298330192099395e-07 -3.73074814580515e-09 -1.9763112787757144e-08 -3.7220322664324733e-08 -7.7386748056690294e-10 -2.6081105896888622e-08 3.951347821143424e-09 4.2070928047393449e-08 1.1140218372951203e-08 -6.3084667539823277e-08 -2.4375237399466135e-08 -1.6652289277050926e-08 6.9491964322818207e-09 -3.459193601196916e-08 -3.1531962012604514e-08 -3.2755899115672384e-08 -7.0998770037803332e-09 -1.7361477490871517e-07 5.0223085869855174e-08 -2.4057266899109529e-08 -7.7935945665661147e-08 5.3174686962258932e-08 -1.0864594010632394e-08 -1.554093210487702e-08 -2.3100254303954746e-08 1.0301348571899263e-08 7.374160866177002e-09 -1.4158444738542566e-08 -2.4575147980505773e-08 -2.5618350426909655e-08 5.5314580995512113e-08 -4.880664393862711e-08 -4.2080583515282813e-08 -1.0288061340008862e-08 -1.9557263894617953e-08 -1.0429215059434316e-08 9.4559191670219744e-09 1.1221798274331341e-07 2.7329434936013437e-09 5.1749782113832824e-08 -4.2414704154021855e-08 -3.3677420269015473e-08 3.8383068343238809e-08 1.7219758342542779e-07 
4.6136178844117646e-09 9.2180689691241476e-09 -6.8626159728152973e-09 2.0633633997744622e-09 2.8538910384347907e-09 -6.5802151447961579e-09 1.0045446253843779e-06 -1.925018412258695e-09 1.4201127289860169e-09 -3.662448121962491e-10 8.9686154850685961e-10 5.1764835972103965e-10 1.3796549787910788e-09 4.81574532877313e-09 3.7649410717861253e-09 1.8652138199935352e-09 1.2027521205781514e-09 -2.9074866143267252e-09 -2.3146981317633874e-09 4.0401241292581803e-10 2.0832459779978371e-09 5.6525291872016613e-09 -1.8659437565618547e-10 -1.1659030422642164e-09 -1.1013183102123017e-09 4.3313208423411095e-10 -3.0872815586471362e-09 -4.2882537245915112e-09 -9.8806078910512872e-09 9.3428657023710771e-10 9.5834525051836353e-10 1.2140604266424339e-09 6.005942932968133e-10 9.6327562203242964e-10 1.189777437731252e-09 8.8171075326234924e-10 -8.20603807167553e-10 2.0377446584788038e-09 6.3345136771304922e-10 2.9958076940833258e-10 -8.716313150680117e-10 3.2963704750544438e-09 8.0743116300452315e-09 3.8998563711856869e-09 2.3046776661009002e-09 4.1845928440445031e-09 2.3566346823553775e-09 -9.9907317502260598e-09 -2.1398125326488881e-10 -3.3430809971816132e-09 9.0529700913606466e-09 -3.993023690941109e-10 -4.6155162722483066e-09 -4.1763875089370784e-10 -2.4777882460382845e-09 -1.7402163680570838e-09 5.9692069212120324e-11 4.4301801357715192e-09 1.9540232770594943e-10 -7.4760979756784126e-10 -3.6673629236712888e-09 -1.1162638548294725e-09 -6.9328137589048468e-09 -9.1352237258008922e-09 5.061802704463215e-10 -9.4629446470518868e-09 4.6089668043666851e-09 1.531970194417748e-08 -1.8545626330546544e-08 -5.3562265597891748e-10 4.3413437980125921e-10 2.1565921176559201e-09 -7.8629003559080613e-10 2.6282794904530228e-09 1.4275947529043458e-09 9.5538220069701562e-10 7.2284287098331646e-10 -8.7714201730237323e-09 8.8384740498332545e-09 5.1271566826962548e-09 3.0951902590174375e-09 4.0174017228635885e-09 2.5728212744546491e-09 8.2942149330487858e-09 -3.2359090223345709e-09 -2.0104246917512867e-09 -4.5173359935173967e-09 6.8938852563255364e-09 1.5073418037493473e-08 -6.3576858252741393e-09 -2.4080460558954705e-08 
1.2304389888544805e-08 -8.8440058052933989e-08 5.6368809321932139e-08 -3.0010632853855101e-08 7.8770695107121567e-09 7.6631126527691269e-09 -1.925018412258695e-09 1.0530672057740882e-06 -1.6230921462362539e-08 3.8872654124939152e-09 3.2602186120995647e-09 -3.4361882290115879e-09 -3.1294833678692466e-09 2.719978511205235e-08 1.0201247326206216e-08 -5.6554922655740025e-09 -6.8791247425526977e-10 -9.1134146585056448e-10 -6.1938040862034334e-09 -8.4695939058622881e-10 -8.5689797032168812e-09 -1.3592834947203363e-08 -4.6035543089722275e-08 2.2780546694726667e-08 1.4919406720784738e-08 2.8794687728382885e-08 2.8754513775367679e-08 2.9123386356689809e-08 8.2528455106018288e-10 -1.5379722141674622e-08 4.7294371747808605e-09 -6.6169586499789456e-09 -1.4084565641889891e-09 2.9922218201256798e-09 -2.1958104922928214e-09 4.5942664207654579e-09 3.1433227892677393e-08 -1.1596299237541204e-08 -1.2663924500303618e-09 -1.0307192629789066e-08 -1.3084485794903751e-08 -1.1587331703179386e-08 4.1430228111977882e-08 -1.9138708865070679e-08 1.880364454684539e-08 2.2008159826948053e-09 -1.1583053459226349e-08 -9.1383763018369693e-09 3.2705458385262406e-10 4.0394561462967239e-08 1.4834267809442722e-08 -5.3887836639295981e-10 2.4084216335091272e-08 1.0729442668917471e-08 -4.1284790759036482e-08 -5.2823888417167718e-09 -2.4092536017770229e-08 2.894830197797256e-08 -1.3275242212219242e-09 1.6385942832478354e-09 5.1119664795558698e-08 1.7693760020587165e-08 7.2121945441255542e-08 7.5848166992207431e-08 -8.0945742886253067e-08 -4.7617152151256782e-08 -1.2315949185935883e-08 -2.249722690520428e-08 2.8377475022822647e-08 1.134995367492247e-08 3.3162473630133816e-09 1.3050736110847295e-08 -1.2550502573096164e-08 -1.0672156265926202e-08 1.5857731694814257e-08 -7.8927581490912707e-09 1.8915230599850183e-08 3.1361671417866106e-08 6.460923884533135e-09 3.1590565815001217e-08 -9.5283583292805416e-10 -2.0906772217763084e-09 -2.6580188133094497e-09 -6.7538289439238711e-08 -1.0428115440267804e-07 -7.6584700073863018e-09 3.2700171843688213e-08 -3.3459491677224543e-10 1.7193371452373919e-07 -5.9181516848928837e-09 5.1339634423048737e-08 
-2.1090108946668661e-09 3.0291103556619244e-08 -1.8396131444615906e-08 1.4401974162073743e-08 -1.4411288771942163e-09 -1.6718259530765973e-09 1.4201127289860169e-09 -1.6230921462362539e-08 1.0081033958155397e-06 -2.6322566850132847e-09 -7.8421003294884259e-10 1.3709229915174005e-09 2.1525337424105022e-09 -9.3828366825007472e-09 -1.6789728949900337e-09 2.9077273548685525e-09 8.9939839470424343e-10 -9.9607286165431798e-10 5.9087671851755172e-10 2.1473368161030744e-09 4.4844723886810887e-09 6.4282614524047037e-09 1.4773972032792722e-08 -8.8058667369544495e-09 -5.5120807557602592e-09 -9.91600402921913e-09 -1.0608080084527246e-08 -1.2580248807736772e-08 -5.6480604461528241e-09 5.6998147580296526e-09 -1.5535773812419123e-09 1.9175017748993108e-09 1.3513077955644777e-09 -8.3556948211455995e-10 1.4843717481334101e-09 -5.2221209309660543e-10 -8.2192276424611169e-09 3.9149056184091836e-09 7.556627814344009e-10 3.5591436786427435e-09 3.1585896960753062e-09 6.0949766961581325e-09 -7.486103935577556e-09 9.7594440523026475e-09 -1.0574740858841118e-08 3.6330195710296698e-09 3.0926590845595357e-09 -6.3657392871161394e-09 4.0112414366120757e-10 -1.4359182598776878e-08 -1.1242430513490774e-09 4.695342934118359e-10 -6.6400481521586451e-09 -4.805843039629945e-09 1.6397406005258217e-08 1.2617594085728194e-09 1.1269885804609918e-08 -9.0031684462119441e-09 -6.7627910636067975e-10 -1.6706044876459907e-09 -1.6561847629416277e-08 -4.4581608328106898e-09 -2.269405463435371e-08 -3.0211948333603069e-08 3.3802352373914086e-08 1.0306981349363111e-08 8.1968278191314487e-09 1.923643522432277e-08 -1.7906243453043992e-08 -3.3197310726480323e-09 -8.4600425989840736e-10 -4.5144216794375096e-09 3.8571757602107216e-09 3.2590335274874313e-09 -4.7364468575397847e-09 3.8307108110922473e-09 -8.7796722263240978e-09 -3.5564418050038955e-09 -7.1656515221536025e-09 -1.080839644678542e-08 1.2083800268659149e-09 3.068142904357208e-09 1.5511882159520536e-09 2.673062848636024e-08 3.0817455819726279e-08 2.9930513595760877e-09 -1.0610835747402474e-08 -2.4288394211726604e-09 -7.6038393545428912e-08 -8.6131333249595974e-10 -3.790427630541661e-08 
-6.3066453180236936e-10 -7.0287068582480012e-09 7.1290309443882558e-09 -4.3613905102205458e-09 -3.2450757958012826e-10 3.2583762857954082e-09 -3.662448121962491e-10 3.8872654124939152e-09 -2.6322566850132847e-09 1.0013769642834064e-06 2.5219429399433968e-11 -3.4992250226731404e-10 -1.3302934414538845e-09 2.2445259884191317e-09 -6.0300342808490024e-10 -1.1998182964498423e-09 -6.1361532413979405e-10 7.1687015632980491e-10 1.0309874568536038e-10 -1.0092848227900966e-09 -9.479018735344752e-10 -2.463743962924961e-09 -1.7930183636710846e-09 2.0957401755925046e-09 1.3392367380352312e-09 2.3760726049071899e-09 3.0057071413780188e-09 3.2062098593995852e-09 4.6367044180461673e-09 -1.5364674750054015e-09 -4.739703900890812e-10 -4.1471657027775782e-11 -1.0555284196693846e-09 -1.3124479155063044e-10 -8.2215160574703892e-10 -6.3687116111058281e-10 -1.6511004702176136e-11 -6.4425391253450153e-10 -3.8907592316652394e-10 -1.096007297056776e-09 -6.6674177368134459e-11 -2.1887819686995685e-09 -7.5818400205192511e-10 -3.4163357743931519e-09 1.7101701646764112e-09 -3.2388135547393204e-09 -4.7170789148399389e-10 8.3662045166534545e-09 -5.2903685543250112e-10 3.4471804098368949e-09 -3.3683982653989969e-09 -2.6846568194478469e-10 -9.3478539556186085e-11 1.7124134500032413e-09 -4.0040115955569228e-09 -1.2095344301712614e-10 -6.7109372316796736e-09 2.2410446874912943e-09 -3.2289185697096161e-10 1.1158733683622663e-09 2.9921861275225843e-09 -6.6036764994113787e-10 4.2984442323752197e-09 8.4100848229866042e-09 -1.641161352456139e-08 1.0138235585659396e-09 -3.8370989583462739e-09 -9.9053142235865598e-09 9.4342249823816842e-09 2.9231328852010701e-10 -2.0304081505720899e-10 9.3889233297963494e-10 -8.0766462758668829e-10 -2.6225424402456803e-10 8.8525889387897458e-10 -2.1284792415277157e-09 2.117303345213047e-09 -9.7494071613923442e-10 3.5999435158757427e-09 2.3490413512348479e-09 -6.9252509403895805e-10 -2.0211704593475099e-09 -1.0290151517844287e-09 -7.9307528391553261e-09 -3.4936422345114631e-09 -1.0877550822858361e-09 3.2329366893000581e-09 1.2528389768489142e-09 2.7256163683923414e-08 1.7419128528121431e-09 2.3475115451761085e-08 
3.249471427986048e-09 -5.8864634342382656e-09 -1.9585828489305094e-09 -1.9840659089487907e-09 2.049836433951326e-09 -6.3184672505185793e-09 8.9686154850685961e-10 3.2602186120995647e-09 -7.8421003294884259e-10 2.5219429399433968e-11 1.0007881685441175e-06 -1.6146642241090962e-10 8.4090917957530429e-10 4.2725901411884359e-09 2.7102488403993976e-09 2.1243129139199382e-10 4.5578526980178447e-10 -1.3629533340185287e-09 -1.2602577263261009e-09 2.7790110085947005e-10 -7.623593253296829e-10 1.1547298534419225e-09 -6.2560400940734266e-09 2.0615552247769001e-09 1.1070490061382444e-09 3.0804002092438396e-09 1.4708334280425689e-09 1.9409498854107876e-09 -5.1919475807911003e-09 -8.3727744454236204e-10 1.7746214803213896e-09 -6.2831421762097475e-10 7.4753356445708441e-10 9.6938893842420804e-10 7.3297942886002097e-10 1.4659349360284703e-09 4.314566773716476e-09 -8.4770788779839735e-10 2.1397975058583275e-10 -7.9347900829373254e-10 -2.008495193217188e-09 7.8248458726515901e-11 7.8220981328369713e-09 -1.3878273191358993e-10 5.0088527674945314e-09 3.0151790774629125e-09 -9.6227400534444029e-11 -8.9677716222964148e-09 2.0962377941714771e-10 3.1069474221645488e-09 4.6453575330832021e-09 -5.3778959979044402e-11 2.4556952152065391e-09 6.3050822502432343e-10 -5.102725745525233e-09 -1.090293884007394e-09 1.3975623848592882e-09 3.9523975540942617e-09 3.3620257174369043e-10 -3.8338477418045747e-10 4.7764374427729765e-09 2.8925723361293561e-09 6.1024741268745352e-09 4.5758674995692075e-09 1.7567575739800035e-09 -8.488440158505723e-09 1.4127456936544992e-09 6.5587860615380279e-09 -4.5397807091117121e-09 1.3316921842347683e-09 9.9852209994491352e-10 2.3713979080283789e-09 -1.4763514601870031e-09 -7.2071005437217904e-10 2.1788148501617731e-09 6.2727418647751919e-10 2.6131706116756777e-09 -2.4864205156499177e-10 3.2309703173096954e-09 5.0234595558443476e-09 9.831896877225425e-10 1.5551172552267112e-09 7.9842747104767615e-10 -4.1760969833772819e-09 -1.4685523117957092e-08 -1.0014178354495969e-09 4.1920715383763978e-11 2.4098859261720609e-09 1.7629288189822669e-08 -3.5956956448807365e-09 -1.1710054991029476e-08 
-5.7711523838042778e-10 7.0050653837357861e-09 -2.4281196253434813e-09 2.5765795860005042e-09 -3.7179544741283986e-10 1.0579441563009568e-09 5.1764835972103965e-10 -3.4361882290115879e-09 1.3709229915174005e-09 -3.4992250226731404e-10 -1.6146642241090962e-10 1.0003534115848977e-06 8.6631810768615463e-11 -1.844233046311537e-09 -4.7974402390849215e-10 6.2439156259522693e-10 1.6350080569385859e-10 -1.9501577592728375e-10 1.5423724130842901e-10 2.249322109985429e-10 1.0462256302233458e-09 1.5577108391483129e-09 3.7799211049221799e-09 -1.8105254241328609e-09 -1.1924637348998005e-09 -2.1931257278690141e-09 -2.4184527438689358e-09 -2.7192938078406221e-09 -9.6928246793851457e-10 1.2028823009553688e-09 -7.375511275539965e-10 6.0110718696847156e-10 -2.4964853061510692e-11 -2.7896082805603303e-10 1.9494022456545046e-10 -3.0226585299317667e-10 -2.373364988001584e-09 1.0213439965976489e-09 1.5543692357314385e-10 7.9807937000204446e-10 8.746037955705133e-10 1.1788122188267177e-09 -2.2358507930373848e-09 1.8569222901181593e-09 -2.1708514632424807e-09 3.3558792642235318e-10 4.9866069488217185e-10 -5.5994876574906684e-10 -4.2549152423487367e-11 -3.3555602322604513e-09 -1.8339067529079892e-10 -2.5092612970046779e-11 -2.1255520795945538e-09 -7.2468837093346617e-10 3.4793463180104955e-09 3.5352865420381899e-10 1.1677866137961764e-09 -1.8528401661411143e-09 -3.937587323860924e-10 -1.8660612172853738e-10 -4.1391146111351985e-09 -1.4630182523660751e-09 -5.7292512267325867e-09 -6.1561594070841942e-09 3.4774442817307571e-09 1.9720279171308679e-09 1.4434741263713913e-09 3.5610260892191388e-09 -4.0821856726445451e-09 -8.8409757098583252e-10 -3.8575349994356815e-10 -9.7370123097046852e-10 9.6956486198545996e-10 9.836642773776492e-10 -1.0944725244067074e-09 3.3159096934311465e-10 -1.7193901490206976e-09 -6.4365349209805696e-10 -1.4169455268492038e-09 -2.1869722106707513e-09 3.4495669514250551e-10 5.346887359515865e-10 4.383075073825382e-10 5.6580602417480027e-09 7.048571515177156e-09 5.6680952153987443e-10 -1.5005445239447298e-09 -6.2295624953232618e-10 -1.0929046553723691e-08 -1.6449679156493819e-10 -6.4680474851413735e-09 
4.2837606510705606e-09 2.5094114402036814e-09 -2.0817197905042694e-08 2.3376904741752713e-09 2.6234434089670163e-09 -2.020262705209679e-08 1.3796549787910788e-09 -3.1294833678692466e-09 2.1525337424105022e-09 -1.3302934414538845e-09 8.4090917957530429e-10 8.6631810768615463e-11 1.0043163330448594e-06 3.5979442387431338e-09 3.6323669834853141e-09 1.358850239869136e-09 1.0461094065098658e-09 -2.3468563566452208e-09 -1.4622298878990946e-09 1.1089516373675747e-09 -6.0357862242421321e-10 3.6109408500080528e-09 -6.1869982454244286e-09 -7.1674001543549479e-11 -3.3177025332577184e-10 1.1982573735870822e-09 -1.3176322292550607e-09 -9.5576547563048916e-10 -1.0563466236956206e-08 7.2415089665314608e-10 4.3578844386770228e-09 -7.1674390171032718e-10 2.8602089694651117e-09 1.9646128185100612e-09 2.1262901426611388e-09 2.784458165054101e-09 4.9225316658712634e-09 -2.6257595475352661e-10 6.1038022171740631e-10 -2.2841346528483632e-11 -2.3794100274368217e-09 2.3720384451435568e-09 9.8466077508829527e-09 3.4065395149151616e-09 6.7143834524663742e-09 6.8739982226422729e-09 2.5818121283838876e-09 -1.7485520853810668e-08 6.8714368638601943e-10 5.023741312276116e-10 7.3906121840943089e-09 2.296023508844923e-10 2.9651612374143367e-09 -2.2652169501218905e-09 -3.6007276369520145e-09 -1.817375286723098e-09 1.1303979809481571e-08 2.3776021968363857e-09 1.9038309510637137e-09 -1.4553041002577859e-09 2.6040809942166665e-09 3.9003684330215515e-09 9.7321787394062754e-10 -5.7790649335760982e-09 3.2478481221564125e-08 -6.5109762074714818e-09 5.3956002657826292e-09 1.5354534196659776e-08 -1.3497435368724595e-08 1.1659485443191095e-09 2.649208194122074e-09 2.7284860504206883e-09 -1.0237395252710488e-09 -6.6459458461997651e-10 1.556581068865778e-09 5.3847553192657061e-09 1.9672424166853665e-09 -9.3121711388557365e-09 6.7918504209776196e-09 4.5708177719121425e-09 1.8277472296384016e-09 3.6664254422698246e-09 1.9636390568374007e-09 4.5998625604117884e-09 -1.0968258001553596e-08 4.5836978407709387e-10 -1.0711150035452439e-08 5.8392805996062863e-09 -1.4831734568701165e-08 -6.0206237765462622e-09 -3.6194617722521759e-08 
1.7579314320448236e-08 -4.8368988845260575e-08 -9.1464740723096377e-10 -1.9842963495329693e-08 1.1130248202212529e-08 -3.438517810389508e-08 4.81574532877313e-09 2.719978511205235e-08 -9.3828366825007472e-09 2.2445259884191317e-09 4.2725901411884359e-09 -1.844233046311537e-09 3.5979442387431338e-09 1.031073077220246e-06 1.4480201266964803e-08 -1.0783281403541987e-09 1.5238174668601036e-09 -6.3036336464610976e-09 -7.2817419414793183e-09 -4.1332259790527426e-10 -6.5154224722009567e-09 2.995695255929187e-10 -4.1366585737321348e-08 1.5932198818730149e-08 9.3694521851139117e-09 2.271631612189549e-08 1.6416562525485202e-08 1.780224857712378e-08 -2.0436468197293361e-08 -9.0048767753650483e-09 1.0946412613100968e-08 -4.0843647001114766e-09 3.0528886460635552e-09 5.7830368526074707e-09 2.5312352147340121e-09 7.5120105344474202e-09 2.5925472878131633e-08 -6.3113700892524745e-09 3.9910979198226769e-10 -7.0459563816604422e-09 -1.2622661405788725e-08 -3.6542802011389917e-09 4.473046329208692e-08 -7.6757296009870351e-09 3.2324283923350212e-08 1.1489419823923272e-08 5.8913101350046621e-11 -3.2845263877848841e-08 3.5331779249795667e-10 2.718490663284333e-08 2.3958036981977108e-08 -7.2557718142475981e-10 1.4699049916473397e-08 5.9186844166095115e-09 -4.0154874491767706e-08 -7.9189006282295942e-09 -3.660119355334033e-09 2.879206734280222e-08 2.7573864024288593e-09 -3.2650634460065291e-10 3.5317998768845273e-08 1.5260900771721525e-08 4.3974874308608356e-08 4.1582614745712499e-08 -1.6583676974677236e-08 -4.6548713242186876e-08 1.3820483760254482e-10 1.1565396114377448e-08 -8.6473829215841226e-09 8.4951423790051188e-09 5.8845809644219683e-09 1.6320597872030158e-08 -1.0673446021724339e-08 -5.0944439736609489e-09 1.4305638188472146e-08 9.7716204356156877e-10 2.0150538104791698e-08 -1.1487677187287413e-08 3.1973591468073581e-08 3.5960466323730998e-08 4.3017391490019162e-09 5.6489468300888034e-09 2.62972110698035e-09 -3.8331100315197741e-08 -8.9963048924854164e-08 -8.0306314441691262e-09 1.4798080942319361e-09 2.0211206704120328e-08 1.4191949589603114e-07 -1.6544525755416151e-08 -1.7771672114460426e-08 
1.2759919374063142e-08 -1.6733038869494644e-08 -1.1661627572447993e-08 -5.2543236864135965e-09 7.9214279009284103e-09 -2.5366267044201716e-08 3.7649410717861253e-09 1.0201247326206216e-08 -1.6789728949900337e-09 -6.0300342808490024e-10 2.7102488403993976e-09 -4.7974402390849215e-10 3.6323669834853141e-09 1.4480201266964803e-08 1.0106488004451428e-06 1.5699132588821581e-09 2.0744083427941269e-09 -5.6693213320232742e-09 -4.7469689177735457e-09 1.3437671446706973e-09 -2.1290069843151085e-09 4.9427083243081007e-09 -2.2057862832400946e-08 6.3963918961209901e-09 3.2944124902284968e-09 1.0055702087103254e-08 3.8776239285921539e-09 5.0536380746905999e-09 -2.1533335096916712e-08 -2.3431731676279956e-09 6.9504521447268299e-09 -2.1989382690199562e-09 3.1655117854777718e-09 3.6156379026020934e-09 2.8323736490745182e-09 5.351563607914285e-09 1.5880048124857066e-08 -2.5507592913592082e-09 1.0207623312782891e-09 -2.2498495637910967e-09 -7.5634126224139828e-09 1.659406556969407e-09 2.9409997434442622e-08 1.2148142269713587e-09 1.7340714959008887e-08 1.2549314627480518e-08 4.7473223516476916e-11 -3.5768423163872194e-08 1.0339287813442096e-09 9.2879535260194594e-09 1.8249546208765294e-08 -1.1574042801748252e-10 8.6379039864814602e-09 1.4994807470568973e-09 -1.6877150771498845e-08 -3.9161249915284871e-09 8.9726556692187315e-09 1.3213969553587108e-08 2.8105053906499493e-09 -2.2353946507986378e-09 1.5588895129323139e-08 1.0909373085545535e-08 1.8615925174320408e-08 1.1460068147160214e-08 1.4495429540676621e-08 -3.1648668137124762e-08 7.3786921229256595e-09 2.8548585486849494e-08 -2.0522172889200989e-08 4.6495814862464482e-09 3.5730445742434078e-09 7.9851280912245016e-09 -5.1878660567489238e-09 -2.4084084787503268e-09 7.3738611331793302e-09 3.2928812635660295e-09 8.430804119482388e-09 -1.6701338224154341e-09 1.0094204298677682e-08 1.7146928538374202e-08 4.2013062417572079e-09 7.1435193863231492e-09 3.6918506754201226e-09 -1.0214817357922261e-08 -5.1670242254650566e-08 -3.3795009977662125e-09 -2.1636583443710895e-09 9.0696058999349683e-09 5.1677224473028069e-08 -1.4807736228365649e-08 -5.2331474228052219e-08 
1.8514534590309566e-09 1.2092622277172366e-08 -1.0068728328977821e-08 4.8365381606819935e-09 1.0847228338991949e-09 -5.2492942779163149e-09 1.8652138199935352e-09 -5.6554922655740025e-09 2.9077273548685525e-09 -1.1998182964498423e-09 2.1243129139199382e-10 6.2439156259522693e-10 1.358850239869136e-09 -1.0783281403541987e-09 1.5699132588821581e-09 1.0019180228505664e-06 9.5226023945435549e-10 -1.7671322296240829e-09 -6.2947200169383916e-10 8.8815970177367124e-10 1.6876230575684805e-09 4.5134059358748182e-09 2.8218706554499275e-09 -2.6543639534470257e-09 -1.9496514877226688e-09 -2.6991741229157145e-09 -4.4968542072826184e-09 -4.9806666083168615e-09 -7.8291212781640621e-09 2.1152453329834587e-09 4.0020334261897491e-10 6.1701978387724922e-10 9.5572812845845619e-10 3.1919881528441436e-10 1.1529202826217272e-09 7.4605787221964087e-10 -8.7721147610700937e-10 1.5551823572400209e-09 6.3324615615748572e-10 1.3933941195585954e-09 -6.6225917019000496e-11 3.1983838033347247e-09 2.091748753627773e-09 4.6517818344888399e-09 -8.6875598063641086e-11 4.2973142984321698e-09 1.3437395196093303e-09 -1.0650388548341435e-08 3.1918813755018767e-10 -5.156971288921055e-09 4.8706890655729518e-09 -3.0551880591307905e-12 -1.9382645539747464e-09 -1.5407802918109473e-09 3.9123788806366223e-09 -1.0907946889303495e-10 6.7151812044610735e-09 -1.5069147021930129e-09 4.7633929778593375e-10 -1.1957379054409637e-09 -5.2053819255660073e-09 -2.4911076990149545e-10 -8.5180062233908091e-09 -1.1807630956838604e-08 1.4674142158060436e-08 -3.4012957675130089e-09 5.3328389626666767e-09 1.4967880221156147e-08 -1.4922116437191814e-08 -7.4369912380590932e-10 1.179337466481192e-10 -4.4892152401132934e-10 9.9625940804025206e-10 1.2941691422846749e-09 -9.0770823111364943e-10 2.0357441060639365e-09 -1.8694467917706347e-09 -2.822637432449575e-09 -8.4567152719734327e-10 -1.1970577785121089e-09 1.8316686452594458e-09 3.2315857797664536e-09 2.0418637134589037e-09 1.1086420063030374e-08 3.3743834449908444e-09 7.5795152004541977e-10 -5.1810869669873547e-09 9.4300705056756928e-10 -1.5434210858022871e-08 -4.1910049899702027e-09 -2.9159341852474485e-08 
2.4632477176209462e-09 2.102235901499673e-09 -5.2321151566654979e-09 1.1480490314545543e-09 1.5039113514270711e-09 -5.3796751248703612e-09 1.2027521205781514e-09 -6.8791247425526977e-10 8.9939839470424343e-10 -6.1361532413979405e-10 4.5578526980178447e-10 1.6350080569385859e-10 1.0461094065098658e-09 1.5238174668601036e-09 2.0744083427941269e-09 9.5226023945435549e-10 1.0006739549560215e-06 -1.3972300230092324e-09 -8.7384693797998747e-10 5.4164206059136277e-10 3.1947023964719498e-10 2.4581797156121347e-09 -2.0560936910781383e-09 -1.1724935886050057e-10 -2.6578566178811945e-10 3.3493854240599822e-10 -1.2013689601182954e-09 -1.1388571173669434e-09 -6.0285897583044985e-09 4.7144854677686594e-10 1.1555080674237441e-09 -1.0160970869629194e-10 8.515354426043006e-10 6.2397485629245511e-10 8.4443847791670249e-10 1.0518011086565886e-09 1.9164025394825885e-09 2.0842697049615825e-10 3.8579446619996745e-10 2.4356207966243788e-10 -1.0336571142538353e-09 1.466358784016317e-09 4.8424231214760833e-09 1.9710758638972399e-09 2.2979746666908185e-09 3.4386989356315181e-09 4.8380389083075774e-10 -9.4052421174985492e-09 3.0638588605692396e-10 -7.0319097054130917e-10 4.8859714570434238e-09 8.7036345626142159e-12 5.4952967205765979e-10 -4.2527858359950005e-10 -8.727542557492741e-10 -5.8942860893418358e-10 3.9876391244391164e-09 1.2256143504901889e-09 5.7226764230722724e-10 -8.1752240278141283e-10 2.1653200933414335e-10 1.5203655246623451e-09 -4.6182027355942521e-10 -2.9224592158620403e-09 7.9316143207851651e-09 -5.9058720689844616e-09 3.0958924666643795e-09 9.7778030669712704e-09 -8.9902896422415325e-09 3.9042779213958413e-10 5.234135512496917e-10 8.7585491797025742e-10 -3.5152995663712959e-10 1.4619524542354616e-10 6.979784233967844e-10 1.2758620207207412e-09 4.5132499284353194e-10 -1.1026397712075752e-09 9.6470980210217945e-10 1.8549112431700432e-09 1.2450617580154819e-09 2.2652562488929872e-09 1.2813472731002189e-09 2.8887348434292926e-09 -5.8474233188647583e-09 -2.4334438118321944e-10 -2.093493572644041e-09 1.5456728346052796e-09 -2.7521282418492662e-10 -3.5097577143040544e-09 -1.9432694464217976e-08 
