DESCRIPTOR_NAME ACE
DESCRIPTORS_FILTERING_TYPE element
NUMBER_OF_DIMENSION 91
NAME_OF_YAML_INPUT BoreAndVacancies.yaml
FILTER_VALUE B
NUMBER_OF_CLUSTER 4
WEIGHT 0.010065346402613872
ESPERANCE 0.0017838352113282547 -0.0037358862172904928 0.004784073366677708 -0.0021259291752235834 0.0015340373074527994 0.0041136091652865213 -0.00014801398066641931 -0.00093405300404107369 -0.0018278972871811857 -0.00010131429801579332 0.00074221148585624369 -0.00021644473690792966 -0.00053337249791500496 -0.0019604418314673744 0.0020775179552169599 -0.00079819412993044022 -8.4981074899622398e-05 0.00066765126703080503 0.00038422427911228912 -0.0010918403291156015 -0.00024070284102683002 -0.00012818735468718518 0.0018053300052997673 0.00078970128658496178 2.9786445310252403e-05 -0.00057904782424643929 -0.0014913641243458095 0.00035655066316661133 0.00013539127146113943 -0.00089766161112951311 -0.0013117650153030803 0.00010149757210290824 -0.00087786693395163981 -0.00034091671487644913 -0.00044353710577211018 -0.00039407326701424323 -0.00069377107087876763 0.00031317521568751224 4.3357253329552165e-05 8.5624141391693295e-05 -0.00024121329374501491 -0.0012741310550513411 -0.0009922568218615434 -0.0014350784896985762 0.0016068283526995699 -0.00097185659682848659 -6.0951385257323628e-05 0.001897537848304074 -0.0011474783929778076 0.0009204476636700895 -0.001546828016655595 -0.00051267962450407426 -0.00075123398661146095 0.00018326109578096055 4.1415567833766141e-05 0.00081364051004372277 -0.001329319324942034 0.00045387407310056309 -0.00062345452424180194 -0.00031221481337330242 -0.0047793744021199088 0.0014488504683670086 0.0021500425714474987 0.00061227296225240121 -0.0066230754720106007 -0.0010474297734349121 -0.00015020708703510432 0.0061043931540245107 0.0017425923289650883 -0.00031011225204829427 -0.00034537106222305394 -0.00099241635680688946 0.00088166297913282534 0.00018167045420537921 -0.00087120541668168222 -0.00092029556359059272 3.5699208366527318e-05 -0.001712398870811527 -9.2016729359024803e-05 -0.0027417382761179198 -0.00034011707614216627 0.00019716521363400129 -3.4511060164396823e-05 -0.0016227502579397154 -0.0032688463941702574 0.0004499782656630672 -0.00078364635349453425 -0.00018110662391823784 0.026275121116263653 -0.00032940498022126553 0.0044418104571513749
COVARIANCE_MATRIX
1.0415028072228796e-06 1.5291417656296336e-08 -1.9828402679094371e-08 1.4264217292805498e-08 3.611517462077737e-08 -1.585206765627408e-08 3.0988535449273278e-08 -9.595621054604512e-09 1.1730639954547609e-08 -1.0497924531694406e-08 2.4945089371894198e-08 -2.6031414545967984e-09 -1.9789234239241062e-08 -2.2947533381008653e-08 5.287428468849412e-08 -1.4009726622657491e-08 4.3942872845073597e-09 1.677840945693967e-08 -9.420763208297736e-09 1.3696092248014629e-08 -8.8223954438214462e-09 -9.1117648412172621e-09 -2.0549862229312293e-09 -1.5012509515681488e-09 9.778643883631133e-09 -4.7167820060179939e-09 1.2166186270561222e-08 5.3961279448558674e-09 -4.8029900916184876e-09 -2.0813596582169441e-08 -1.2530247720748145e-08 6.0426709804060303e-09 -3.4513657753106123e-09 -7.0752929600481504e-09 3.6206846140602231e-09 8.8414541476514948e-09 -4.7580462392294186e-08 2.1230513222744215e-08 1.9317741894466891e-09 5.6099995699683643e-09 -1.6950582130570268e-08 5.8205846456560838e-09 1.3526419150412436e-08 1.219990247626977e-08 4.2794498373586536e-10 3.8803165610192652e-08 9.8146623648418284e-09 -2.6635904793997799e-08 -7.7852786352801556e-10 -1.7263460239085321e-08 2.5771735260132483e-08 3.3553466350246468e-08 -1.8944035172021485e-08 1.2254389328447125e-08 -1.1097424340634849e-08 1.3413562841698188e-08 -5.1640833308267922e-09 -3.3728117340118169e-08 3.4248701927604136e-08 1.0523628027882943e-08 -4.7693292124716598e-08 2.4083139690488842e-09 -3.2033381593548131e-09 1.1209151149187427e-09 4.7391213716505192e-08 4.8814990482702399e-09 1.6702452401764705e-08 2.3419910494669668e-08 -6.8406235666775772e-09 1.5875884048861703e-08 -1.1870615396766476e-08 -2.0560224433869005e-08 -4.8080723529022825e-08 5.8097607854759999e-09 5.4771083216607783e-08 -2.1702582568105337e-08 1.4779144271398337e-08 5.9320246758032592e-08 4.0549809831639306e-08 -3.3087518844320725e-08 2.1334116797186886e-08 -1.0755114160790053e-08 8.9508354758394364e-09 -1.2358860672739813e-08 -1.5865826802026671e-08 -4.7225474223373368e-08 5.5470528966591637e-08 2.8101808370208697e-08 1.9088182980056569e-07 6.6978568751962247e-09 -1.4917455388482595e-08 
1.5291417656296336e-08 1.0465181066044919e-06 4.8422775037868647e-09 1.4895865773031151e-08 1.0901777772748225e-08 -1.9172072070843224e-09 2.196513055843794e-08 -2.1242289274987693e-08 1.5435772609877311e-08 -4.7726162170704643e-09 7.5542663119427719e-10 1.2030172221877248e-08 -3.146693344786668e-09 -1.4708809352734824e-09 1.9077503716481424e-08 5.7626484564858583e-09 3.1958982085440122e-09 -6.9059803741383879e-09 -5.4114105916729587e-09 5.2337846440942348e-09 2.4651633759857913e-09 1.7288227232438692e-09 -6.1380159439021257e-09 -8.1009055560347141e-09 1.1691624228670491e-09 -3.1285469347502661e-10 8.101980916741981e-09 -5.4389233589146639e-09 -1.0804270053598564e-08 4.9212500177280871e-09 1.1375754522361306e-08 6.5053061370355494e-10 1.2456167793085036e-08 -2.6405622684776097e-10 1.8766379949200591e-08 1.3926120968333826e-08 -5.226658221288681e-11 6.0348922711186774e-09 2.4156114020801054e-09 2.940017484318068e-09 -1.9802727755974411e-10 1.6588743807217844e-08 1.5902028068546427e-08 2.3317233507137572e-08 2.0452578774529368e-08 4.1853860610307019e-08 1.6090980067403511e-09 -4.7668317696659577e-08 7.7265583161397216e-09 -1.2159700388462839e-08 9.1081113393554754e-08 1.0210546665872626e-08 -4.249854886671447e-09 4.4841138842803272e-09 -3.7735058283097238e-09 -2.0114845550483337e-09 -1.2734203027023241e-08 -4.6767879399124866e-09 9.1256324496978156e-09 4.7209367099766883e-10 -1.0382609516127127e-08 -1.6009997664679944e-08 -2.7049512301039385e-08 -1.2434382267772944e-08 2.3617038831596673e-08 -1.5045618257784484e-08 1.3004963388812895e-08 -1.9720462018051995e-08 -5.7705069809462442e-08 6.7654183849895074e-09 3.1434877531169162e-09 4.776135884475238e-09 -8.6412339094655447e-09 1.2292542210053668e-08 1.7174465463385393e-08 5.016784839463732e-09 6.7703221677830288e-09 1.8006653961597971e-08 1.6814820596938781e-08 -1.0554706794742409e-09 1.3507669921712902e-08 1.298973660065352e-08 1.3125882950613079e-08 2.5592032890536886e-08 4.0272978649400929e-08 -7.0584676303940175e-09 1.2866981437343849e-09 4.9386140081104172e-09 4.7090848556062359e-08 -2.3077833868493089e-08 -1.0489904723443535e-07 
-1.9828402679094371e-08 4.8422775037868647e-09 1.0749149931641937e-06 -6.0433786644064322e-09 -1.6798460716603171e-08 6.5140959080981787e-08 -1.5627073864979618e-08 2.3918486320513662e-09 -5.5179309728960232e-09 8.1068790844971668e-09 -1.2554417314793057e-08 1.2862855830700654e-08 7.9472958807352696e-09 1.5222758842934425e-08 -2.5874802077620678e-08 1.6090263410927991e-08 -3.8247114686076985e-09 -2.8303131300863228e-08 -1.0021297662801919e-09 -8.9412091452808404e-09 1.8224330977620891e-08 1.7564928438568569e-08 9.8934857672163382e-09 -2.1108583348184326e-09 -1.406638370366615e-08 8.0475787290704305e-09 9.5275137518250589e-09 -1.2834305553640882e-08 -1.4556839954863276e-08 3.9624636536657684e-08 7.3195814791366448e-09 -5.0301798278695384e-09 2.1056127298644202e-09 2.8707164170670698e-09 1.0366926682594673e-08 -6.684369643762772e-09 4.8503526835615793e-08 -1.5010624323695703e-08 1.4200494006746926e-09 -2.3996189929213421e-09 1.9748787025163865e-08 1.0240240940990904e-08 1.150414432955951e-10 7.3865625926887381e-09 6.3133728666045587e-09 -1.112464056055033e-08 -1.1345650483047592e-08 -2.4206618540996837e-08 -4.7617135129479205e-09 1.06836805841351e-08 7.3683926109234239e-08 -3.0722740334752443e-08 -4.8706895501519733e-10 -5.685693245391849e-09 1.6110916007275054e-08 -1.2757346673259637e-08 -3.52311822107457e-08 3.2345352720782451e-08 -2.3585582801815383e-08 -1.7929835729487018e-08 1.4394528484883454e-08 -2.5195520574204986e-09 -2.5855610927301071e-09 -9.8668849091008078e-09 -1.0215391366935489e-07 -4.2710894965513345e-08 -7.649736954681927e-09 -6.1011535302556302e-08 -7.0563429058766804e-08 -1.5872675594289716e-08 4.0916498136976464e-09 1.1214159379637818e-08 4.7568700071349024e-08 1.5316305454789172e-08 -4.7785054513140326e-08 1.1408773749994537e-08 -2.0295368259477375e-08 -6.3912035969907495e-09 -5.6988896218618319e-08 2.6693846321387363e-08 -1.6321839398331766e-08 3.1694450290740608e-08 2.5736387117920509e-09 3.7453177552015003e-08 6.7470788347343589e-08 4.149572316012832e-08 -4.2198522124839103e-08 -3.4337077994365898e-08 -1.2149784360113471e-07 -3.7435077428254073e-08 -8.7252014759266441e-08 
1.4264217292805498e-08 1.4895865773031151e-08 -6.0433786644064322e-09 1.014144658646428e-06 1.2317822372051821e-08 -5.0710664346808748e-09 1.6448936516130249e-08 -1.0837781603002962e-08 1.2076938423738017e-08 -4.5464432391630452e-09 8.4677592770414759e-09 4.2268166398671513e-10 -1.8327581066125627e-09 4.4849708014045567e-09 1.7310090756094563e-08 2.3259592055918942e-09 2.8654019684517647e-09 3.5137952841616934e-09 -5.3932154751199696e-09 9.4744923971803555e-09 -2.1163011451319724e-09 2.3619251790610685e-09 -1.7930053714518714e-09 -4.4031612202655163e-09 3.6220324686537472e-09 -2.604184883674602e-09 9.601170623012989e-10 -5.5517993539923289e-10 -5.224816821087451e-09 -6.0570205559358332e-09 -3.0134617143351742e-09 3.6949641877315731e-09 2.8025668559422128e-09 4.9283110871335755e-11 3.7114029169054168e-09 7.5897218975127435e-09 -1.2367502695073076e-08 7.8548660943054027e-09 1.4638744395844273e-09 3.2918660435526198e-09 -6.0936693848754007e-09 1.0795081408346169e-08 1.0332176200285009e-08 1.7814641294637078e-08 8.8588064395010866e-09 2.027884576239268e-08 3.0243924365538699e-09 -3.2027976795249832e-08 2.3361803611111336e-09 -6.7839008696649009e-09 3.4808033820671737e-08 1.2365830881888262e-08 -1.8408920794121682e-09 1.9865832190937875e-09 -4.8615008483491597e-09 -2.8409719891917361e-09 1.120566720500335e-08 -8.5225134233174175e-09 1.0106667648538984e-08 3.5167397704067772e-09 -7.5994364037491606e-09 -1.2591238743348875e-08 -5.7659768794921861e-09 -4.4589069778310738e-09 3.165940094927635e-08 -5.492216484382294e-09 9.4982714395618159e-09 2.6799777184175704e-08 -1.8118482614491581e-08 6.7221416245875841e-09 -8.4843016572265884e-10 -2.8196977118249586e-09 -1.8653239091502198e-08 -1.5433587508644862e-09 2.3400796084698491e-08 -1.2723036072818347e-09 7.5159688320057778e-09 2.4345025587230378e-08 1.9942881410592641e-08 3.6880643537202836e-09 1.3614183605692092e-08 4.1869134503230755e-09 8.1804747515774643e-09 6.4740391550767373e-09 9.4648048657904913e-09 -1.4852772628904964e-08 1.1580579227225313e-08 9.1088903959583001e-09 2.7943710935415864e-08 -8.9051458929716709e-09 -5.8893552773961401e-08 
3.611517462077737e-08 1.0901777772748225e-08 -1.6798460716603171e-08 1.2317822372051821e-08 1.0317770595944269e-06 -1.2482342761984505e-08 2.6454733875618475e-08 -6.8324007378575196e-09 9.7261247064199892e-09 -9.120918993061662e-09 2.2898694906180471e-08 -3.1296956245529125e-09 -1.8213217847301866e-08 -2.1427868180644856e-08 4.5965562219919507e-08 -1.2481266936468564e-08 3.7081396720111151e-09 1.556868929918317e-08 -8.2965388197927628e-09 1.2299912798449847e-08 -7.8229490911311964e-09 -8.0765767629595777e-09 -4.393478426521761e-10 -1.0408464611191151e-09 8.7208975757009371e-09 -4.1187069457651318e-09 9.6605821477641668e-09 5.0874011154766766e-09 -4.0189596804680479e-09 -1.8842550459392363e-08 -1.2795958025439545e-08 5.5464654700906661e-09 -4.3812917902776119e-09 -6.6177749666264489e-09 1.9420750339929253e-09 6.7242823237500529e-09 -4.3327823508097877e-08 1.8874576968511024e-08 1.627693921794469e-09 4.9068824731654382e-09 -1.5543055413010661e-08 4.6584079636638959e-09 1.1146042397806042e-08 1.0199973258492924e-08 -2.0548399575376522e-09 3.2068898296713439e-08 8.5384253364246667e-09 -2.1453138407100536e-08 -1.1205145292168393e-09 -1.4027598789644507e-08 1.7305065115492806e-08 2.9682734082408358e-08 -1.7476926112964292e-08 1.0951107138884202e-08 -9.3326948277077599e-09 1.2416864866600453e-08 -4.7050972943598518e-09 -2.9700695145723589e-08 3.0570571680784495e-08 9.1540389953465495e-09 -4.2122006956589572e-08 2.6267415029876987e-09 -1.597095555627167e-09 1.8417656701615623e-09 3.9896518520641647e-08 4.537721106200499e-09 1.3909495248998637e-08 2.4533264994347935e-08 -2.1386039761325878e-09 1.3780442487487196e-08 -1.1463141278941926e-08 -1.99182168577054e-08 -4.3203019603693877e-08 4.8670487461161898e-09 4.8330232631061586e-08 -2.0668583375158645e-08 1.2283442297694626e-08 5.5538778609737826e-08 3.3764973759643492e-08 -3.0461221584607593e-08 1.815135855054299e-08 -9.4844434090012684e-09 7.2367415305593134e-09 -1.2832951426741776e-08 -1.6563262100364671e-08 -4.2162485299585789e-08 5.0532135399901253e-08 2.4370523605747715e-08 1.6435253280086117e-07 6.8874693852838678e-09 -8.1197243357610171e-09 
-1.585206765627408e-08 -1.9172072070843224e-09 6.5140959080981787e-08 -5.0710664346808748e-09 -1.2482342761984505e-08 1.0591482563172893e-06 -1.3957443461200823e-08 5.7911055646862594e-09 -5.7368200899184129e-09 6.7273800141226076e-09 -6.9746477118382398e-09 8.6946804629989507e-09 3.7481662047202862e-09 8.6815908049859882e-09 -2.0827403914917143e-08 1.2691846753550377e-08 -3.5226419504000601e-09 -2.1430991459264353e-08 -1.4037781104840797e-09 -6.3078583013320202e-09 1.5068046977446618e-08 1.4510396645351637e-08 1.2164444273306844e-08 -1.1210939818720783e-09 -1.1270911772667766e-08 6.6868020819208051e-09 6.0767104962201535e-09 -9.8959169907827196e-09 -1.2241585457652968e-08 3.1622888526170893e-08 8.5461567936251556e-10 -3.4224444949732174e-09 -1.9776209369597734e-09 1.0681027339866284e-09 5.7748594971623837e-09 -8.1111989479841678e-09 3.5347731477164182e-08 -1.1247830748652586e-08 1.1728394190543036e-09 -1.8518764050279629e-09 1.4509062758670258e-08 7.8653383870862084e-09 -1.0806515895942663e-09 5.601717997954277e-09 -9.5092142557310371e-10 -1.3068377520322203e-08 -9.4197786083492615e-09 -1.7067432194931999e-08 -5.3981929021915555e-09 1.133101335442168e-08 5.0643566386919728e-08 -2.4255532154148216e-08 -3.5581132882699793e-09 -3.8523297746772168e-09 1.4440906654335665e-08 -8.6963390177232077e-09 -3.0921627121967809e-08 2.5939187098326779e-08 -1.732206717255287e-08 -1.5317040549012948e-08 9.1067928222612338e-09 -6.7984571636625207e-10 1.019861114253742e-09 -6.2478745280511161e-09 -9.0267306931205545e-08 -3.5902451447598223e-08 -7.842369018845489e-09 -4.0655024929318258e-08 -5.0878232425868461e-08 -1.3413005031846757e-08 2.4514125758392762e-10 3.7583926531960405e-09 3.5993509627244292e-08 1.2915120830863044e-08 -3.7876216179762603e-08 4.5354328796901455e-09 -1.8580883382125287e-08 6.5408487850472846e-09 -5.2027268120676102e-08 1.7651250503618481e-08 -1.467878780291921e-08 2.688066921022178e-08 1.0052756143554332e-09 2.6377804974548119e-08 5.0275081648620966e-08 3.1334943956409982e-08 -2.8675137738962698e-08 -2.8831160159849232e-08 -1.0285555274130076e-07 -2.9483288656777227e-08 -6.2724231826262142e-08 
3.0988535449273278e-08 2.196513055843794e-08 -1.5627073864979618e-08 1.6448936516130249e-08 2.6454733875618475e-08 -1.3957443461200823e-08 1.0294574021655406e-06 -1.3590365861178181e-08 1.4289705759183906e-08 -9.2236879655566462e-09 1.7357537903136946e-08 6.2915255089070367e-10 -1.377093216576088e-08 -1.3186155204042994e-08 3.9639258060246606e-08 -5.8249201608651549e-09 4.8299990804641163e-09 1.1494565968820287e-08 -8.8610725495154441e-09 1.3238879596659558e-08 -5.9155288800457213e-09 -5.5664222278998018e-09 -5.103518254749533e-09 -3.0908224480286961e-09 8.8718293781990314e-09 -2.812070308239158e-09 7.8764919768637187e-09 2.6997036610253986e-09 -6.7096323601541131e-09 -1.4058077266523672e-08 -7.2202488639092846e-09 5.0129936965697329e-09 1.2748437857399748e-09 -4.3692991533229933e-09 6.4559406669710935e-09 1.1752568147312287e-08 -3.152292039393552e-08 1.611794748624902e-08 1.9409334608091985e-09 5.1120424945143086e-09 -1.2592257612170946e-08 9.3592621350700596e-09 1.4245868655023288e-08 1.7433291612234536e-08 8.5990276660498974e-09 4.034336800433054e-08 7.2751361108375121e-09 -3.7180112058060941e-08 3.8402816501865619e-09 -1.4635755956703753e-08 4.0782721101783425e-08 2.7259373511613845e-08 -1.1064707545120249e-08 9.6233228109810111e-09 -8.9135958233514309e-09 7.9699474907673535e-09 1.5371197568110702e-09 -2.432431046074501e-08 2.7098000112639383e-08 8.9716742502516552e-09 -2.6789042729154627e-08 -9.939631149825009e-09 -7.1655633147071423e-09 -1.426445019471533e-09 5.0273277152368272e-08 9.109042602189764e-10 1.6473757618712243e-08 3.0499567741672722e-08 -1.5905049735563496e-08 1.3659303327795481e-08 -6.9928214572340868e-09 -1.2917550588191979e-08 -3.7908782721213087e-08 3.5369707558424096e-09 4.5394111329398204e-08 -1.3218472429910579e-08 1.2622716645654976e-08 5.1736492012213334e-08 3.3569776735208634e-08 -2.0374913614076775e-08 2.2264622479086947e-08 -5.0918580303714156e-09 1.1166920200112112e-08 -3.2064570310502294e-09 -9.2272320676377596e-09 -3.5781973120128102e-08 4.0177249930102831e-08 2.1044354960404731e-08 1.4876712882939432e-07 -1.5274868605435604e-09 -4.8029809477904316e-08 
-9.595621054604512e-09 -2.1242289274987693e-08 2.3918486320513662e-09 -1.0837781603002962e-08 -6.8324007378575196e-09 5.7911055646862594e-09 -1.3590365861178181e-08 1.0186693755030282e-06 -1.0837992798224214e-08 2.7327838679078549e-09 1.3805840724118165e-10 -4.7217210948821778e-09 -6.6754481805413181e-09 -1.7633572156285781e-08 -1.1591564345880002e-08 -5.250354553703202e-09 -2.0115225770311214e-09 4.2277801267833101e-09 3.3860045349067636e-09 -4.509346225460752e-09 -2.9797475884246613e-11 -6.3667203765785938e-09 5.6916443214687206e-09 4.7132783883771115e-09 7.0786900818357209e-11 2.580588121845758e-09 -4.6730848669039144e-09 3.5102918355314171e-09 6.2317232812924662e-09 -5.8771384012356918e-10 -6.6236710760191404e-09 -1.7242002982817908e-09 -8.6790294972439837e-09 -3.7295956905501161e-09 -8.5761809714831684e-09 -9.6801839055795553e-09 -3.9784402650546696e-09 -3.2876799078507831e-09 -1.9784557585964304e-09 -2.780876446119413e-09 -4.8762820248729885e-10 -1.163648826264759e-08 -1.1249612913268181e-08 -1.7409609318030729e-08 -2.3342154308843831e-08 -1.9628383689212414e-08 -1.7895016797356448e-09 3.8072644869901069e-08 -1.8709331767566728e-09 9.8849683003004191e-09 -6.0904517676732841e-08 -4.0796191975098945e-09 -5.1751955470204635e-09 1.8760687385323664e-09 4.7875771251067667e-09 1.0066919500867229e-08 -1.3400640659842716e-08 3.2208762783753744e-09 -2.0500084117304658e-09 4.6412387337372796e-10 2.8091300481723393e-09 1.3815829063164529e-08 8.0056224489582573e-09 9.4748858975852469e-09 -2.6818665451199313e-08 8.9952582934221838e-09 -9.9091360723326134e-09 -1.9052922924668823e-09 4.0608571307685792e-08 -3.8141278412976717e-09 -6.020253417539766e-09 -1.0335493488245434e-08 3.4396901465171798e-09 1.1606319263699376e-09 -1.1449856878816267e-08 -1.0759415558618517e-08 -7.5420591804062085e-09 3.3784208012251048e-09 -2.0814295858518481e-08 -1.9930563951366596e-08 -1.0007146006925965e-08 -9.0374691802935096e-09 -9.3812257733968315e-09 -2.0095341623615476e-08 -2.6673894392441201e-08 4.9932354887555113e-09 2.7002226379912177e-09 -6.1005073082460622e-09 -2.0826648391021e-08 1.7861321457733458e-08 8.4127622100527805e-08 
1.1730639954547609e-08 1.5435772609877311e-08 -5.5179309728960232e-09 1.2076938423738017e-08 9.7261247064199892e-09 -5.7368200899184129e-09 1.4289705759183906e-08 -1.0837992798224214e-08 1.010819093371925e-06 -3.7956824170543948e-09 5.6244352058300204e-09 1.3454397214577595e-09 -2.3129291072200136e-10 5.6452792959164326e-09 1.4249895017099294e-08 2.4041014412878869e-09 2.5528293619070378e-09 1.8367223110788929e-09 -4.3591343585566501e-09 7.5443736853936625e-09 -1.5882196370047469e-09 2.2282441505999394e-09 -3.1447753801866195e-09 -4.0985525405906357e-09 2.7678067225032579e-09 -2.1483625083429678e-09 1.6320476597457407e-09 -9.3471576498845102e-10 -4.5249261853315033e-09 -4.2193752753219111e-09 -2.0827675414463972e-10 2.7686810695392381e-09 4.0442197327019091e-09 6.497100714393766e-10 4.5095696218904726e-09 7.519917652554418e-09 -7.9176091534326842e-09 6.0085546813353119e-09 1.2679661747240175e-09 2.7114466521771108e-09 -4.1637372766572219e-09 9.6263342660625599e-09 9.2940586135651061e-09 1.5535900188477856e-08 1.0299506171306854e-08 1.8859792832585045e-08 2.4572398323214186e-09 -2.8912667878519037e-08 2.5350396315132456e-09 -6.6877690265290041e-09 3.4959330551842556e-08 9.6730428048367686e-09 -2.3886004830561497e-10 1.2483035830494966e-09 -4.4381897697298622e-09 -3.3535278987246507e-09 9.8499022083700809e-09 -6.4958424252325136e-09 7.3510642280772924e-09 2.9976249953010684e-09 -5.1830434044672565e-09 -1.1344483898339165e-08 -6.443347433519759e-09 -4.7361620026154513e-09 2.8114988111028745e-08 -4.9603186254619279e-09 8.6448030427263609e-09 1.7910343355782888e-08 -1.9494230839679354e-08 5.6630119005042762e-09 6.8313684252590732e-10 9.4235849154106892e-11 -1.3870014888681952e-08 -1.219255872130395e-09 1.8654431284392375e-08 1.1832763536864546e-09 6.949132236286749e-09 1.5557214201589918e-08 1.8437606486416134e-08 5.3086814404131843e-09 1.1905095376168437e-08 3.6575736623265782e-09 7.4837103438679154e-09 7.957748264119284e-09 1.1399659489933179e-08 -1.0884553104948854e-08 6.6445318183148464e-09 7.5363975801512633e-09 2.2971920884451087e-08 -8.628631733752477e-09 -5.5466916633916357e-08 
-1.0497924531694406e-08 -4.7726162170704643e-09 8.1068790844971668e-09 -4.5464432391630452e-09 -9.120918993061662e-09 6.7273800141226076e-09 -9.2236879655566462e-09 2.7327838679078549e-09 -3.7956824170543948e-09 1.0033755067746634e-06 -6.4750851638620829e-09 9.0930412318225347e-10 5.8048759178989517e-09 6.5848328358373225e-09 -1.3379227871528093e-08 3.3071350388033605e-09 -1.573992337467923e-09 -5.6075607150158537e-09 2.7675127877543807e-09 -4.4351716674088959e-09 2.8503935011416118e-09 3.4972463081426234e-09 1.928628349854286e-09 2.5353144626046989e-10 -3.8876645473904863e-09 9.5352607659351083e-10 -2.2502423103806652e-09 -1.9871716466819213e-09 1.1058482577940728e-09 6.5750418782234846e-09 3.5685019286157889e-09 -1.7750660960960896e-09 6.1824800052712787e-10 1.9554009794323526e-09 -7.445329203550135e-10 -3.4019014780537577e-09 1.3459267826632361e-08 -5.8993588618454371e-09 -4.1271635079350436e-10 -1.5451646514275848e-09 5.2591255822413327e-09 -1.4344902568630189e-09 -3.7603079452967313e-09 -3.707986082706011e-09 6.2772476422014173e-11 -1.2445728032734143e-08 -2.7709222165907686e-09 8.2176683236372167e-09 -1.3101149342553415e-09 4.6007944708632462e-09 -4.413321618339444e-09 -1.0250049666902932e-08 4.218765767781408e-09 -3.8693448606894628e-09 3.1174228759257949e-09 -4.3270390799348877e-09 -1.018249401452473e-09 9.5472563631266988e-09 -1.0431087906142927e-08 -3.6667878928750009e-09 9.5914506567664981e-09 1.9593642949659958e-09 1.6548736860897652e-09 -1.2021769283630001e-09 -1.91657159278919e-08 -3.5642917065047751e-09 -4.8393455674541963e-09 -1.1609463517141451e-08 -1.8144033522103384e-09 -4.9368467115005995e-09 3.1871254659726286e-09 5.7301219383574327e-09 1.4678102780269298e-08 -5.7807909239616296e-10 -1.6438641571406465e-08 6.1002102433376417e-09 -4.2442058600251619e-09 -1.9519007466632201e-08 -1.1113687187188389e-08 9.4385424653814251e-09 -7.0415843309058799e-09 4.0528707843910242e-09 -2.7149402976759056e-09 5.0520428585472647e-09 9.7645942100295945e-09 1.3678458073409909e-08 -1.6601319745365998e-08 -7.9611051011298457e-09 -4.8578497285999447e-08 -2.9113915689433876e-09 4.9570612617458859e-09 
2.4945089371894198e-08 7.5542663119427719e-10 -1.2554417314793057e-08 8.4677592770414759e-09 2.2898694906180471e-08 -6.9746477118382398e-09 1.7357537903136946e-08 1.3805840724118165e-10 5.6244352058300204e-09 -6.4750851638620829e-09 1.0197041929665621e-06 -4.8987108580404497e-09 -1.6623730446241743e-08 -2.131959698821921e-08 3.2280952478558158e-08 -1.0195802139973098e-08 2.6294521117912459e-09 1.4784401342397919e-08 -6.0480075433969436e-09 1.0062753930534596e-08 -6.2521955329661052e-09 -7.3335711264664753e-09 3.3183864234310128e-09 1.2762861498716036e-10 7.2305083624155202e-09 -2.4886109212794285e-09 4.0921273627409699e-09 5.0146856676856001e-09 -1.5986403284790057e-09 -1.5679244856681747e-08 -1.4843817702532539e-08 4.5292403252120251e-09 -7.3450824552491819e-09 -6.4161518511442048e-09 -2.4316021872455777e-09 2.1500886356606396e-09 -3.5751276769559591e-08 1.4065542086694624e-08 6.9286697267509151e-10 3.3951656634758883e-09 -1.3291332137657247e-08 1.2576466519832229e-09 5.4759763894564131e-09 4.9085430109072848e-09 -8.5447438792772223e-09 1.8667896826851774e-08 5.9226126528078548e-09 -7.478149071313165e-09 -1.0383657218620669e-09 -7.2495260252330948e-09 -6.4288975355203362e-09 2.2790835501419969e-08 -1.5244171661265363e-08 9.0395865189718861e-09 -5.3918937597779891e-09 1.2137779005679271e-08 -4.1463571761251324e-09 -2.2187357959016387e-08 2.4414148610662736e-08 7.9065879358060367e-09 -2.9637227832143411e-08 3.6541473279185834e-09 2.7925475182237181e-09 4.636481457414855e-09 2.6653036226864648e-08 5.3211065300767372e-09 8.3496515333344672e-09 3.1461098760877664e-08 1.2976632745941624e-08 9.7735364081373643e-09 -1.1912706749101222e-08 -2.1077743805755952e-08 -3.4761716790400939e-08 2.5797130283186591e-09 3.6030316361739006e-08 -2.0993222806690018e-08 6.6776882135185484e-09 5.2268915102893637e-08 1.8198215416128074e-08 -2.9646024295769189e-08 1.2817635585891598e-08 -9.5735579477470073e-09 3.322341964269764e-09 -1.736829439177144e-08 -2.3053708722476655e-08 -3.2505606154559181e-08 4.2433976283362564e-08 1.6593453554921605e-08 1.3310923580934626e-07 1.0389295798222096e-08 1.6815597691724001e-08 
-2.6031414545967984e-09 1.2030172221877248e-08 1.2862855830700654e-08 4.2268166398671513e-10 -3.1296956245529125e-09 8.6946804629989507e-09 6.2915255089070367e-10 -4.7217210948821778e-09 1.3454397214577595e-09 9.0930412318225347e-10 -4.8987108580404497e-09 1.0062013388877593e-06 1.8796753886774675e-09 2.9334012379258983e-09 -3.3353525790889941e-09 4.3973336019395508e-09 -2.67864694479639e-10 -7.9752946409804117e-09 -6.0539177603047872e-10 -2.1721550587660368e-09 4.1971410223790676e-09 3.0001574600858266e-09 -1.2738581394601929e-09 -1.8245284140783022e-09 -2.8542852005353767e-09 1.8743010638962815e-09 4.2605160025101032e-09 -3.8920070044787884e-09 -4.2735920645719997e-09 9.8543544377800937e-09 6.5861336545617553e-09 -1.7762714049079555e-09 4.5034122885102981e-09 8.6794588074628383e-10 7.0502861986349829e-09 2.2398810082968009e-09 1.300619303557492e-08 -3.0806753987146568e-09 5.9345246332740738e-10 -3.2726336537915464e-10 5.1845254902268295e-09 4.3965241137524047e-09 3.1291650512201836e-09 4.4691258454342457e-09 6.9630779661873944e-09 7.1638590931355501e-09 -2.263023586462658e-09 -1.2275082236471509e-08 1.8247350465545094e-09 -1.4150796459221339e-09 3.3889032221584418e-08 -5.0279417911451913e-09 6.8292746000471523e-10 -4.6020997274708277e-10 2.5610896594295043e-09 -2.8484213703350785e-09 -9.9442640575600091e-09 5.98786705241796e-09 -3.7153362180215099e-09 -3.6362798686448555e-09 4.2148898763606535e-09 -3.9507898753201525e-09 -7.0811641370875138e-09 -4.9554520049621726e-09 -1.1386339890508467e-08 -9.2815436047155715e-09 7.997613494938654e-10 -2.3058081309027199e-08 -2.6455829147970357e-08 -1.9077388919046409e-09 2.8742927460706816e-09 5.7144192270097908e-09 9.8853874228969648e-09 6.18639875356534e-09 -8.0298611241103381e-09 5.3220058123710657e-09 -2.8901190793205038e-09 -2.3796162203033484e-09 -8.239365923544286e-09 5.435913996315705e-09 -1.4158235214935382e-09 8.1393954187218514e-09 2.8143454457951259e-09 1.3710650969186228e-08 2.112200518363492e-08 8.9194411683260685e-09 -1.0567660486310886e-08 -6.5495162672982685e-09 -1.4775360909969729e-08 -1.2067718465490105e-08 -3.5959567574183932e-08 
-1.9789234239241062e-08 -3.146693344786668e-09 7.9472958807352696e-09 -1.8327581066125627e-09 -1.8213217847301866e-08 3.7481662047202862e-09 -1.377093216576088e-08 -6.6754481805413181e-09 -2.3129291072200136e-10 5.8048759178989517e-09 -1.6623730446241743e-08 1.8796753886774675e-09 1.0254528051551762e-06 4.0861614311426051e-08 -2.7195302985384119e-08 1.2558950188095965e-08 -2.1009124594485366e-09 -1.4693442840750912e-08 4.8086044451266446e-09 -5.9860668724029499e-09 4.506242327568442e-09 1.4495941551790917e-08 -3.0748831503353864e-09 -2.4663074208009416e-09 -8.127631461296421e-09 -1.8189097696322079e-09 -5.3002670635567915e-09 -5.834668449764256e-09 7.9652520530748524e-10 1.1052010453591912e-08 1.3660591282577728e-08 -1.8263648868503857e-09 8.8914652721643197e-09 1.0326950205349338e-08 2.3657042569379631e-10 -2.2294360325826161e-10 3.3044057508627578e-08 -1.1505124241464158e-08 2.2076108305943319e-10 -1.6474951461474442e-09 1.1770830741903495e-08 4.7127616945836179e-09 -7.1051510853973689e-10 4.6236244886148358e-09 1.7286880251432214e-08 -2.205577609708784e-08 -4.5022185512020578e-09 -8.5089631241566982e-09 -2.8572673453058079e-09 4.5733813798962535e-09 2.0670592907446873e-08 -2.2093172925763948e-08 2.0598617748024823e-08 -1.4071832423863418e-08 1.1885931696723151e-09 -2.2740036169389442e-08 2.5886880702824639e-08 2.0915766875409578e-08 -2.7760409644222293e-08 -8.226603095352637e-09 2.5821520058347971e-08 -7.9713741069689297e-09 1.4429781494733415e-09 -9.3698574693990056e-09 -1.2843601281727664e-08 -9.8307758936093235e-09 -5.0813308183327441e-09 -1.5182514254955334e-08 -2.4985616958394321e-08 -8.5296293630811329e-09 1.5869096773314497e-08 2.7107590796664767e-08 3.1072207295672287e-08 -1.0745271183338455e-08 -2.910988125533953e-08 2.880183653188558e-08 -5.3382235009134778e-10 -6.4425987509284029e-08 -1.2229792823708356e-10 5.2057028418740336e-08 -8.715951349340739e-09 1.4245174575254591e-08 -3.0710152878751478e-10 2.554771287750221e-08 3.8385423419396778e-08 2.9486720170670761e-08 -4.8078943668195091e-08 -1.156924024685147e-08 -1.6804744275113141e-07 -1.7065101899473227e-08 -5.4096333614404395e-08 
-2.2947533381008653e-08 -1.4708809352734824e-09 1.5222758842934425e-08 4.4849708014045567e-09 -2.1427868180644856e-08 8.6815908049859882e-09 -1.3186155204042994e-08 -1.7633572156285781e-08 5.6452792959164326e-09 6.5848328358373225e-09 -2.131959698821921e-08 2.9334012379258983e-09 4.0861614311426051e-08 1.0806662181269528e-06 -3.3506022767997762e-08 2.2644353494892771e-08 -1.7450817534507122e-09 -2.3218080948294332e-08 3.0866981187747896e-09 -4.0164737051450641e-09 6.6262038701750043e-09 2.7565597314796712e-08 -8.0895151096935105e-09 -5.37509342112256e-09 -1.1866446476408123e-08 -3.3384299070969272e-09 -8.1098486566112368e-10 -1.016626873516804e-08 -3.5035676659392995e-09 1.763290773574963e-08 1.9435652510435895e-08 -5.1613582673615383e-10 1.5516735250911429e-08 1.7691658196268314e-08 2.4415886639817562e-09 4.0284810759956753e-09 5.007181632014243e-08 -1.4949986920139865e-08 1.2498398240845665e-09 -3.4397581079943696e-10 1.6461939176370798e-08 1.5125604532771517e-08 6.0934536840382814e-09 1.9453643263942754e-08 3.5186199183588517e-08 -2.4934663436803929e-08 -6.1863255554349674e-09 -4.0274455668402437e-08 -4.9177102505420507e-09 3.6913434093877632e-10 6.4035376333560176e-08 -3.1337125049718327e-08 3.316245401895867e-08 -2.1607112165998601e-08 -2.3570022705765219e-10 -4.3138734216694117e-08 5.3606825531625339e-08 2.8990110259575082e-08 -3.9424059571521437e-08 -1.2479399292402479e-08 3.9046658291682594e-08 -2.0966322273153793e-08 3.5982678162179686e-09 -1.7599077364294258e-08 -5.1682840340668569e-09 -2.288509367881486e-08 -1.8226673224789624e-09 -2.0737461935987676e-08 -6.2178233155406181e-08 -1.0526822056616893e-08 2.4723738312264853e-08 4.6606176363698355e-08 4.2179152918354609e-08 -1.9433393964262458e-08 -3.4767297426098582e-08 4.6053946813640168e-08 2.4991420714796003e-09 -8.5534276275232608e-08 8.1240659134879293e-09 1.020563131518541e-07 -5.8633902126656328e-09 2.7226644368295023e-08 5.2747852970910087e-09 4.7642660251259747e-08 7.0419132736178641e-08 4.1833402598577601e-08 -7.1856538776284717e-08 -1.5163258396819892e-08 -2.7621314796549992e-07 -3.7202263544585473e-08 -1.3692459703574417e-07 
5.287428468849412e-08 1.9077503716481424e-08 -2.5874802077620678e-08 1.7310090756094563e-08 4.5965562219919507e-08 -2.0827403914917143e-08 3.9639258060246606e-08 -1.1591564345880002e-08 1.4249895017099294e-08 -1.3379227871528093e-08 3.2280952478558158e-08 -3.3353525790889941e-09 -2.7195302985384119e-08 -3.3506022767997762e-08 1.0686948455371958e-06 -1.9235542604743948e-08 5.8581309463100811e-09 2.2512022041437375e-08 -1.1804533575395824e-08 1.7262780140903246e-08 -1.1401153643724714e-08 -1.3314378185856346e-08 -1.8273494426927065e-09 -1.3484568963366859e-09 1.2844883028882365e-08 -5.3905469306169054e-09 1.5813099812802122e-08 7.2483744140514635e-09 -5.5920835839398805e-09 -2.653043675270037e-08 -1.712736325277206e-08 7.2602500285274266e-09 -5.4567278670563986e-09 -9.9170029367595438e-09 4.3933424489929878e-09 1.1024080796517638e-08 -6.0412046468874089e-08 2.6780965407641268e-08 2.2480582204254526e-09 7.0397223017730315e-09 -2.1438670833290726e-08 5.6132110541614942e-09 1.6096904080097944e-08 1.3124073165850739e-08 1.2010628065053609e-09 5.0537705905174143e-08 1.253940923496375e-08 -2.9615228011713451e-08 -4.7715009786960272e-10 -2.2149638058397267e-08 2.9078168774585936e-08 4.3147378036120361e-08 -2.5418606717935744e-08 1.6593747768189488e-08 -1.3643821437206517e-08 1.9448525085868195e-08 -9.5508309655384328e-09 -4.3861573064247527e-08 4.5034578846603373e-08 1.4707144313454363e-08 -6.1792885558959645e-08 4.762819276982948e-09 -2.423062045417933e-09 2.6893320936716052e-09 5.8458561849944414e-08 7.0807740980085583e-09 2.1711077132968631e-08 3.2607330200034594e-08 -5.0226668733344311e-09 1.992501467579713e-08 -1.654318970864867e-08 -2.8684895996759475e-08 -6.0944017309669358e-08 8.1443905235584053e-09 6.9130685530108193e-08 -3.0405095351492528e-08 1.8016019139071001e-08 7.8064787112009466e-08 4.9187907286498667e-08 -4.9057923773012022e-08 2.8079076513483235e-08 -1.6636637585394428e-08 1.1093013688398037e-08 -1.9323520144357741e-08 -2.5952813777704704e-08 -6.1182931388589587e-08 7.3994187672668142e-08 3.5712298501992274e-08 2.946258070095743e-07 1.1534306179032862e-08 -4.9644851444623134e-09 
-1.4009726622657491e-08 5.7626484564858583e-09 1.6090263410927991e-08 2.3259592055918942e-09 -1.2481266936468564e-08 1.2691846753550377e-08 -5.8249201608651549e-09 -5.250354553703202e-09 2.4041014412878869e-09 3.3071350388033605e-09 -1.0195802139973098e-08 4.3973336019395508e-09 1.2558950188095965e-08 2.2644353494892771e-08 -1.9235542604743948e-08 1.0129628379424199e-06 -9.3634255881821277e-10 -1.1930795588941249e-08 1.0261400286766695e-09 -2.1003251371310045e-09 5.8380748672055484e-09 1.0663250672658544e-08 -2.2024198656320652e-10 -3.1174356750312102e-09 -5.0470527703896926e-09 1.11329176556212e-09 -3.8834673374113351e-09 -5.757397782261183e-09 -4.0565090243070292e-09 1.2613847819104973e-08 7.7315692228341365e-09 -1.1694348614347842e-09 6.1110139442351024e-09 5.3223157766724796e-09 3.7335314970613326e-09 1.0928287124100899e-09 2.452758066220445e-08 -7.6296429140244865e-09 6.3851395463999956e-10 -6.7630459263422636e-10 7.8305609440002992e-09 7.7826395148960655e-09 1.916442726278349e-09 9.8733888854851773e-09 1.0427099259980573e-08 -6.5693439829458573e-09 -4.3973602042827039e-09 -1.8146559907242255e-08 1.2555144105644554e-09 4.4742829101825529e-09 3.1548875482328979e-08 -1.3741437066538173e-08 1.033442675823924e-08 -6.7489605312151994e-09 3.6451066899268301e-09 -1.369672650844105e-08 9.0508658591710463e-09 1.634878578798193e-08 -1.543299069915012e-08 -7.0584891544579135e-09 2.2030911434503337e-08 -1.3077178380780633e-08 -4.3626712581954029e-09 -7.2293801024148547e-09 -1.3057136541275275e-08 -1.4074462200265913e-08 -2.6120209978637545e-09 -5.1781167761418365e-09 -2.686058547569875e-08 -5.5008506404222439e-09 8.0925419380851056e-09 1.4300889149077428e-08 1.9451018620905901e-08 -1.9722106480821908e-09 -1.8382678948855535e-08 1.5613284702258685e-08 -3.8073198124340929e-09 -1.9738102536471928e-08 -1.0934844978445981e-08 3.0942401375230942e-08 -4.0802662371974598e-09 1.6664832297634864e-08 2.556630181722997e-09 2.1128739519438451e-08 3.0778857643557083e-08 2.0516381153751328e-08 -2.9381303977811136e-08 -1.2244503999086259e-08 -1.2023639613116694e-07 -1.9725594396463138e-08 -6.3475912283315372e-08 
4.3942872845073597e-09 3.1958982085440122e-09 -3.8247114686076985e-09 2.8654019684517647e-09 3.7081396720111151e-09 -3.5226419504000601e-09 4.8299990804641163e-09 -2.0115225770311214e-09 2.5528293619070378e-09 -1.573992337467923e-09 2.6294521117912459e-09 -2.67864694479639e-10 -2.1009124594485366e-09 -1.7450817534507122e-09 5.8581309463100811e-09 -9.3634255881821277e-10 1.001147357917998e-06 2.4323117293828859e-09 -1.3691765967313058e-09 2.4483014873762622e-09 -1.2459173870181977e-09 -1.3707888182027653e-09 -1.5321091693808183e-09 -3.9447912737124888e-10 1.8782744585798798e-09 -2.8580865780321643e-10 1.0292186664060621e-09 7.3058721450929429e-10 -7.3988266906174416e-10 -2.7014502904382455e-09 -1.2581622795739819e-09 9.0255669765970382e-10 2.8005094292459206e-10 -6.2085167509314043e-10 6.1241572603527074e-10 2.306163336063908e-09 -4.8970887619585916e-09 2.4374324001188322e-09 1.3127317485341117e-10 8.3719899953162351e-10 -2.1681789764020318e-09 1.1339977742428004e-09 1.9708228133714996e-09 2.4921614110709545e-09 1.7731516815215996e-09 6.9184047465680436e-09 1.1992777733051683e-09 -5.3789400453754041e-09 1.200921923591816e-09 -2.2633334017021765e-09 4.3904992829323526e-09 4.4844981289622135e-09 -1.0378347873295526e-09 1.5679453935222369e-09 -1.5965280140757731e-09 1.3689840296809499e-09 1.8010086339631975e-09 -3.776356210881472e-09 4.1735974810179509e-09 2.5832887780786125e-09 -2.637593229788259e-09 -2.1575349583265804e-09 -6.9919312864206446e-10 3.3776692458846908e-10 9.6857298855223985e-09 1.0458129532224746e-09 3.1054114250983596e-09 7.4422177072625296e-09 -3.9740650311184121e-10 2.334985196068249e-09 -1.0168938130313614e-09 -2.0007234352507497e-09 -6.0222782461253531e-09 -7.2451011251243992e-10 7.2669254205181241e-09 -2.1174686945642187e-09 2.3580500782445297e-09 7.2299792674938774e-09 5.9701473990928663e-09 -3.248677043355993e-09 4.8578696588896383e-09 -2.6632102022460146e-09 1.9062494442028903e-09 -1.5963136798194559e-09 -4.1651484237138154e-09 -5.3031095236407952e-09 5.5889690959044523e-09 3.4514548400300066e-09 3.0424132315888124e-08 1.4123023402436473e-09 -5.1730953431511216e-09 
