DESCRIPTOR_NAME ACE
DESCRIPTORS_FILTERING_TYPE element
NUMBER_OF_DIMENSION 91
NAME_OF_YAML_INPUT BoreAndVacancies.yaml
FILTER_VALUE B
NUMBER_OF_CLUSTER 5
WEIGHT 0.01996155854927513
ESPERANCE -0.00057188621552975904 -0.0023362494310523434 -0.00024348006419615866 0.00062632984236848249 -0.0005162356779200907 -0.00023017852251875544 -0.00096643227313641868 0.0005553182677416025 0.00058511793393232841 -6.8081874318206929e-06 -0.00011303747202735868 0.00034812184892043109 -2.1003780754964707e-05 -0.0032564005788960275 -0.0001658819075922205 -0.00020334784209780933 0.00030030830509478635 -0.00011652759081218351 -0.00028690016898466505 0.00011125837355050001 -0.00067980905649927712 -0.0010137039412977935 0.0001692066270432071 -0.0001371679056400837 0.00010903924101836007 0.00032563191797287897 -0.0014277666754550569 0.00029940802091766216 -0.00018365178807190185 -0.00024374730700900605 -5.983980061204453e-05 -0.0012871077905401941 0.00011470671460284822 -0.00034621355177373499 0.0010281902509228487 2.1122549823400516e-06 0.0007259945051310985 5.6279493540118165e-05 -0.00045295620156662994 0.00042458182788937201 -7.6410385912695851e-05 -0.0011524030383801337 0.0012216380747605672 0.00053177066956368465 0.00066279834948014483 0.00072482499114235905 -0.00047534094078854818 0.00029028663177141974 -0.00010455038436685592 -0.00021964936698597572 -0.00013411783268729358 1.8842463835079073e-05 -0.0008327429834237653 -0.00021124477857447011 -0.00016178738586219199 0.0003678355615960449 0.00013065314775813805 -0.00015831590047069659 0.00014714003258298457 -0.00068413097273657783 -0.00086375931598600924 -7.6041129607122803e-05 0.00036002102151326207 7.2808999939012002e-05 -0.00073520894221805401 0.00023308173863653871 0.00040894237669102546 0.0019069980635531344 0.001288477046045217 -0.00083444028140107029 -1.8146753654502849e-06 -9.4083011652309855e-05 3.6615276631990465e-06 0.0010347133582938252 0.00017568316652859787 -0.00019447174750193821 0.00038172994831116986 -0.00045830208418575315 -0.0001936329026068967 -0.0014513349948090211 3.9527817687507849e-05 7.487335148438069e-05 0.0008204848910110821 0.00075822330700668855 -0.0014360757528853669 -5.5210549285976717e-05 -0.00086954779453443979 5.4035106717646256e-05 0.00041910226214305425 -0.0017807626729259736 0.00090081676142773415
COVARIANCE_MATRIX
1.0620526239970803e-06 -3.6132364407072867e-07 9.1166783026148376e-08 1.2733094698503045e-07 5.439067562583863e-08 8.09413264459613e-08 3.1761419123703372e-08 -2.5695631998030929e-08 1.1766934268589773e-07 2.4409295290469348e-08 1.1289343457283159e-08 -7.5214525377860276e-09 1.4008009651284523e-07 1.4434905187323953e-07 2.2922034710636803e-08 1.4037437616885684e-08 1.9740785221107779e-08 1.0576434099820653e-08 5.5299613631377186e-08 2.402196125413092e-08 -1.1356201297612126e-07 1.7816452304509837e-08 -2.6278371618092339e-09 -2.4949402972296424e-08 3.6109623733300953e-08 -6.5787938645906291e-08 9.2123382180515539e-08 6.2196924192057018e-08 2.2961651554678111e-08 -4.2891603525189829e-08 -1.4595725782017696e-08 2.0936529954559859e-08 2.8679035154132322e-08 -3.4470812066330427e-08 -1.9292923889396975e-07 4.6340296236449166e-08 -3.928874339681326e-08 -2.147026821047018e-08 -9.0919986774816002e-08 1.0326316525412208e-07 3.7787461583373313e-08 -9.6717372391908372e-08 -3.1852059897357969e-08 -6.02310759279506e-08 -5.9019597720559853e-08 -5.2651014974528966e-08 2.4267928843188549e-08 2.3298401640756469e-08 -6.818405604826464e-08 2.5901677277260809e-08 1.3547469844157493e-08 -2.8821461247229123e-08 3.9679798524312081e-08 -2.4138317395676598e-08 -3.4048160859206226e-08 3.1180359769171003e-08 -1.4097440834805656e-08 2.0183713959252334e-08 -1.2212113430370522e-08 -1.1576193541431417e-07 3.9503164984949008e-09 -6.4884636335327056e-09 1.8046723212171146e-08 4.2918336668414506e-08 3.0681304489085631e-08 2.3313219507019892e-08 -1.4528310440194611e-08 -1.1213394129323911e-07 -4.3630619516340898e-08 -5.6241077943159165e-08 8.3349686409118887e-08 -3.7968487591066743e-09 1.0208210347296327e-08 -3.6878672946631697e-08 -9.4659924131965262e-09 2.5779422075707283e-08 7.711966455009765e-08 2.8450149827300472e-08 2.2553674891347613e-08 1.177349932262083e-07 -3.0179501690893441e-08 3.4899879318040132e-08 1.7814358229763542e-07 1.4082168644173249e-07 3.2139776763160926e-08 7.4752050057047735e-09 -2.0144909277169834e-08 3.2965851775904819e-08 -3.9121573636722406e-08 1.4600460525337594e-08 -5.7239664130694517e-09 
-3.6132364407072867e-07 5.0426535241576697e-06 1.3440091636355485e-07 -1.3316619922759391e-06 -2.9902324096377837e-07 1.3670631632859628e-07 9.7470796483211452e-08 2.9598271191981565e-07 -1.2456460676802307e-06 -3.3423465224162174e-07 -1.0045876220748155e-07 1.0678116841555955e-07 -1.4944654000296564e-06 -1.586924626144334e-06 -1.7198101797259313e-07 -2.5168830778085119e-07 -2.0222947182088535e-07 -1.1060688242637684e-07 -7.0869367916763886e-07 -2.2720014879772102e-07 1.4679287490934004e-06 -5.9574294503855228e-07 1.4109219833134016e-07 2.807409897806973e-07 -4.166143624147128e-07 4.9477155711065941e-07 -1.2253887843289714e-06 -8.4689388277388809e-07 -6.4568336983705642e-07 1.0190185165794361e-06 1.1348537011270838e-07 -2.113771127585733e-08 -2.5171776095355524e-07 3.0432627435841914e-07 2.8465914929446044e-06 -5.5176512888759204e-07 1.8489781084092991e-07 2.532403578602476e-07 9.1703702780419471e-07 -1.2705105958710931e-06 -9.595673504961877e-07 1.0485718404189956e-06 -2.1412426591214334e-07 7.3350499061787829e-07 3.1257953100095254e-07 4.5707682033907117e-07 -2.448266932197407e-07 -8.3535766014626323e-07 7.0279844387491011e-07 -6.9609167937072301e-07 2.9542244693004134e-08 2.6089163844412184e-07 -3.8941302273854237e-07 2.1844729319426224e-07 4.3949370623724839e-07 -3.7600680909517962e-07 2.33169219834989e-07 -5.4114765350953315e-07 3.653582732741713e-07 1.3887714129592282e-06 3.4067696815984366e-07 7.2914815440496371e-07 -1.6717896833348892e-07 -5.5486067563295071e-07 -1.4119515274536632e-07 -7.7368251415269176e-07 8.8735316843684614e-07 1.404005843605951e-06 6.3076116153560106e-07 8.063750213105093e-07 -8.8171115112340811e-07 -4.1410246452016694e-08 -1.398824996606255e-07 4.3698656406719272e-07 3.2463359965200334e-07 -3.3812563002321844e-07 -8.4850392364372646e-07 -6.6410278397628222e-08 -2.2649181185638691e-07 -1.5990320322363415e-06 3.8494929123150473e-07 -6.9982971438793734e-07 -2.1768123426320295e-06 -1.6759052443676298e-06 -1.3684049564857574e-07 -1.7025018121249431e-07 1.7197972747340073e-07 -5.4366139993491932e-07 5.0465885433373727e-07 -1.2143049353255437e-07 -8.3964995014677377e-07 
9.1166783026148376e-08 1.3440091636355485e-07 1.628493166499271e-06 1.4846654906641117e-08 8.6884164872452153e-08 5.6392945401222303e-07 1.5424462790231314e-07 3.3437097292417272e-08 4.6027366376465782e-09 -2.8286260339682979e-08 -8.2272175797984473e-10 -1.9674374058474857e-09 -1.5053549401135887e-08 -1.2147003085905962e-07 1.856514660748504e-08 -4.3468108305243315e-08 1.6750270606812978e-08 3.19828371929316e-08 -1.0441100848300821e-07 1.6992057745457258e-08 1.2191678965008693e-07 -2.1090924446042865e-07 5.7842286408702041e-08 1.6094744437768773e-08 -2.6972246251285268e-08 -1.1920803836383139e-07 -1.3577061490909686e-07 -8.5789337714349239e-08 -1.5969584104728935e-07 2.1869392350949127e-07 -1.676724347653109e-08 1.1881014269301001e-07 2.4832840763373902e-08 -2.4403075867846136e-08 3.6609270502970548e-07 -2.2612810859375385e-09 -9.409758393498768e-08 2.5563836683855664e-08 -3.4737711006188575e-08 -7.2838665153714679e-08 -2.4009990381428232e-07 1.5560188656040003e-08 -2.436408722310273e-07 9.5381737853764939e-08 -1.6400985450713617e-07 -5.5182263735595112e-09 2.3560162378398677e-08 -2.5783055171616219e-07 -6.8355321952626115e-09 -1.7375062563052351e-07 7.8343251949459598e-08 -2.0788860406965195e-08 1.2333248015784502e-08 1.5099870976958995e-09 3.9115767630093443e-08 -1.9891896310471927e-08 3.2575415079491622e-08 -1.5404039153963536e-07 9.6630213767933349e-08 9.4534776484149276e-08 1.7022992091936981e-07 3.1042723041168831e-07 9.6195145554972432e-10 -4.8647029505416187e-08 8.6248185042531048e-08 -2.9766390619060604e-07 3.6543557550667368e-07 1.2696347725022881e-07 8.336626642143168e-08 9.5714604895547858e-08 -4.5524721335713493e-09 -6.2005240513835056e-08 -1.914379062044973e-08 1.5966149249370573e-08 1.1367424532553703e-07 -3.77905750531058e-08 -2.1104678703961134e-08 1.2758523321966218e-07 -1.8047738982034282e-08 -2.0909360723200797e-07 8.7028242539804867e-08 -1.064646195335065e-07 -1.5443940042626504e-07 -1.0119668142194896e-07 4.5610572601234719e-08 -3.1315314964210837e-08 -3.4162898420867464e-08 -7.3377550419193078e-08 5.4825177299635877e-08 -8.5925122620688925e-08 -3.6869135622267236e-07 
1.2733094698503045e-07 -1.3316619922759391e-06 1.4846654906641117e-08 1.4978960945753604e-06 1.0638227111160868e-07 6.305860057497678e-09 -2.9848666736800355e-08 -9.2843478394465235e-08 4.6299408923665074e-07 1.1131850086649938e-07 3.3878589956901895e-08 -4.0934164299123379e-08 5.1799616768676047e-07 5.2039781602712585e-07 6.291512813166323e-08 8.7502319102959916e-08 8.011996852486948e-08 5.6380475656290063e-08 1.9370651026715835e-07 8.8751460131807829e-08 -4.9637123733405453e-07 1.5168287977473324e-07 -3.9968837218524127e-08 -9.2549121677635893e-08 1.3410831453587023e-07 -1.7729800627315137e-07 3.9436969384000988e-07 2.8531775715990439e-07 2.1904288618747104e-07 -3.4541989067907738e-07 -3.6780442570715723e-08 1.893782907117811e-08 9.513678957766922e-08 -1.0444369592183739e-07 -9.2821551764588033e-07 1.8208285661153466e-07 -8.7148201513170711e-08 -8.9556321823279944e-08 -3.2574692695456609e-07 4.3153082026382028e-07 2.9080583610540084e-07 -3.4695559778601809e-07 6.419083148023837e-08 -2.179101825956346e-07 -1.3693132731432508e-07 -1.6229770902912355e-07 8.7805665613208087e-08 2.7632608869916438e-07 -2.5154198694407862e-07 2.1869012006452117e-07 1.3169983046583572e-08 -9.4539506838076586e-08 1.2793561742807701e-07 -6.7756537768981088e-08 -1.4701514206203562e-07 1.1087546932001598e-07 -7.3480621862801997e-08 1.6297041457064766e-07 -1.2365496681768549e-07 -4.4636396733642325e-07 -8.0395000168531591e-08 -2.2409787367544367e-07 3.7513864174435362e-08 1.9463102399894518e-07 7.0895348128746631e-08 2.3311231330634032e-07 -2.5259606434505961e-07 -5.1405397142468546e-07 -2.212376667288941e-07 -2.6837522896045344e-07 3.0142997732080609e-07 1.3885018440661789e-08 5.2175041279847343e-08 -1.4976461096456635e-07 -1.0173265572908438e-07 1.152620177998517e-07 2.8433403822872149e-07 4.6791487008947115e-08 7.2914544494596608e-08 5.3382571259654219e-07 -1.3021328147495654e-07 2.2618253632548752e-07 7.2145628755929483e-07 5.3732887410558451e-07 9.6541393467123755e-08 5.9122845883310025e-08 -4.4692474068391438e-08 1.7672289497022346e-07 -1.8773626348145992e-07 5.806674283652998e-08 2.6193017731163239e-07 
5.439067562583863e-08 -2.9902324096377837e-07 8.6884164872452153e-08 1.0638227111160868e-07 1.047925820538983e-06 7.7429037748663213e-08 3.0651374898912466e-08 -2.0759568351066113e-08 9.8172376089759011e-08 1.9370705795013435e-08 9.4888104087849432e-09 -6.1043066847276955e-09 1.1683075984449929e-07 1.1778551973441171e-07 1.9644220976860735e-08 1.0413469827053489e-08 1.64557135624671e-08 9.1909348494528292e-09 4.3551876209839693e-08 2.0299946223271594e-08 -9.1786805021207277e-08 9.9311195854916224e-09 -1.0330254653615353e-09 -2.0866847372473125e-08 2.9984834238377452e-08 -5.752994660541475e-08 7.4171185016236013e-08 4.9336381986303711e-08 1.4003561688980952e-08 -2.8343213213474441e-08 -1.2579587162900281e-08 1.9616212258461512e-08 2.4603715156654007e-08 -2.9464315674033968e-08 -1.5159832911381789e-07 3.7785466639905076e-08 -3.5176293826383926e-08 -1.7075993506445047e-08 -7.6024706078137783e-08 8.3526610037032868e-08 2.4680902307728519e-08 -8.023727189100245e-08 -3.22323978481271e-08 -4.7767297010773755e-08 -5.2751751505094824e-08 -4.4856298732460919e-08 2.0435997874700637e-08 1.2648898280412162e-08 -5.6986367436599109e-08 1.6008148687938733e-08 1.4166402377161355e-08 -2.4419867455373456e-08 3.3400521958571839e-08 -2.1103939449792261e-08 -2.7321380781505157e-08 2.5095535634448244e-08 -1.0022058022952612e-08 1.2945435895193956e-08 -7.1546264376544562e-09 -9.4550959456743122e-08 7.8110950504906795e-09 2.5913526851323981e-09 1.5488622397625041e-08 3.4147803944311779e-08 2.8022110023392165e-08 1.2559456461142069e-08 -3.3911210643269234e-09 -9.1256077487282657e-08 -3.5042617444070792e-08 -4.4792894627930593e-08 6.9536448328254561e-08 -4.0533846186518402e-09 7.9438645112722827e-09 -2.9521394093328277e-08 -5.11741561869954e-09 2.0661317751576659e-08 6.4056545575660472e-08 2.6265931287310379e-08 1.832446014915702e-08 9.3742102867759598e-08 -2.3731155443118119e-08 2.5415800248793601e-08 1.4521877505871175e-07 1.1517721507080948e-07 2.9329888669230613e-08 5.2582294262317255e-09 -1.7201944638749087e-08 2.5249239973437077e-08 -3.165574736076254e-08 1.2355021462785051e-08 -1.4469912376107032e-08 
8.09413264459613e-08 1.3670631632859628e-07 5.6392945401222303e-07 6.305860057497678e-09 7.7429037748663213e-08 1.5065386844286258e-06 1.4006088331094669e-07 3.1631541709477799e-08 -2.3110737517008706e-09 -2.7310602540413774e-08 -1.1886404850390426e-09 -9.1553333181273011e-10 -1.9638912189585362e-08 -1.1731960491231673e-07 1.5884851531551127e-08 -4.1239743444452115e-08 1.3169498444064909e-08 2.7390379965420473e-08 -9.6347426450369078e-08 1.3892543573831322e-08 1.1700812023087957e-07 -1.9107097396767433e-07 5.2371878735402556e-08 1.511281552220746e-08 -2.5198356257688161e-08 -1.0596040385414152e-07 -1.264305062414728e-07 -8.2115670888321171e-08 -1.4937200218418398e-07 2.0483550560621714e-07 -1.471935375791062e-08 1.0627571059682374e-07 2.1300851937387482e-08 -2.073558461645979e-08 3.4327725729467984e-07 -4.5474796463251418e-09 -8.4047203202977437e-08 2.4921021672666271e-08 -2.6400171040504265e-08 -7.2995832981950089e-08 -2.2209645588723325e-07 1.7975325753386296e-08 -2.2084277047034993e-07 8.9399408707659092e-08 -1.4647492757130357e-07 -4.6059800147516887e-09 2.0335309234172197e-08 -2.4048502448732411e-07 -3.278739901701126e-09 -1.6279955784373331e-07 7.285774933343352e-08 -1.7404170653750275e-08 9.4725236984407929e-09 4.1425365452660938e-10 3.7540075673934457e-08 -2.0105449470518641e-08 3.178415473547905e-08 -1.4155462570543349e-07 9.0036079459100601e-08 9.0564226416938643e-08 1.5552133043156407e-07 2.8606029709092234e-07 1.0833006880072304e-09 -4.7535006298781439e-08 7.7821302292860413e-08 -2.7270755205255604e-07 3.3445295429753197e-07 1.2076915035451524e-07 7.5300511602385341e-08 8.9217492969100542e-08 -7.9278993328964263e-09 -5.6158514730880329e-08 -1.8303309200497269e-08 1.7863812058205388e-08 1.0476568957965126e-07 -3.5388552555452909e-08 -2.2533621948649068e-08 1.1451871300216374e-07 -1.7406217040736346e-08 -1.9415633577271486e-07 8.0082850456028604e-08 -1.0090662401497491e-07 -1.4884618204244816e-07 -9.8091328268864483e-08 4.0835170085978949e-08 -2.9191739665294432e-08 -2.9416420091873887e-08 -6.9111814354580304e-08 5.149009884097926e-08 -7.5855000727828399e-08 -3.4247932572766024e-07 
3.1761419123703372e-08 9.7470796483211452e-08 1.5424462790231314e-07 -2.9848666736800355e-08 3.0651374898912466e-08 1.4006088331094669e-07 1.0686409143900546e-06 8.5283379977801059e-09 -3.0120606417574044e-08 -1.7300304491023382e-08 6.8229569503199045e-10 6.7331890784644931e-09 -3.3909054962916048e-08 -3.2959596263422861e-08 5.5714520585880845e-09 -1.8445001267311741e-08 -2.4790721912899123e-09 -3.0077650146220629e-09 -3.4645342893452371e-08 -1.0403199128975198e-09 6.4001266092151511e-08 -7.2725228603730202e-08 1.8516244227888931e-08 7.9024129480551415e-09 -1.3510496953620464e-08 -1.9343682306006599e-08 -5.8097904381954265e-08 -4.2569301794269626e-08 -7.8873402601073158e-08 1.1607654368068005e-07 -4.0338343431562551e-09 3.0895712364437615e-08 4.460617868084446e-10 -2.7174291124449591e-09 1.776824892783468e-07 -2.9342681264546307e-08 -2.7364809463948303e-08 1.0754237878975643e-08 1.1420292440025115e-08 -4.6767830623717916e-08 -9.8816058928305045e-08 1.9839352683288888e-08 -8.4999848265214881e-08 1.8318581528076317e-08 -3.379652008004163e-08 -4.4431894113238375e-09 -7.1810557972348224e-09 -9.6486166606171612e-08 1.6467359289462171e-08 -7.1810927473929671e-08 2.7392034386720283e-08 -2.5698008881822574e-09 6.538023646104351e-10 -1.1917067604939479e-09 1.7970219624264439e-08 -1.0993168517006142e-08 1.2492051112653852e-08 -5.6874870447398226e-08 4.7580352128892011e-08 4.7560958381170601e-08 6.0826026551804358e-08 1.0350578305419507e-07 5.023823828301323e-09 -2.5746246701955801e-08 2.1936729115756634e-08 -8.9765964084755585e-08 1.1785085140088221e-07 6.1204863306213346e-08 3.7159307611735881e-08 4.6028678182638612e-08 -1.7417859409683412e-08 -6.239893157973652e-09 -1.011387742013998e-08 1.4750052291449712e-08 3.5081596132438505e-08 -1.6853906125330823e-08 -1.6533910788290457e-08 2.7146541134756881e-08 -2.8131483538347e-09 -8.3370887771105244e-08 2.2073994440475292e-08 -5.7710430156934509e-08 -7.7358096890892685e-08 -5.1743770112543318e-08 2.4292187915780196e-08 -1.7594606628881134e-08 -8.0134407230369488e-09 -3.6304976315942421e-08 2.3972169446082757e-08 -4.376437797746044e-09 -1.4085458676396637e-07 
-2.5695631998030929e-08 2.9598271191981565e-07 3.3437097292417272e-08 -9.2843478394465235e-08 -2.0759568351066113e-08 3.1631541709477799e-08 8.5283379977801059e-09 1.0268347473090124e-06 -8.724830151231571e-08 -2.5102966491228343e-08 -7.9846157356128434e-09 6.9556467956955261e-09 -1.0587284065967827e-07 -1.3439872393441002e-07 -1.294477262874574e-08 -2.0980280052523352e-08 -1.3780577987358633e-08 -3.9171384965130482e-09 -6.2706167138318776e-08 -1.5096034624588271e-08 1.0977615274991857e-07 -5.2187882724061603e-08 1.2374128260395914e-08 1.9979610598212455e-08 -3.025971252908824e-08 2.5296133416477659e-08 -9.3807370284025069e-08 -6.5762578954374265e-08 -5.361446690492832e-08 8.3338731973292743e-08 7.951681428988217e-09 3.6934433839752784e-09 -1.6464263057051516e-08 2.1485163002276642e-08 2.1287901817095777e-07 -3.5840997844177393e-08 1.0194680952821203e-08 2.1403281147150676e-08 6.4774529245099195e-08 -9.6717004330660639e-08 -7.8815990764014096e-08 7.5576516437785293e-08 -2.3707589520250367e-08 6.6083516950069915e-08 1.2793731671408162e-08 3.4554603143567045e-08 -1.6660268484757718e-08 -6.9487031273030071e-08 5.0004253388450024e-08 -6.0236392750627737e-08 1.0786033243952239e-08 1.7925847996836033e-08 -2.5977013916782185e-08 1.3269029424969705e-08 3.3724075011719117e-08 -3.0343621806135753e-08 2.2606074718923546e-08 -4.6104780527629413e-08 3.09327725822492e-08 1.048463824233705e-07 3.2442191285886747e-08 7.1015467209034911e-08 -1.1831538705715012e-08 -4.4348200969560901e-08 -2.9702493767880687e-09 -7.4263694343593764e-08 8.0954582149241718e-08 1.0509665172089154e-07 4.3593415027844814e-08 5.9886393821925177e-08 -6.3632420392940343e-08 -8.8464015929228851e-09 -1.1081442026460754e-08 3.2266393554931553e-08 2.9583748734173061e-08 -2.5316659245049839e-08 -6.125625955255824e-08 1.3306945202549006e-09 -2.0809428374683349e-08 -1.2566079893069914e-07 3.3950486520872176e-08 -5.2289884332545251e-08 -1.6400439671512112e-07 -1.2551130905150664e-07 -1.1712464551031186e-08 -1.2855856031228022e-08 9.7048991163171492e-09 -4.2209849307486003e-08 3.8563827083403961e-08 -1.6631816610695347e-08 -7.3486943434283142e-08 
1.1766934268589773e-07 -1.2456460676802307e-06 4.6027366376465782e-09 4.6299408923665074e-07 9.8172376089759011e-08 -2.3110737517008698e-09 -3.0120606417574044e-08 -8.724830151231571e-08 1.4308837403943678e-06 1.0411021226782557e-07 3.152827028868069e-08 -3.7996149614661994e-08 4.8365021714713445e-07 4.867680481989894e-07 5.8271614744618653e-08 8.190690152746374e-08 7.392893455052848e-08 5.1863364259347654e-08 1.8386013019618421e-07 8.2040956358458718e-08 -4.6453150541968132e-07 1.459108138123055e-07 -3.8245646531639551e-08 -8.6938139016372255e-08 1.2615280898629056e-07 -1.6367749668286609e-07 3.7002636306948548e-07 2.6694830144769182e-07 2.0621887792921876e-07 -3.2511367043660282e-07 -3.423499654594205e-08 1.551837988893104e-08 8.8392645534960902e-08 -9.7530822936048147e-08 -8.7213550900906372e-07 1.7087463520980167e-07 -7.9528338229897386e-08 -8.3449230482196027e-08 -3.0264229613962468e-07 4.0268831761437983e-07 2.7460976687713676e-07 -3.2416531150795667e-07 6.3271386596266337e-08 -2.0487637744100369e-07 -1.2513306783744257e-07 -1.5082977137792924e-07 8.2346801295766695e-08 2.6090653066247599e-07 -2.3469853365871283e-07 2.0558885580419172e-07 1.0014172981500122e-08 -8.7463578101815252e-08 1.1851692151845312e-07 -6.4061184255845706e-08 -1.374513291554427e-07 1.0430119852347731e-07 -6.8424877929070546e-08 1.5431308803350292e-07 -1.1661155323935383e-07 -4.1874770877255568e-07 -7.7973215978394726e-08 -2.1273355921416219e-07 3.5607704779858995e-08 1.8150183535620924e-07 6.4528211211779484e-08 2.21209360445557e-07 -2.4056644330494081e-07 -4.7918666620212643e-07 -2.0625370134952483e-07 -2.5257283144593663e-07 2.8151343153760042e-07 1.3131754515327309e-08 4.8624826869783264e-08 -1.3870379473936962e-07 -9.5911611452479743e-08 1.0785181482814868e-07 2.6527797659839163e-07 4.184353715282121e-08 6.8172739529879238e-08 5.0025450983431172e-07 -1.2224629940319197e-07 2.1229733091870564e-07 6.7513409632408446e-07 5.037725388301958e-07 8.77552626144948e-08 5.5502135413527582e-08 -4.1365257413506582e-08 1.6606606170123633e-07 -1.7496768562981191e-07 5.4696339623913836e-08 2.4975189476755077e-07 
2.4409295290469348e-08 -3.3423465224162174e-07 -2.8286260339682979e-08 1.1131850086649938e-07 1.9370705795013435e-08 -2.7310602540413774e-08 -1.7300304491023382e-08 -2.5102966491228343e-08 1.0411021226782557e-07 1.0335328696749987e-06 8.9120452104921774e-09 -8.3377948201244563e-09 1.2660630378513014e-07 1.458716845351743e-07 1.3984583484411932e-08 2.2880952621027745e-08 1.5505827770674047e-08 6.0477238587732499e-09 7.4568742926157155e-08 1.8839134129150995e-08 -1.2883711562115403e-07 6.9547828788937214e-08 -1.5012576018688823e-08 -2.107171294208884e-08 3.3829107968850641e-08 -3.796617742107961e-08 1.1600801915921009e-07 8.1508110112862779e-08 7.2627668706410953e-08 -1.1402247070569733e-07 -7.4523939612935732e-09 -2.234198867319461e-09 1.7975233435344397e-08 -1.8086399713249303e-08 -2.7502321019417778e-07 5.6680567313874035e-08 -1.0398608331326349e-08 -2.7881947971519663e-08 -7.8632176572113345e-08 1.1621016517387989e-07 1.0479637442935228e-07 -8.4374352029411344e-08 2.6885531840070326e-08 -6.5261134935605622e-08 -2.1127809518549637e-08 -4.4785337357508869e-08 1.6591895849147532e-08 7.7113787109210717e-08 -6.0745616828426046e-08 7.8198377501091061e-08 -7.2088683568909055e-09 -2.2413042418937864e-08 3.6238143873445472e-08 -1.2572851705142668e-08 -4.1561449584938611e-08 3.0213861553770666e-08 -2.7501683636922463e-08 5.74729220173146e-08 -4.1630108094450636e-08 -1.1920835332377942e-07 -3.9863659567484142e-08 -8.1720465066559041e-08 9.3216515147066282e-09 5.5337346362449341e-08 8.9731278939454976e-09 8.7445544821305342e-08 -1.0213669927539151e-07 -1.3471891033142736e-07 -7.0535343633781963e-08 -7.3444355933497776e-08 7.1706434461595071e-08 1.8066106749124711e-09 1.622572012469835e-08 -4.795404278210862e-08 -3.3930983465261367e-08 3.5100703426515631e-08 7.0505900542502134e-08 6.3520653963204764e-11 2.3825421305558234e-08 1.5649515426274597e-07 -4.2168416377253987e-08 6.9962078819562696e-08 1.8859332445573576e-07 1.3714921960558335e-07 8.0662734499410861e-09 1.7787574739262348e-08 -1.4128354430483418e-08 5.0255735863675207e-08 -4.7878828472922707e-08 1.1371518813458241e-08 7.1946157273178636e-08 
1.1289343457283159e-08 -1.0045876220748155e-07 -8.2272175797984473e-10 3.3878589956901895e-08 9.4888104087849432e-09 -1.1886404850390426e-09 6.8229569503199045e-10 -7.9846157356128434e-09 3.152827028868069e-08 8.9120452104921774e-09 1.0037178444240801e-06 -2.0686004248216774e-09 3.9478754731692788e-08 4.9612924089723075e-08 5.4380932942586721e-09 6.2552738074160109e-09 4.0576280968304635e-09 7.4391760629044398e-10 2.2736827827876273e-08 6.0795774558898848e-09 -3.5916150390888814e-08 1.8859256942355923e-08 -3.751951583302115e-09 -6.6645533846260736e-09 1.0306703472796227e-08 -1.2471314619795311e-08 3.4710766862709552e-08 2.2378295165192801e-08 1.8890722396239221e-08 -2.9171361889223946e-08 -2.8271762863327737e-09 2.1273403446795035e-09 5.9953073588499347e-09 -5.8208198090638937e-09 -7.7993738616961268e-08 1.4689699569539869e-08 -6.0984337459718822e-09 -9.4411371205695522e-09 -2.3500597922698437e-08 3.315605745037134e-08 2.74679530797004e-08 -2.5017809714226345e-08 1.6653511759844463e-09 -2.1464261461728965e-08 -8.8981930609108225e-09 -1.6964479961079861e-08 3.9476888649617808e-09 1.8582596277295798e-08 -1.7915663791610236e-08 2.1424646125575207e-08 5.743061622187932e-10 -7.0375369342631051e-09 1.3718741975588624e-08 -5.1661864722673154e-09 -1.1461243590874716e-08 7.7080073790495063e-09 -8.0138851361054341e-09 1.5627942343993521e-08 -1.0566523927359578e-08 -3.4581950055289555e-08 -7.6825504435996071e-09 -1.9901341403584855e-08 3.5011653252847664e-09 1.5573337119323091e-08 4.2964434725091859e-09 2.5034159903866197e-08 -2.6463153444770485e-08 -4.2798795075828562e-08 -2.2477198859063502e-08 -1.9772961940725371e-08 2.2949861453777592e-08 1.6601233301387174e-09 5.131046772684184e-09 -1.7002305704642633e-08 -9.3036085204792344e-09 1.0647927927439848e-08 2.1289956198030807e-08 2.1217478540197882e-09 8.9269889642601207e-09 4.7795877681747984e-08 -1.5050853581236437e-08 1.7362790465793225e-08 5.5193572593389984e-08 3.9946401747041109e-08 7.9025198778762063e-09 4.2807807002617663e-09 -4.0771021867900987e-09 1.2594943507587777e-08 -1.5134947374763046e-08 8.5637497103405826e-09 1.0564809223482987e-08 
-7.5214525377860276e-09 1.0678116841555955e-07 -1.9674374058474857e-09 -4.0934164299123379e-08 -6.1043066847276955e-09 -9.1553333181273032e-10 6.7331890784644931e-09 6.9556467956955261e-09 -3.7996149614661994e-08 -8.3377948201244563e-09 -2.0686004248216774e-09 1.0060149455583363e-06 -3.91747183521435e-08 -3.2666981394378297e-08 -4.0031028338916014e-09 -8.0356841773518182e-09 -8.5144033435214169e-09 -6.8517285085094586e-09 -9.4853059456258881e-09 -7.2335846027593401e-09 4.0885754583809016e-08 -7.0271734126500505e-09 2.9114046485779966e-09 7.6061418428516227e-09 -1.0365631441794e-08 1.3384791752050277e-08 -2.714430987116492e-08 -2.2064890303874914e-08 -1.9121736251639727e-08 2.8909361719636873e-08 3.1411760742744192e-09 -2.6518551901616247e-09 -8.5513871531233994e-09 1.0656220366112517e-08 6.7095505454084528e-08 -1.2217139573126812e-08 5.0980079615648242e-09 4.4012874172727006e-09 2.6549195829887734e-08 -3.4865108307885435e-08 -2.2919898945651438e-08 2.8081957897635082e-08 -8.9475938398215381e-09 1.3034484873773241e-08 9.6828350271110366e-09 6.0184562464327608e-09 -9.7425692495485504e-09 -2.7341612636815966e-08 1.9277304160061366e-08 -1.8497186710124087e-08 1.0607450509826376e-10 6.9757421274830068e-09 -8.755905566987702e-09 4.5021195494739392e-09 1.1284934429032028e-08 -1.011756621249799e-08 4.5510381208071074e-09 -1.2337493850492112e-08 1.0923478793142911e-08 3.4286134764044586e-08 7.7263484082914626e-09 2.0073221394623424e-08 -3.293522744763333e-09 -1.4836192974577666e-08 -4.165258733378197e-09 -1.4237978547297342e-08 1.831535445745172e-08 3.4533215549968482e-08 1.0001409678218804e-08 1.7471646682888188e-08 -2.4852742428344017e-08 -2.1647284316992805e-09 -2.8938562736854684e-09 1.1065776146985116e-08 7.7681093926841621e-09 -6.312093809178831e-09 -2.3428392208410513e-08 -3.8766085135334737e-09 -2.6089101601299953e-09 -3.3831001771362879e-08 3.7434320470720639e-09 -2.0018581322774598e-08 -5.7618554994196125e-08 -4.3387525939557693e-08 -3.4959401384915779e-09 -5.1087382995938251e-09 3.79108769851225e-09 -1.5375110899033851e-08 1.306208765523548e-08 2.4164451664895274e-09 -3.6525396976233184e-08 
1.4008009651284523e-07 -1.4944654000296564e-06 -1.5053549401135887e-08 5.1799616768676047e-07 1.1683075984449929e-07 -1.9638912189585362e-08 -3.3909054962916048e-08 -1.0587284065967827e-07 4.8365021714713445e-07 1.2660630378513014e-07 3.9478754731692788e-08 -3.91747183521435e-08 1.5878663841841927e-06 6.0629962859085603e-07 6.7467511008395637e-08 9.1855685935441833e-08 7.1543630603259277e-08 4.4684648026756851e-08 2.7217882993150874e-07 9.0233037280545954e-08 -5.4509672494579969e-07 2.3147384760145523e-07 -5.1562049207529413e-08 -1.0719039276059036e-07 1.6033330590450898e-07 -1.9661305364801321e-07 4.7821833201047117e-07 3.1581942235690522e-07 2.5220144279707562e-07 -3.9792899054769807e-07 -4.134187645705575e-08 1.4097194294384002e-08 9.8071942785797343e-08 -1.0532994983610661e-07 -1.0957912678583115e-06 2.2621256205816561e-07 -8.332991401753452e-08 -1.0632815307402246e-07 -3.4865588204020049e-07 4.7157786994874592e-07 3.536200272921612e-07 -3.7852810052169133e-07 6.6262925930774299e-08 -2.5566390530183032e-07 -1.3968724407693787e-07 -1.9896276198905002e-07 9.4060699204995927e-08 2.9205045199023114e-07 -2.7652994264711475e-07 2.5405932107000993e-07 1.102771452317847e-08 -1.0210158599679115e-07 1.5212306470930921e-07 -8.9145127893702364e-08 -1.6340530285009302e-07 1.2053274649633377e-07 -8.3471542450595443e-08 2.0039759412493519e-07 -1.4422514133739328e-07 -5.1279977818700034e-07 -1.097839733152914e-07 -2.5468439809089274e-07 5.0939265387608615e-08 2.0960646505567783e-07 6.8681421093712638e-08 2.8656775067064453e-07 -3.1674499106975207e-07 -5.7214363731823038e-07 -2.8124315940697489e-07 -3.1670713509314691e-07 3.3743068304719314e-07 6.4121226822265513e-09 6.1614126606051735e-08 -1.7282198096844296e-07 -1.1773685348688738e-07 1.3987924429199946e-07 3.1499594150611573e-07 4.2361898059691801e-08 9.2340354388528063e-08 6.2945432752367419e-07 -1.6326027352746886e-07 2.5911312833072127e-07 8.074127291557413e-07 6.05227280698797e-07 8.7756637656127407e-08 6.797019704552845e-08 -5.4611226513689309e-08 2.0078561579422845e-07 -2.0343172540581767e-07 7.2384697443424271e-08 2.5283046926070359e-07 
1.4434905187323953e-07 -1.586924626144334e-06 -1.2147003085905962e-07 5.2039781602712585e-07 1.1778551973441171e-07 -1.1731960491231673e-07 -3.2959596263422861e-08 -1.3439872393441002e-07 4.867680481989894e-07 1.458716845351743e-07 4.9612924089723075e-08 -3.2666981394378297e-08 6.0629962859085603e-07 1.827020843461533e-06 7.6116524360328173e-08 1.0822248476499271e-07 6.3536225933275568e-08 1.9896469324534214e-08 3.8030614841818991e-07 8.9470400645125546e-08 -5.9003560650957857e-07 3.1754457911564161e-07 -6.7734192683893605e-08 -1.0491049280963476e-07 1.6343131950244689e-07 -1.6479726529392459e-07 5.5822156467348435e-07 3.6919041907465825e-07 3.1710902906064812e-07 -4.8893327257934182e-07 -4.0327358105655564e-08 -4.7286215512883154e-09 8.7478563680336958e-08 -9.0474557374243272e-08 -1.2434174782095343e-06 2.2395114642172152e-07 -7.1672425424697609e-08 -1.4164618713647412e-07 -3.6682463774240372e-07 5.3147536841799977e-07 4.4913347974486713e-07 -3.995928332253348e-07 8.8552362951791336e-08 -3.6893288749552359e-07 -1.028127879129314e-07 -2.5458615752212438e-07 7.5140220172391309e-08 3.4827674556277366e-07 -2.8408133270545203e-07 3.4742872557249709e-07 -2.2301103991457106e-08 -1.0822254759320866e-07 1.781567551858127e-07 -7.5345429760643751e-08 -1.901019840525853e-07 1.3195671749116185e-07 -1.3152110826597856e-07 2.6412930061710302e-07 -1.836809144438159e-07 -5.6153809386222835e-07 -1.6080901844800529e-07 -3.7045993743677718e-07 5.3416135800988918e-08 2.5338308466839373e-07 4.1436216556063356e-08 4.2448010556328121e-07 -4.5508215074969064e-07 -6.7481432689127355e-07 -3.363847542796413e-07 -3.4044066797615971e-07 3.4994647995157944e-07 4.1750276315369883e-08 7.7080935333066209e-08 -2.2801307348855864e-07 -1.609580404448749e-07 1.6758968272057772e-07 3.3515910817657353e-07 1.0311398012668145e-08 1.3399193425314389e-07 7.7687321495215011e-07 -2.2467313775814103e-07 2.9372213683614956e-07 8.8639009265287082e-07 6.494718028658793e-07 1.093450992687883e-07 7.5723293482827653e-08 -5.5785826880377205e-08 2.2456728655014997e-07 -2.4086282563784951e-07 1.2475847972934865e-07 2.7146413274967506e-07 
2.2922034710636803e-08 -1.7198101797259313e-07 1.856514660748504e-08 6.291512813166323e-08 1.9644220976860735e-08 1.5884851531551127e-08 5.5714520585880845e-09 -1.294477262874574e-08 5.8271614744618653e-08 1.3984583484411932e-08 5.4380932942586721e-09 -4.0031028338916014e-09 6.7467511008395637e-08 7.6116524360328173e-08 1.0101737177251986e-06 9.5413855657412079e-09 9.4006764284679605e-09 4.3990335939391146e-09 3.044890496826993e-08 1.1592651091931425e-08 -6.0462720686285768e-08 1.8078284887075324e-08 -3.9740463540431625e-09 -1.1411894255555319e-08 1.709456763953916e-08 -2.5557219973200813e-08 5.1064854253900006e-08 3.5527641220483391e-08 2.3002805126552699e-08 -3.7487535549676974e-08 -5.5224797429296022e-09 5.5329206496236164e-09 1.2362311859609343e-08 -1.3404644302093669e-08 -1.1220277012860917e-07 2.2992405157072498e-08 -1.5509934088822416e-08 -1.2939536688211457e-08 -4.3321972938589255e-08 5.4938360839112939e-08 3.2451478428326354e-08 -4.4950059429191169e-08 -2.5643067719913659e-09 -3.1609460836570274e-08 -2.2510662092681793e-08 -2.7207466851874131e-08 1.0317705292209367e-08 2.3663587145281966e-08 -3.2931688370573116e-08 2.4356527616668139e-08 3.5796803319968068e-09 -1.340554182572856e-08 1.9142940986131807e-08 -8.9229630554066879e-09 -1.8703647147125235e-08 1.407102615080198e-08 -1.0161901489557032e-08 1.8047961213204779e-08 -1.3063601808505854e-08 -5.7252269827253826e-08 -5.1186073107631657e-09 -2.0902729819581779e-08 5.6372460332458315e-09 2.5027625644752692e-08 1.1815498942367844e-08 2.6800196464350759e-08 -2.5540571874559836e-08 -6.73970377505489e-08 -2.9491928169556455e-08 -3.1387299930741833e-08 3.9316685368200844e-08 1.5056002928368863e-09 6.7484626819739714e-09 -2.1718948268929795e-08 -1.0716490942557651e-08 1.5436638113981844e-08 3.6993241401455275e-08 9.2759998454217792e-09 1.2292326221396257e-08 7.0523173733240842e-08 -1.905778486183924e-08 2.3862516039443093e-08 9.1398678286443097e-08 6.7935226457793334e-08 1.7255553833592843e-08 5.939039679301934e-09 -6.3218174358359391e-09 1.9931263065819912e-08 -2.4714780509544888e-08 1.1738248816011041e-08 1.2107620489243527e-08 
1.4037437616885684e-08 -2.5168830778085119e-07 -4.3468108305243315e-08 8.7502319102959916e-08 1.0413469827053489e-08 -4.1239743444452115e-08 -1.8445001267311741e-08 -2.0980280052523352e-08 8.190690152746374e-08 2.2880952621027745e-08 6.2552738074160109e-09 -8.0356841773518182e-09 9.1855685935441833e-08 1.0822248476499271e-07 9.5413855657412079e-09 1.0236392091271835e-06 1.6173212843524021e-08 1.0289171729255445e-08 3.7951239770545191e-08 1.4863429155760796e-08 -1.0217732332199285e-07 3.9566424249586584e-08 -1.0983905737794263e-08 -1.6518280228412691e-08 2.399411030611353e-08 -2.0230373158321949e-08 7.8126697708015221e-08 6.0585332341529438e-08 5.7315107225083049e-08 -8.504541608205292e-08 -5.6300120561662174e-09 -4.591785920113327e-09 1.4119831024478917e-08 -1.8391284264919041e-08 -1.9707133385919652e-07 2.8563103757312629e-08 -6.0298275010709066e-09 -2.012483316930378e-08 -5.7212513660126298e-08 8.9355022864695036e-08 7.6138469241358369e-08 -6.3637277391803879e-08 3.2893491281436884e-08 -5.5396800400300199e-08 -7.7865172350396161e-09 -2.0494453365911752e-08 1.2401578002520525e-08 8.9724866314199151e-08 -4.1999717243573388e-08 6.3594986689463653e-08 -1.2579690322612122e-08 -1.5786900256860672e-08 2.2541815044590565e-08 -7.4800524974758964e-09 -3.0328791449677784e-08 2.652542878699036e-08 -2.0910636830871798e-08 4.3775929141614917e-08 -3.2327588961495247e-08 -8.8293806543386744e-08 -3.1951937306727727e-08 -7.7003924862613968e-08 6.2653192670480801e-09 4.1152333696636458e-08 8.6179606123746591e-10 7.0258196426629852e-08 -8.0085430135738211e-08 -9.7373070280863906e-08 -3.5555487622655788e-08 -5.5422600226885263e-08 5.5726268009174642e-08 1.0747148706938526e-08 1.1485317742999568e-08 -3.1601448229088111e-08 -3.3185536822989984e-08 2.1754887362862432e-08 5.3683988990122245e-08 -4.2398862472944936e-09 1.4904182810713704e-08 1.0645281489548685e-07 -2.9175801169812516e-08 5.6615506969051415e-08 1.4495871678455473e-07 1.0900625238864972e-07 9.8693696960094004e-09 1.395932612530082e-08 -9.8512194159408247e-09 4.1328450197614562e-08 -3.4812186858798348e-08 8.1279743911953673e-09 1.0430652521314546e-07 
1.9740785221107779e-08 -2.0222947182088535e-07 1.6750270606812978e-08 8.011996852486948e-08 1.64557135624671e-08 1.3169498444064909e-08 -2.4790721912899123e-09 -1.3780577987358633e-08 7.392893455052848e-08 1.5505827770674047e-08 4.0576280968304635e-09 -8.5144033435214169e-09 7.1543630603259277e-08 6.3536225933275568e-08 9.4006764284679605e-09 1.6173212843524021e-08 1.0201288312993409e-06 1.5874303484897495e-08 6.6852420541268026e-09 1.5135117123894279e-08 -7.8250528526457511e-08 -2.3396027662907652e-09 -2.93780364591896e-09 -1.2540292939266536e-08 1.6497637594610442e-08 -2.8523144342680552e-08 4.2979704703952919e-08 4.2112098371277846e-08 2.6347759962115318e-08 -4.0617746697240139e-08 -6.2908144978267991e-09 6.6752230039487826e-09 1.5292905434088212e-08 -2.1739551885205752e-08 -1.135636200749986e-07 1.6618726204763412e-08 -1.4935254682453919e-08 -9.3427677019231503e-09 -5.3734774809000088e-08 6.9511840075549339e-08 3.1924660610966798e-08 -5.6150377899039726e-08 9.5543494185805491e-09 -3.1606717614146518e-08 -2.2128560609065745e-08 -8.6724138630116704e-09 1.4088597090022493e-08 5.5823496930475674e-08 -3.5291062323410773e-08 2.994886939752366e-08 -3.7427062622885164e-09 -1.5986132621523542e-08 1.6139911137209424e-08 -4.5017380518674897e-09 -2.1985603212522388e-08 2.3826898497033351e-08 -1.1576172486341472e-08 1.647237996998448e-08 -1.3839269890162651e-08 -6.4172856701822577e-08 -7.2187406822348091e-09 -3.3287869394258594e-08 5.3526861390058391e-09 2.9488085112299859e-08 1.0911170454081564e-08 2.1823354797794022e-08 -2.4187085133735412e-08 -6.1700936657583478e-08 -8.0457264127066276e-09 -3.3362062992222704e-08 4.5279858049287067e-08 5.8095399580233179e-09 5.3598072701277919e-09 -1.8983138923341986e-08 -1.5941567898730047e-08 1.0268648531967063e-08 4.5135102623513227e-08 8.033117881716876e-09 4.9416776576856084e-09 5.4844424362491529e-08 -8.109828953515781e-09 3.4119853369023092e-08 1.087064176777424e-07 8.5818027978057827e-08 1.0244815470509387e-08 7.8850637736013443e-09 -1.0650379587955769e-08 2.7512762764064727e-08 -2.2389034706535871e-08 -6.3972888863686603e-09 7.0855983037440207e-08 
