DESCRIPTOR_NAME ACE
DESCRIPTORS_FILTERING_TYPE element
NUMBER_OF_DIMENSION 87
NAME_OF_YAML_INPUT GB_Copper.yaml
FILTER_VALUE Cu
NUMBER_OF_CLUSTER 2
WEIGHT 0.2364147909967845
ESPERANCE 0.068891944270656258 0.093881139952397136 0.021222259503570214 -0.021455635018701128 0.055058911628697721 0.11760311723903434 0.051246088235294113 -0.013589819520571235 0.064020575416524991 0.1660006561713703 0.19890405100306022 -3.0996131566219182e-05 3.7417707328391345e-05 0.27103625739544379 1.9371333990561369e-06 1.8680222903880653e-05 0.061247854267256041 4.5015771425727708e-05 -3.6223815950018362e-05 -0.061936803944236653 -5.4381347302429721e-05 1.1347576611122747e-05 0.36937476232573968 -5.2935427413784101e-05 5.8981765234342062e-05 0.08354402723563413 -9.7212815278774223e-05 7.6368657415815306e-05 -0.084387795477728664 -9.3244295922836e-06 3.0602267137308736e-05 0.019022045141108467 -0.00025837739471852735 0.00023194781595776946 -0.019018655610336631 -1.9691594720435637e-05 9.0779185934900363e-05 0.019402298473308401 -0.00034187452724150055 0.00019574487796341378 0.57430222441346479 -8.9504014857162974e-05 0.00010792086771503571 -1.2956424767667202e-07 7.9193128632291541e-08 0.78252494117647053 5.6188700305152828e-06 5.3960807370690247e-05 -0.0001216512606084349 -2.5637216754221351e-07 -3.8501350424638233e-07 0.00014692198864017 2.5661417309114325e-07 1.0663795107106426 -0.00015275378102871985 0.00017011568462927578 8.4347598118817004e-06 -1.0353556419977995e-06 7.2252737502233937e-05 1.3976437661129897e-06 1.4533860761645696 -0.00020480216118050698 0.00022809093664522275 -4.5806174209504852e-06 4.4359286025717239e-06 1.658284386263176 -0.00025847348975531438 1.1192484607946118e-07 2.2593871880312824 1.6297761437720517e-05 -0.00035127397176406384 -3.7949261639238219e-09 3.0787764535872157 -0.00044083521400664134 2.445200695393508e-05 -0.0004775086418217531 1.5240526541358359e-07 4.1958607786467192 -0.00059098568359982153 3.6270232587450849e-05 1.7532709290322642e-07 5.7189863889833381 -0.00079269737729042913 1.041189203360468e-06 4.7884959367562061 -0.00074649691692023237 3.2322996589167317e-07
COVARIANCE_MATRIX
5.0910516179721071e-06 4.0948679765073772e-06 -1.9764999421140314e-06 -3.5345896516411314e-06 2.7493920825827758e-06 4.2179526254183882e-06 -3.2982156550181021e-06 -5.0195018991065696e-06 4.7992909126490212e-06 9.5629582597403899e-06 1.2680185073260596e-05 -1.342438336236889e-08 2.0490291859365835e-10 1.3024664484796711e-05 -5.2106878915903666e-08 8.1153623544386271e-08 -5.4113226194476715e-06 -1.0580745209889278e-07 1.7772493086814852e-07 -1.0496732376687002e-05 -1.2984469569893944e-07 1.1240778514817553e-07 1.2046304566761374e-05 -2.3069285454742846e-07 2.7586601349938065e-07 -8.4176978379619469e-06 -4.6780356218289739e-07 4.7370134929999179e-07 -1.2608074779278749e-05 -5.7120915386504647e-07 5.1527494593672624e-07 -3.8537984498416764e-06 -9.4080658941804256e-07 7.2779084486614675e-07 4.7590923753365068e-07 -1.1553032815291242e-06 8.6891396134502043e-07 5.9030785150033233e-06 -1.4098354712338877e-06 6.3149375374081513e-07 3.909840311716468e-05 -3.9372392174191719e-08 2.0200931122771139e-09 -8.7900283008943038e-10 1.9861439174622806e-09 4.1046690628003692e-05 -1.5033742325963998e-07 2.3439953063184176e-07 -4.9338372233781994e-08 -2.4018200959618237e-09 -3.8170432506909068e-09 -5.9855542405714504e-09 4.4313829385305045e-09 3.9544673484088912e-05 -6.6688057451204546e-07 7.9815369168452341e-07 -1.969314301602922e-07 -1.0898636274230914e-08 3.0642910002947531e-07 1.1356510321977639e-08 3.1900983153989592e-05 -8.6954368051892589e-07 1.0374772221282484e-06 -4.8350985150963558e-08 4.66252269126918e-08 0.00012001520201628985 -1.1543978275081142e-07 7.0390258265914148e-11 0.00012836888907858499 -4.3376237380468693e-07 -1.4486989672490964e-07 2.0422899467347789e-10 0.0001278160209149075 -1.9278510231554573e-06 -5.6816104426298144e-07 -1.8092009986653265e-07 8.1359221493545171e-10 0.00011099518256872505 -2.513828368698216e-06 -7.4428962961078834e-07 2.0447279590866022e-09 6.6419416648131349e-05 -3.2771739503876026e-06 9.9358266066594075e-09 0.00036694710096396945 -3.3837046539302628e-07 2.0563356220125262e-10 
4.0948679765073772e-06 5.7353023184480085e-06 -1.0297517242270212e-06 -3.9794791443095214e-06 1.1523666616095309e-06 4.1668741169175175e-06 -1.7735137460991659e-06 -5.3526890305002837e-06 2.6882001132501066e-06 1.0498619271373634e-05 1.1900757411529116e-05 -9.4920038959531077e-09 -5.5817578551105688e-09 1.3798000262514818e-05 -4.9676076215741719e-08 7.5677248285266637e-08 -2.9255299980980639e-06 -1.0667308612196345e-07 1.7954355799516807e-07 -1.1549551047955304e-05 -1.230718725788361e-07 1.1313101611891678e-07 1.5594690131188965e-05 -2.2104345355818093e-07 2.7016715585004472e-07 -4.461785118221759e-06 -4.580090049132517e-07 4.6723656815036358e-07 -1.4584908492509811e-05 -5.7388330735131669e-07 4.9125140807414872e-07 -2.2336892033390277e-06 -9.2468370491210242e-07 6.9196485097987712e-07 -6.8858400677007383e-07 -1.1554680968355953e-06 8.0977258795491587e-07 6.5247323362565103e-06 -1.3607037494712202e-06 6.0951538258558611e-07 3.4563621217963769e-05 -2.7390840039642792e-08 -1.597725779563303e-08 -7.103812584339855e-10 9.7728751803976802e-10 4.0171839316801002e-05 -1.4334883578271838e-07 2.1815772781190385e-07 -3.4449502460546975e-08 -2.2780312716681672e-09 -3.5767241517268128e-09 -2.7229341621391157e-08 3.8390529100936019e-09 4.5559147657222565e-05 -6.3806077790780661e-07 7.8045058113225633e-07 -1.8752801158458143e-07 -1.0596801844178747e-08 2.8559100138616109e-07 1.1296933064144628e-08 4.9895220058500708e-05 -8.3322287240637526e-07 1.0173373927779052e-06 -4.7234945663826839e-08 4.5609879539322839e-08 0.00010031854475879426 -7.9027343579370162e-08 5.2223712635874868e-11 0.00011686307958939362 -4.1366581015806097e-07 -9.9419528245223391e-08 1.9844977635918785e-10 0.00013296144004376175 -1.8418614460356288e-06 -5.411427733110641e-07 -1.2461535422286694e-07 7.8035372094557055e-10 0.00014630891741941818 -2.4052314137590946e-06 -7.0788812320363248e-07 2.0048613172563777e-09 0.0001530372753003381 -3.1405596227647978e-06 9.6739447238147234e-09 0.00029098253542211177 -2.2796815813047154e-07 1.5088005307605796e-10 
-1.9764999421140314e-06 -1.0297517242270212e-06 3.5113433919846556e-06 1.472325907748138e-06 -3.274657789607286e-06 -2.0170404523620639e-06 3.9636208948618901e-06 2.5730218582615088e-06 -4.7062503655518161e-06 -3.2843436155831318e-06 -7.1210310943983439e-06 8.8134043945526161e-09 -7.3265896083685804e-09 -4.9091914327249914e-06 3.6168311576364978e-08 -5.1325669524705302e-08 6.793986400942953e-06 6.977594679364702e-08 -9.7416072738920481e-08 4.6827181639171156e-06 7.4729153490778903e-08 -6.7808898129245008e-08 -2.2023262961815825e-07 1.4211231218831307e-07 -1.6304274782698875e-07 1.0584493624258335e-05 2.7245179006141515e-07 -2.7729409602815103e-07 4.7180826348346172e-06 3.2810698673803851e-07 -3.1406756903629555e-07 4.4885685006267622e-06 5.312353870471929e-07 -4.5489994558615494e-07 -1.7921445360592277e-06 6.7128058500990077e-07 -5.4221408036059867e-07 -2.6869681572862394e-06 8.2227265015421245e-07 -3.8305794149589585e-07 -2.4636056892816175e-05 2.6514762454761444e-08 -2.3346530275350072e-08 7.1809277029385703e-10 -2.2250502994670781e-09 -1.9750640049917e-05 1.0424269325596687e-07 -1.4873738836850875e-07 3.1828754544092667e-08 1.5164378346480683e-09 2.4925963076635495e-09 -2.3166859059821e-08 -3.1187888814347428e-09 -8.2714878093078444e-06 4.1171770306340906e-07 -4.729618663111942e-07 1.3750587225399416e-07 6.6693098223871961e-09 -1.9364603254011439e-07 -6.7282560846494639e-09 1.3900650802676377e-05 5.3518488767865275e-07 -6.1144824169389602e-07 2.8940893283080743e-08 -2.7811331894424473e-08 -8.2879014858414186e-05 7.9641925731589912e-08 -4.6783145969503911e-11 -7.3092300025809411e-05 3.0046200014300535e-07 9.6098104783972414e-08 -1.3401066295502928e-10 -4.5872666984827521e-05 1.1928380049847425e-06 3.962731022353577e-07 1.1432848965598484e-07 -4.9918233784560211e-10 1.00150387329945e-05 1.5507130308804599e-06 5.2290749046255174e-07 -1.2340839270745054e-09 0.00011164374607069974 2.0150496894378901e-06 -5.996939206454216e-09 -0.00027316830039066038 2.388708612201793e-07 -1.3898268015516261e-10 
-3.5345896516411314e-06 -3.9794791443095214e-06 1.472325907748138e-06 5.7657793954340415e-06 6.0549774292881306e-07 -2.5188786485704011e-06 2.3359861107410259e-06 6.3320951420969313e-06 4.8377196322004314e-07 -6.6079597958180577e-06 -9.8310998929028192e-06 6.3552616244191264e-09 -8.2442180872268698e-09 -1.0992539190493322e-05 6.5863555548125225e-08 -8.4343495081208237e-08 4.3552907621513053e-06 1.4196182831434374e-07 -1.8149406302559949e-07 1.3671828083235563e-05 1.2876523216675611e-07 -1.5776022310222191e-07 -1.1837848701818461e-05 2.6289974210943133e-07 -3.2589298162948358e-07 6.3084405074525656e-06 5.3534283778829486e-07 -5.6183285959828694e-07 1.7441109948732662e-05 6.8454816045193323e-07 -5.2759898770768615e-07 2.7190414749578647e-06 1.0660237516262037e-06 -8.6515890969071726e-07 1.0163667935150939e-06 1.3826369583281672e-06 -8.3577700158846429e-07 -8.1060149175438051e-06 1.5066772983544083e-06 -7.8698608829673415e-07 -2.7293183003327991e-05 1.7978111610110595e-08 -2.2618744218292312e-08 8.5200115381629641e-10 -1.0271047457233364e-10 -3.0287182226520989e-05 1.8984678406893191e-07 -2.4298715349724347e-07 2.1377412215789884e-08 2.6241151306969107e-09 4.1946578328884015e-09 -2.7445124646169525e-08 -3.6206183505573788e-09 -3.2250530429218626e-05 7.5786939248334994e-07 -9.3994020125004881e-07 2.4985726280761188e-07 1.2651088546381692e-08 -3.1734522451562628e-07 -1.4356594613983672e-08 -3.2159237701263432e-05 9.9135873854162461e-07 -1.2298769293951069e-06 5.5468154374523645e-08 -5.3755754509147424e-08 -7.5615767620625199e-05 5.0827417301422544e-08 -4.3419508620194966e-11 -8.3211286374364069e-05 5.4724418277450649e-07 6.0280545204627966e-08 -2.5686099941227622e-10 -8.7487777740681764e-05 2.1848292930333376e-06 7.2017854445389054e-07 7.0404604096287457e-08 -9.2821200226098432e-10 -8.5374465623871924e-05 2.8577465504630423e-06 9.4798709430708211e-07 -2.3930393450716931e-09 -7.2113380857292974e-05 3.7380467156449972e-06 -1.1449561802646674e-08 -0.00020901937800111306 1.4360836828427149e-07 -1.2395412513176051e-10 
2.7493920825827758e-06 1.1523666616095309e-06 -3.274657789607286e-06 6.0549774292881306e-07 1.0374225816260557e-05 6.3027083492146986e-06 -4.5724456147662846e-06 -9.4465141189540813e-07 1.3965287954576932e-05 1.2465995652655195e-05 1.1098014770369157e-05 -2.1723638802920126e-09 -3.8036283085867129e-08 7.6707135664389989e-06 -1.6804896712805251e-08 3.5012856249951235e-08 -8.404492777550469e-06 -4.1087840029652161e-08 1.2749676720304523e-07 7.6789585193637944e-07 -4.5560932493663466e-08 -3.1115487725255084e-08 2.3831792751732577e-07 -5.3831730101937002e-08 3.6516916436541023e-08 -1.3855698349538069e-05 -9.1108479070699353e-08 7.0623859555475487e-08 3.4469156856631544e-06 -1.2764758666811914e-07 2.7746467898058889e-07 -6.3747720459720555e-06 -1.3523244163649612e-07 3.2324688909123228e-08 4.1999860370370184e-06 -2.6279371532779578e-07 5.4937174410261219e-07 -1.1694981270900327e-06 -4.4694878517337372e-07 -9.0729487976237432e-08 4.1122280156383901e-05 -8.616498576966682e-09 -1.033772970563136e-07 -5.9044455203252781e-10 5.3861195733201772e-09 3.4622574033632024e-05 -4.8580385262045745e-08 1.0227859543056021e-07 -6.0954704919501095e-09 -9.7604732099144422e-10 -1.6090228599323561e-09 -1.5835182285694035e-07 4.5194899745743205e-09 1.7842808410892105e-05 -1.5944466072520377e-07 1.1177868747208086e-07 -6.3882815392157799e-08 -3.0860907498563782e-09 1.3332247915928002e-07 2.09574717326353e-10 -1.5920194763959484e-05 -1.9840397278764875e-07 1.2363487021780892e-07 -1.3679977351306233e-08 1.2137775875166247e-08 0.0001448282666201937 -3.1630071511687322e-08 6.2313738128644507e-12 0.00013580600361923475 -1.4044013028095511e-07 -2.6823292596107082e-08 5.3770467680135491e-11 0.00010078075512454518 -4.7190623775142601e-07 -1.8462977773058822e-07 -1.44425267847669e-08 1.7873462306305647e-10 2.1799859985845038e-05 -5.8857659462266702e-07 -2.4294361145948716e-07 5.6722422921439158e-10 -0.00012883651279071851 -7.2959962475581246e-07 2.6409425649008417e-09 0.00049319439289356097 -1.1077768917474761e-07 2.6698487291784091e-11 
4.2179526254183882e-06 4.1668741169175175e-06 -2.0170404523620639e-06 -2.5188786485704011e-06 6.3027083492146986e-06 9.8807994873974819e-06 -1.1582971405044297e-06 -4.7849892567614088e-06 9.1102630271357968e-06 1.9638247971132974e-05 1.3012017191844321e-05 1.4487241364648446e-08 -6.5066778398617449e-08 1.3226557597670871e-05 -5.1952162906310152e-08 6.3001988324497349e-08 -5.4733144600072583e-06 -1.4418932848318779e-07 2.5114236372261795e-07 -7.579133583100993e-06 -8.201799346514015e-08 3.7334159116883429e-08 1.1848159643743646e-05 -1.5339696693314458e-07 1.7243375282690731e-07 -8.8108134448795824e-06 -3.1054217290434607e-07 3.1908426021192554e-07 -8.5422681313462265e-06 -4.9222529447424642e-07 4.9773726225815201e-07 -4.3488414875534327e-06 -5.3829247879043931e-07 3.005090898603111e-07 1.3840036638641435e-06 -9.8055496677077446e-07 8.4566415741143726e-07 3.8289176898729665e-06 -1.0070572832441837e-06 1.3894404407156979e-07 3.9909374214050393e-05 4.1459352890822685e-08 -1.8492293479970508e-07 -6.1159817048349054e-10 3.5072615169607576e-09 4.1546675625325521e-05 -1.4984591842884216e-07 1.8153836845068061e-07 6.0264109120309014e-08 -2.0488827430681712e-09 -3.2830314040326151e-09 -2.6456565535538729e-07 5.3636360649762513e-09 3.9023288872120664e-05 -4.4326767827856311e-07 5.0045069937796188e-07 -1.9779857297518497e-07 -8.9602628380263976e-09 2.3769313136443027e-07 6.8816906206290397e-09 2.9030044970057292e-05 -5.7149959303345384e-07 6.3628121328676902e-07 -3.9286385240540098e-08 3.6557731001550665e-08 0.00012179668927936637 1.1868211155518335e-07 -6.3889530022631298e-11 0.00012938526472681638 -4.3221866788867565e-07 1.7250018409997392e-07 1.9239033988347611e-10 0.00012619604618558419 -1.2808761975492217e-06 -5.7050165050658514e-07 2.4961873141747648e-07 5.2450629241126602e-10 0.00010320174484342826 -1.651688003857361e-06 -7.5330402822442567e-07 1.7415976551683055e-09 4.6129819685167796e-05 -2.1272259102399245e-06 7.767280196283902e-09 0.00037008518437708487 3.3984107531761521e-07 -1.8323409659078274e-10 
-3.2982156550181021e-06 -1.7735137460991659e-06 3.9636208948618901e-06 2.3359861107410259e-06 -4.5724456147662846e-06 -1.1582971405044297e-06 9.6923285205688348e-06 4.7262232391151269e-06 -8.2622006202212158e-06 -4.9829028116751017e-06 -1.2688850597087827e-05 1.7325586946870242e-08 -1.5512266487266425e-08 -9.441358387043224e-06 3.5849078674671024e-08 -6.3153142335353561e-08 1.0449986558860138e-05 6.0450421281104262e-08 -1.0974380462889439e-07 7.7240161208648487e-06 9.5438374299558341e-08 -9.1779801157830201e-08 -2.2551584991579508e-06 1.7992867805798842e-07 -2.0227611074090925e-07 1.6463259559249363e-05 3.5181294299729003e-07 -3.452306663511471e-07 7.872606198040282e-06 3.8417972868157444e-07 -3.9817908845064345e-07 7.1720485377483446e-06 7.1792586641488908e-07 -5.8604449329322853e-07 -2.6263487465957566e-06 8.0445800957288811e-07 -6.8342335852746268e-07 -4.1487858189795394e-06 1.0768365964596164e-06 -5.2554479629681746e-07 -4.5767806452477142e-05 5.252701216003617e-08 -4.8720640298478292e-08 8.78800206443961e-10 -2.9405242947246914e-09 -3.9717457457577447e-05 1.0334672208655289e-07 -1.8370999715180282e-07 6.4716163048055902e-08 1.7784083306505017e-09 2.8764405382603986e-09 -5.3997153524036854e-08 -3.8039726359071643e-09 -2.3516306792835578e-05 5.2362881453262371e-07 -5.8894841941856437e-07 1.3556328361029807e-07 7.7074542321171253e-09 -2.3841983591126639e-07 -8.0144307698721827e-09 9.3493107964077881e-06 6.793276441300165e-07 -7.5935816053062796e-07 3.4465803195147251e-08 -3.3832271247724829e-08 -0.00015848909100858049 1.5888920057513616e-07 -8.6915496605547371e-11 -0.00015060282775902553 2.9793293236272562e-07 1.966785502128103e-07 -1.3335793437212729e-10 -0.00011692327381832905 1.52380628389848e-06 3.9072855994714856e-07 2.4141125412844358e-07 -6.3314410132010655e-10 -3.9941038610696667e-05 1.9774745332562787e-06 5.1269870128034401e-07 -1.3970906338775867e-09 0.00010713861689529369 2.5646182958255555e-06 -7.2409222826636519e-09 -0.00053362941530281838 4.7964098655893232e-07 -2.6030903593625621e-10 
-5.0195018991065696e-06 -5.3526890305002837e-06 2.5730218582615088e-06 6.3320951420969313e-06 -9.4465141189540813e-07 -4.7849892567614088e-06 4.7262232391151269e-06 1.210918807989725e-05 -4.6316995589640759e-07 -1.3706275932007209e-05 -1.4688296006943868e-05 -1.2288967254522615e-08 2.9725099878933775e-08 -1.5761626073622219e-05 7.6611246718263613e-08 -8.7447671900385449e-08 7.3240895663643236e-06 1.939469175459662e-07 -2.6708372952996931e-07 1.8415944030019567e-05 1.1801969267269657e-07 -1.7358330495701686e-07 -1.5766134504455934e-05 2.8198716257995973e-07 -3.4412258453286185e-07 1.0960294495851272e-05 5.8288055521962309e-07 -6.1464112706586265e-07 2.3170015022091681e-05 8.0226164715795728e-07 -6.3327577707943109e-07 5.0165238657740719e-06 1.1194003104076197e-06 -8.0861820691171159e-07 8.8337898137276826e-07 1.639768700731376e-06 -9.5528544490244194e-07 -1.0418288452637186e-05 1.6504198268159367e-06 -7.2423865406682679e-07 -4.2927995311651298e-05 -3.5597946041538127e-08 8.6867334636631803e-08 5.8457108395047526e-10 1.3147491263717059e-10 -4.6331160083528431e-05 2.2063404961048535e-07 -2.5169182453996556e-07 -5.268489393042712e-08 2.7399285254172051e-09 4.4226880511135737e-09 1.2299710487351922e-07 -4.2016927199152747e-09 -4.6801385233441075e-05 8.1352536049033955e-07 -9.9347464227127164e-07 2.915686506691126e-07 1.3882496841936111e-08 -3.280389500927551e-07 -1.5363114160729495e-08 -4.1822254688496212e-05 1.0606042529326614e-06 -1.2936932899704669e-06 6.20753811700662e-08 -6.043467716818553e-08 -0.00012530989599384047 -1.0316177521821308e-07 4.8421456484547248e-11 -0.00013596484723448995 6.354223585912112e-07 -1.5252763427716924e-07 -2.8557119690988949e-10 -0.00013857625964005428 2.3470569661632481e-06 8.3965742286596721e-07 -2.2376141954018751e-07 -9.5327586477231536e-10 -0.00012607554538694255 3.0598634066350301e-06 1.1100069462122277e-06 -2.6627730486371662e-09 -8.7360836599594847e-05 3.9882756489158334e-06 -1.2761105423364219e-08 -0.0003653615460477969 -2.9908619990638067e-07 1.4058740116741378e-10 
4.7992909126490212e-06 2.6882001132501066e-06 -4.7062503655518161e-06 4.8377196322004314e-07 1.3965287954576932e-05 9.1102630271357968e-06 -8.2622006202212158e-06 -4.6316995589640759e-07 3.076230321779415e-05 3.3635514494352658e-05 1.9574261603293951e-05 1.1988132103115146e-08 -1.1082508426955367e-07 1.5637966709727882e-05 -1.3104201400999827e-08 3.5109167225841374e-08 -1.1665645090471432e-05 -6.0688577858668066e-08 2.4584859872600786e-07 -4.0103640595891396e-07 -3.9527188103301849e-08 -1.1317254320301277e-07 6.0873828339395241e-06 -1.4489965262184671e-08 -3.2895290667615637e-08 -1.9625497921557592e-05 -2.495478961108651e-08 -2.0886470563596989e-08 3.0254125044838357e-06 -1.3136324396227857e-07 4.0548603323433015e-07 -9.5699706708678356e-06 4.6665722204297279e-08 -2.9108485830672951e-07 5.7909603407614333e-06 -2.2210834506857004e-07 8.0758671755618777e-07 -1.2400553723857118e-06 -2.8005425941383125e-07 -5.9160639675199087e-07 7.29175756311204e-05 3.0196694697273847e-08 -3.0783776419116647e-07 -9.7341592073400136e-10 9.526264572375298e-09 6.7736572580634846e-05 -3.8131915340872359e-08 1.0351425695675299e-07 4.976714989903931e-08 -1.4580152247630657e-09 -2.1502975037257141e-09 -4.4974941334820582e-07 7.6770294854564354e-09 4.8700682399906288e-05 -4.9862418338516745e-08 -8.2414364700669435e-08 -4.891580398024607e-08 -3.1820932938280671e-09 1.3394230385150992e-07 -3.6804158998582319e-09 6.1825003975881239e-06 -4.3340335660504415e-08 -1.5390477059531174e-07 -1.3515977994700723e-08 1.0133363971196432e-08 0.00025759790111496995 7.4486841898747581e-08 -3.9220371382201699e-11 0.00026035662875168131 -1.1093655629179101e-07 1.2631469768816132e-07 5.0709450274276145e-11 0.00022984949366324192 -1.6695149968053407e-07 -1.422886335819668e-07 2.0597122740406395e-07 1.299668572567115e-10 0.00014086668396303857 -1.5653362432828665e-07 -1.824792481881878e-07 5.8586139953910221e-10 -4.6051064531477909e-05 -1.1821541768478037e-07 2.3002028911009818e-09 0.00087885545905652055 1.7853502121289278e-07 -9.6337383445214489e-11 
9.5629582597403899e-06 1.0498619271373634e-05 -3.2843436155831318e-06 -6.6079597958180577e-06 1.2465995652655195e-05 1.9638247971132974e-05 -4.9829028116751017e-06 -1.3706275932007209e-05 3.3635514494352658e-05 8.3861182156586258e-05 3.0701509065071167e-05 1.0930093653865358e-07 -3.491303377488468e-07 3.4762176279965414e-05 -4.1781088818226915e-08 1.9944559360431044e-08 -8.1857349215113718e-06 -2.8136243884422919e-07 6.7717704388951271e-07 -2.0295400781277934e-05 1.3204615140123211e-08 -1.5531105269596876e-07 3.7220689355887043e-05 2.2183140052060543e-09 -5.3027367166600062e-08 -1.397319088681378e-05 -8.6774622037791526e-08 5.3285366525104862e-08 -2.4542885538812332e-05 -5.9487060201049177e-07 7.3294999779766935e-07 -8.7599340974067699e-06 1.2403191859024718e-07 -9.9342686373018287e-07 5.3595408300130212e-07 -1.0600586005080815e-06 1.0919888591512068e-06 8.9068601514403972e-06 -2.3307304441499068e-07 -1.6096043190663806e-06 9.7277309139791535e-05 3.1386614468837423e-07 -9.9911341675449e-07 3.4847269812715393e-10 6.9268213081764734e-09 0.00011281191695604128 -1.202580132188e-07 5.6246390156658027e-08 4.3241546069731548e-07 -2.0903839378962607e-09 -2.8840821571903759e-09 -1.3878978759904351e-06 9.7112369734975165e-09 0.00012537185975502565 2.2758290943918181e-09 -1.4199953112017793e-07 -1.5892047393688392e-07 -7.5627908750265314e-09 7.177954380131152e-08 -3.0909397209436916e-09 0.00013015099848868327 3.8363988513671869e-08 -2.5653558185058033e-07 -3.5971175378241429e-08 2.9505514597940159e-08 0.00030496936489710622 9.014894706242241e-07 -4.6753242983822509e-10 0.00036049865053707495 -3.4608687567990619e-07 1.2415834329741251e-06 1.5664391951831652e-10 0.00041207608283198475 -4.9244386745285629e-09 -4.5736767455598581e-07 1.7106241714229177e-06 8.5937931837061767e-11 0.0004478162759732632 9.4199403910605736e-08 -6.0472868633535325e-07 1.6324473573104015e-09 0.00044702399674176823 2.6373419235304636e-07 6.2435481939328348e-09 0.00094777545965836377 2.5898430351204063e-06 -1.3434048024766094e-09 
1.2680185073260596e-05 1.1900757411529116e-05 -7.1210310943983439e-06 -9.8310998929028192e-06 1.1098014770369157e-05 1.3012017191844321e-05 -1.2688850597087827e-05 -1.4688296006943868e-05 1.9574261603293951e-05 3.0701509065071167e-05 4.207452278964622e-05 -4.0220670156567033e-08 -5.6359241653763816e-09 4.0501443432978824e-05 -1.4854709816482049e-07 2.3629260813371698e-07 -1.9091048634661711e-05 -3.0183696407743962e-07 5.2563108239424025e-07 -2.9830327298030709e-05 -3.7890729372756829e-07 3.1337078893218009e-07 3.4371293558534923e-05 -6.6131532237219688e-07 7.8604028412136869e-07 -3.0048349603871251e-05 -1.3368732680397871e-06 1.3509560900580332e-06 -3.4781686161774336e-05 -1.6288454131237588e-06 1.5134279104216198e-06 -1.3766559722812371e-05 -2.6821699885067653e-06 2.0640451439776726e-06 3.0219246544751949e-06 -3.3032611462044683e-06 2.5704366255419429e-06 1.6380342738666779e-05 -4.1020321362797118e-06 1.7841262916200196e-06 0.00013141413416332474 -1.1946950591694122e-07 -9.5178780722890711e-09 -2.6538666291635555e-09 7.0476702737156805e-09 0.00013456991314342862 -4.2859259972157096e-07 6.834088913832506e-07 -1.4788540303920567e-07 -7.0148591254404022e-09 -1.1037012460406292e-08 -4.3394033439509665e-08 1.3499445787161635e-08 0.00012350252281992296 -1.914497996911e-06 2.2774539864791394e-06 -5.6132391522184795e-07 -3.1289097545754284e-08 8.9242382345223337e-07 3.2023600402778309e-08 8.7649775800263617e-05 -2.4919998533451818e-06 2.9532672472076548e-06 -1.3860960639539061e-07 1.3412336503539983e-07 0.00041626603547162877 -3.5456294031024328e-07 2.1126188906071237e-10 0.00043917771625358559 -1.2366145637993506e-06 -4.4013413780369814e-07 5.8094433721736117e-10 0.00042624417041209182 -5.5425233122667702e-06 -1.6194503166077009e-06 -5.4249042594843358e-07 2.3383338285591933e-09 0.0003489549989640269 -7.2151370353087032e-06 -2.1211523488036395e-06 5.8463392090856514e-09 0.00016292008681117047 -9.3892231162780092e-06 2.846430994857377e-08 0.0013077501506798656 -1.0514361491836587e-06 6.2272220055637871e-10 
-1.342438336236889e-08 -9.4920038959531077e-09 8.8134043945526161e-09 6.3552616244191264e-09 -2.1723638802920126e-09 1.4487241364648446e-08 1.7325586946870242e-08 -1.2288967254522615e-08 1.1988132103115146e-08 1.0930093653865358e-07 -4.0220670156567033e-08 1.0017335651064773e-06 -9.6724363394988472e-10 -2.9053352418036761e-08 4.1289156768691516e-11 -8.2050859412978029e-10 2.5484130220293312e-08 -2.2364310519879183e-09 2.0691132950707293e-10 1.8542017695783032e-08 3.1039616830463223e-09 -7.0263769855752321e-10 -6.0188945294085532e-09 2.2792138980778391e-09 -2.5679677388202924e-09 3.9656198548015346e-08 4.5262046537822174e-09 -3.6966348981093689e-09 1.578682852935054e-08 2.2987187714001622e-09 -2.6728056419648149e-09 1.3131384815220427e-08 1.281445569273136e-08 -8.5405888858026788e-09 -1.0379776338366911e-08 2.7636922871088458e-09 -5.5757337981948951e-09 -1.3484414276539187e-08 1.5151055699986455e-08 -7.2311867318207542e-09 -1.2103243946162748e-07 5.0068323474871023e-09 -2.7956155928663524e-09 9.1994919687899815e-12 -1.1420739385217154e-11 -8.9566324424617385e-08 1.1695264395576124e-10 -2.3705670949503613e-09 6.7891379844105966e-09 2.0540241088558946e-11 3.0305509112829602e-11 -3.7640382905232569e-09 -2.5675636220543984e-11 -2.3775135691184622e-08 6.5783083748345611e-09 -7.4149579945455483e-09 1.0362535839972052e-10 7.9857073195268372e-11 -3.1444992841155211e-09 -8.2693575468887747e-11 9.5672208619543626e-08 8.7402586441875687e-09 -9.8227212028376283e-09 2.9529409885555254e-10 -2.865789135138526e-10 -3.6558375785282844e-07 1.4461890349388166e-08 -9.3326796475017118e-12 -2.7767892030514958e-07 3.3128849051469752e-10 1.9607943060721265e-08 -4.5440976983216494e-13 -9.0732720333396098e-08 1.898817022459733e-08 2.903721368439823e-10 2.6592999519383237e-08 -1.1770928462345664e-11 2.5139498679819992e-07 2.5225988665310505e-08 1.8470804593505704e-10 -1.3559592204043113e-11 8.312017984591838e-07 3.352882199416324e-08 -6.2328493481702292e-11 -1.1078296483685591e-06 4.1775954964060007e-08 -2.695465007131601e-11 
2.0490291859365835e-10 -5.5817578551105688e-09 -7.3265896083685804e-09 -8.2442180872268698e-09 -3.8036283085867129e-08 -6.5066778398617449e-08 -1.5512266487266425e-08 2.9725099878933775e-08 -1.1082508426955367e-07 -3.491303377488468e-07 -5.6359241653763816e-09 -9.6724363394988472e-10 1.0030322389636315e-06 -2.5799406305704119e-08 -4.9797875992847713e-10 1.5839178307503966e-09 -2.4776358293037802e-08 3.160203087043429e-10 -2.4489619781849634e-09 -2.0596162787504064e-08 -2.2129242206264438e-09 2.2701931861645433e-09 -5.5181508772062173e-08 -3.6715917773009951e-09 5.0179553606514787e-09 -3.1176363698608073e-08 -6.866822583059806e-09 6.8306626987508962e-09 -2.2151819101353819e-08 -4.9492092055735346e-09 3.3642111432597112e-09 1.0383442158198276e-09 -1.5908097670112468e-08 1.9141803918192841e-08 5.7515287806741603e-09 -1.1016289058879084e-08 7.0025703727317987e-09 2.7533136940137581e-08 -2.1219134027121031e-08 1.8158997639787043e-08 -3.2694660808651522e-08 -2.7917098383474331e-09 8.7273632355599859e-09 -1.8315226681163594e-11 -3.5115880897021778e-12 -1.003035505246884e-07 -1.4396889679765437e-09 4.5849502116873292e-09 -3.7661411296847063e-09 -2.5829988839497415e-11 -4.6886995444042905e-11 1.1896723153881351e-08 2.1664253458573692e-11 -1.9924028726766324e-07 -1.0591055484261784e-08 1.4454808369902684e-08 -1.8656647298405003e-09 -1.2599922252551038e-10 6.05417223336684e-09 2.0703887662828288e-10 -3.3856821738036034e-07 -1.4012617597428196e-08 1.9242968396529847e-08 -5.6900933779134364e-10 5.8190666697198373e-10 -1.3735043059491766e-07 -8.0588166070268354e-09 3.8717393892759575e-12 -3.5798934951473394e-07 -4.162797688122611e-09 -1.0869076087256643e-08 2.3202104547782889e-12 -6.820208827954418e-07 -3.0554393780426286e-08 -5.3939972914885433e-09 -1.4670440277338414e-08 1.2627721695411771e-11 -1.1417748856827167e-06 -4.041801868236203e-08 -6.9859024318888424e-09 2.1830983705299135e-11 -1.7744683946548338e-06 -5.3501616458352273e-08 1.2469768131454734e-10 -5.0778957443197962e-07 -2.3266941015632073e-08 1.1178792845256733e-11 
1.3024664484796711e-05 1.3798000262514818e-05 -4.9091914327249914e-06 -1.0992539190493322e-05 7.6707135664389989e-06 1.3226557597670871e-05 -9.441358387043224e-06 -1.5761626073622219e-05 1.5637966709727882e-05 3.4762176279965414e-05 4.0501443432978824e-05 -2.9053352418036761e-08 -2.5799406305704119e-08 4.4850468454998851e-05 -1.4087870527157209e-07 2.2104312570266333e-07 -1.3192256000877357e-05 -3.03630318684989e-07 5.3726593083639908e-07 -3.2736066543017434e-05 -3.6043101084389185e-07 3.1061735912261656e-07 4.4535120010513239e-05 -6.3134300873014478e-07 7.6490896591798889e-07 -2.0748556365255819e-05 -1.3030857661740978e-06 1.3252816610375984e-06 -3.9947531619865129e-05 -1.6300278216878639e-06 1.4547345888995157e-06 -1.0074169882979194e-05 -2.6213489852834307e-06 1.9421070034917624e-06 2.6049761333458819e-07 -3.2931298627625143e-06 2.4238558274669631e-06 1.7949597723497349e-05 -3.9688091410360066e-06 1.6995210342761627e-06 0.00012522119177188677 -8.5981380554218881e-08 -7.0480034626556462e-08 -2.2024366775459294e-09 4.6356735054978041e-09 0.00013807929398487921 -4.0653270093800288e-07 6.3845056620985076e-07 -1.0551684415906832e-07 -6.6843246143459949e-09 -1.034821552097721e-08 -1.1894639365879272e-07 1.2072609960671466e-08 0.00014448037711982048 -1.8261645743378266e-06 2.2139677863264856e-06 -5.3169257446002834e-07 -3.0348699627174656e-08 8.344415247795209e-07 3.1533355863609514e-08 0.00013820591115958633 -2.3788361291279427e-06 2.8762910592571653e-06 -1.3505848588997945e-07 1.3097110484963249e-07 0.00038524404113213137 -2.5425809086895025e-07 1.6038159858489636e-10 0.00043148009111481148 -1.1731376883598424e-06 -3.1292322328935854e-07 5.6101656760632502e-10 0.00046260251907332013 -5.2822552702341809e-06 -1.5342435271551399e-06 -3.8190791986352503e-07 2.2369064326098044e-09 0.00046202675093524827 -6.881430087997905e-06 -2.0065867191943909e-06 5.711664637556358e-09 0.00040321401230314152 -8.9621634674418582e-06 2.7632137159533318e-08 0.0011801171090261391 -7.51326197082959e-07 4.7125698109328293e-10 
-5.2106878915903666e-08 -4.9676076215741719e-08 3.6168311576364978e-08 6.5863555548125225e-08 -1.6804896712805251e-08 -5.1952162906310152e-08 3.5849078674671024e-08 7.6611246718263613e-08 -1.3104201400999827e-08 -4.1781088818226915e-08 -1.4854709816482049e-07 4.1289156768691516e-11 -4.9797875992847713e-10 -1.4087870527157209e-07 1.0021999170221744e-06 -1.705718304112571e-09 1.0484243194587556e-07 4.3616086922004782e-09 -3.0238707599694141e-09 1.8927052814396888e-07 2.1553056711870001e-09 -3.2401859879941436e-09 -1.1119272839271603e-07 5.0014640837484366e-09 -6.1756342219839537e-09 1.5467452377627731e-07 8.6388227410280577e-09 -1.0689669290163058e-08 2.3235457435011835e-07 1.3801864525260784e-08 -1.058556950078058e-08 6.1742955671321767e-08 1.5273735716865715e-08 -1.8196341385108836e-08 -4.5213584460620269e-09 2.8514790080315767e-08 -1.7746007933578765e-08 -1.1994866189822259e-07 2.922560339657122e-08 -1.7855358678136876e-08 -4.2347968690175456e-07 1.1617136173249428e-10 -1.4385035533384528e-09 2.9935490563381196e-11 -4.2356085977526885e-11 -3.9947219402832492e-07 6.3480024334664719e-09 -4.9224658382759694e-09 7.7834601041327705e-11 6.6382134504529895e-11 9.9861551911458648e-11 -1.8346664474205702e-09 -9.6041969424844439e-11 -3.1128296872725744e-07 1.4419260803889099e-08 -1.7817769691193463e-08 8.4409344662672966e-09 2.8953059543267243e-10 -6.4253794648081053e-09 -2.8664318852383628e-10 -1.1820585491243434e-07 1.8861516751900981e-08 -2.3300533701141737e-08 1.0446656963049833e-09 -1.0118467027177734e-09 -1.2072440279422534e-06 3.2681980170195963e-10 -5.5359646026413703e-13 -1.1325887830711495e-06 1.8319076893388305e-08 2.129216650841519e-10 -8.8841163235650579e-12 -8.7087040918338265e-07 4.1573593119630207e-08 2.435675529103911e-08 -1.4526721236688011e-11 -1.9289294387076743e-11 -3.0398700087949044e-07 5.4376510190969587e-08 3.2398941187264832e-08 -5.6937575184111316e-11 7.4487491378648418e-07 7.112184015121331e-08 -2.086025645798454e-10 -3.4415401049621466e-06 9.1930529576606554e-10 -1.5793648580823052e-12 
8.1153623544386271e-08 7.5677248285266637e-08 -5.1325669524705302e-08 -8.4343495081208237e-08 3.5012856249951235e-08 6.3001988324497349e-08 -6.3153142335353561e-08 -8.7447671900385449e-08 3.5109167225841374e-08 1.9944559360431044e-08 2.3629260813371698e-07 -8.2050859412978029e-10 1.5839178307503966e-09 2.2104312570266333e-07 -1.705718304112571e-09 1.0033558462143113e-06 -1.4769068663614588e-07 -2.7604335926361591e-09 4.0518169128345038e-09 -2.4375752280910796e-07 -4.4611126162339652e-09 4.0090091259198543e-09 1.6875809746117925e-07 -8.1243179692168897e-09 1.0205739253675264e-08 -2.2090082678359799e-07 -1.6018929968944176e-08 1.5837081257720886e-08 -2.9119057761955365e-07 -1.7644740354902341e-08 1.5170155502440323e-08 -8.6929405742082942e-08 -3.3025572006625932e-08 2.7617752920346031e-08 1.7265983619996319e-08 -3.5931802403034029e-08 2.6311093512862035e-08 1.5316640150820726e-07 -4.6511967718771929e-08 2.4722475436223001e-08 6.8833972756884906e-07 -2.3711880651204229e-09 4.5880572431367926e-09 -3.7463500042729575e-11 5.793041101094038e-11 6.4604605598813098e-07 -4.9228935898132125e-09 9.6886867950362225e-09 -3.1115820204107452e-09 -7.8333854039778771e-11 -1.3281408873299231e-10 6.0131733417387161e-09 1.4377101380095841e-10 4.9733796080630532e-07 -2.344314619702534e-08 2.9469361528777768e-08 -6.4429782012103314e-09 -3.6044286998659628e-10 1.2746757851872e-08 4.3103670400804413e-10 1.7504732818306133e-07 -3.0690480207362321e-08 3.8573179313168302e-08 -1.6285472222015294e-09 1.5938284777225792e-09 2.0061305121955074e-06 -6.8530691905247378e-09 3.8169334386693518e-12 1.8893706740950926e-06 -1.4209056645192796e-08 -8.9922626961687787e-09 6.7268087560233097e-12 1.4669945308000315e-06 -6.765082275355065e-08 -1.8595140461321996e-08 -1.1801089601492722e-08 2.9014269245445892e-11 5.4553348046165478e-07 -8.8558451983369424e-08 -2.4335737772033347e-08 6.6516262927091061e-11 -1.1647235099974422e-06 -1.1593930834114252e-07 3.405262175358523e-10 5.8494719171181291e-06 -1.9808015752987348e-08 1.1037215247899827e-11 
-5.4113226194476715e-06 -2.9255299980980639e-06 6.793986400942953e-06 4.3552907621513053e-06 -8.404492777550469e-06 -5.4733144600072583e-06 1.0449986558860138e-05 7.3240895663643236e-06 -1.1665645090471432e-05 -8.1857349215113718e-06 -1.9091048634661711e-05 2.5484130220293312e-08 -2.4776358293037802e-08 -1.3192256000877357e-05 1.0484243194587556e-07 -1.4769068663614588e-07 1.9495615810662685e-05 2.0152966279643347e-07 -2.7461980662815073e-07 1.363066974525994e-05 2.151224565962762e-07 -2.0046055989770897e-07 -6.9843139658863773e-07 4.1211880309095632e-07 -4.7522980435550606e-07 2.869737063109596e-05 7.9137642721869988e-07 -8.0707943568892537e-07 1.408656576368182e-05 9.5203213287113425e-07 -8.9614182202118077e-07 1.2088708598120191e-05 1.5467550164861347e-06 -1.3314830382755529e-06 -4.6488789622932998e-06 1.9457425420143718e-06 -1.5418012672883438e-06 -7.9501786703479616e-06 2.368280627764216e-06 -1.1272008781276303e-06 -6.5115145340196003e-05 7.6179153540489205e-08 -7.6998163036702793e-08 2.0431595997035009e-09 -5.9581798564556762e-09 -5.1762145190857441e-05 3.0219419636004089e-07 -4.2775428986602363e-07 9.2149778261315001e-08 4.3549391024528722e-09 7.186923526698953e-09 -8.1721009498293032e-08 -8.7289117647836341e-09 -2.0736185187116424e-05 1.193161098913063e-06 -1.3775845813743498e-06 3.9858921169523831e-07 1.9311059461211593e-08 -5.571683150218007e-07 -1.9723563244462736e-08 3.8892818485292095e-05 1.5523558982168604e-06 -1.7834639757134017e-06 8.377799920637175e-08 -8.0516027134565924e-08 -0.00021682102346788417 2.274672839053292e-07 -1.3447070682762394e-10 -0.00018885531882564084 8.7109041482059765e-07 2.7628442488426289e-07 -3.8946849934561694e-10 -0.00011379814211968459 3.4545654939454963e-06 1.1487759111971898e-06 3.3150139940887113e-07 -1.446521467594711e-09 3.8436371000927546e-05 4.494867141054366e-06 1.5157315375201927e-06 -3.5770441055117806e-09 0.00031349013387090046 5.8462439995502259e-06 -1.7366151328250248e-08 -0.00070913313863567057 6.7850607433427843e-07 -3.9776776770416301e-10 
-1.0580745209889278e-07 -1.0667308612196345e-07 6.977594679364702e-08 1.4196182831434374e-07 -4.1087840029652161e-08 -1.4418932848318779e-07 6.0450421281104262e-08 1.939469175459662e-07 -6.0688577858668066e-08 -2.8136243884422919e-07 -3.0183696407743962e-07 -2.2364310519879183e-09 3.160203087043429e-10 -3.03630318684989e-07 4.3616086922004782e-09 -2.7604335926361591e-09 2.0152966279643347e-07 1.0123152888980004e-06 -7.3384932453587096e-09 4.0874006430366948e-07 1.9385569512796821e-09 -6.1227273528597573e-09 -2.7172938302153724e-07 8.0981699598673543e-09 -1.0491080365541307e-08 2.9577758724514362e-07 1.4043046283393933e-08 -1.9084908123495262e-08 5.101144509222698e-07 2.7470241334236704e-08 -2.0270381284841366e-08 1.2308003354148561e-07 1.8564570752940835e-08 -2.8718840344065792e-08 3.2041501770079553e-09 5.8361493653301528e-08 -3.2160145794226797e-08 -2.5281205670899987e-07 4.9175364560688363e-08 -2.8261943239529006e-08 -8.6003561349326385e-07 -6.4622881875071436e-09 9.1262111694045022e-10 5.1076638101018312e-11 -7.3874657201072258e-11 -8.6282812495391927e-07 1.2588403809564914e-08 -7.9635365001802266e-09 -8.947906657978555e-09 1.2666117681005331e-10 1.8325995339314407e-10 1.4682949707994623e-09 -1.822277406179965e-10 -7.681660855216335e-07 2.3348931837490218e-08 -3.0275874607283275e-08 1.6757852769698491e-08 5.4288314833306187e-10 -1.0330546497242801e-08 -5.3044443936180349e-10 -5.0889842045118279e-07 3.0335465635923954e-08 -3.9389142804490335e-08 1.9461510059146212e-09 -1.9031521778950154e-09 -2.4475175512484857e-06 -1.8674641793736577e-08 1.1633474363379139e-11 -2.4477279897725729e-06 3.633506721741772e-08 -2.5854371074590479e-08 -1.7547925296562164e-11 -2.1657143258774292e-06 6.7323765490097349e-08 4.8366113625498227e-08 -3.5770581187272803e-08 -2.6975967041878996e-11 -1.4080021098677489e-06 8.7461997663357633e-08 6.4410545743348343e-08 -1.0698409230365667e-10 1.1888550868876869e-07 1.1358093585321824e-07 -3.8063147603907297e-10 -6.956312126594219e-06 -5.3970151798191106e-08 3.3616280393161007e-11 
