DESCRIPTOR_NAME ACE
DESCRIPTORS_FILTERING_TYPE element
NUMBER_OF_DIMENSION 87
NAME_OF_YAML_INPUT GB_Copper.yaml
FILTER_VALUE Cu
NUMBER_OF_CLUSTER 4
WEIGHT 0.075282179046432501
ESPERANCE 0.06024546171404644 0.081248062921166778 0.018257845640246607 -0.016385724578099541 0.04850273206746554 0.093977449548500638 0.030949784916366116 -0.021355347927075385 0.044810881674762167 0.11817350202096011 0.1737932487891849 -0.00014738204504509701 0.00011450624886701518 0.2343463057018044 -0.00020690779506548097 -2.0707917661375867e-05 0.052630972975869432 -6.7745583953333994e-05 -0.00017555020230516154 -0.047208780431402315 3.5721923981258359e-05 0.00020740894879064578 0.316112499232445 -0.00038234761852192151 0.0003538757270393079 0.071036999058624789 -0.00024241282990129334 0.00073958307404684118 -0.064013990042118579 9.547095308241169e-05 0.0001952064456124918 0.016010239350771276 -0.00029591041722533222 0.0017513990297226641 -0.014426150693062474 2.0606907777014185e-05 0.00030612786010948922 0.014145857823423589 -0.00020535575511328774 0.0010186848039128948 0.50142585141022922 -0.00042312930187964336 0.00032950580016881549 2.0482436648143033e-06 -3.5434617471306323e-06 0.67603495275495962 -0.00059320756704075951 -6.1392071771217602e-05 -0.00057479464859726899 -6.7303857328798236e-06 1.7308787883588397e-06 0.00044434129198613135 5.4708759870902139e-06 0.91177814680804126 -0.0010966384946533309 0.0010224372807664706 -0.00080950042325672459 -9.8888503759911043e-06 -7.7300610127758586e-05 6.9084269667478373e-06 1.230173310514967 -0.0014973901530645278 0.0013535398374484205 -1.6450266443601628e-05 -4.916988700131474e-05 1.4469234036357226 -0.0012149916034671802 1.4316705648829714e-06 1.9504997941705748 -0.0017010241288517181 -0.0016501960373095713 1.9760186629539856e-06 2.6302868623022566 -0.0031459197518286523 -0.002320878692042107 -0.0022420647899865369 3.4139621512347195e-06 3.5482698431629576 -0.0042948733920028844 -0.0031673480379519636 5.5539987590119634e-06 4.7883503873561564 -0.0058646442966187873 1.0759879787184321e-05 4.1758912639761769 -0.0034893576450584739 4.0951701571539705e-06
COVARIANCE_MATRIX
1.6633851332194673e-06 1.4574313668003431e-06 1.2174558249071721e-07 -3.0287195305559143e-06 -2.432575070046094e-06 3.247373668086988e-06 5.3237127350522828e-06 -3.5860754374211906e-07 -3.0396373407473338e-06 4.604435207259009e-06 2.2306503079331143e-06 -2.0475528965492221e-08 -7.6131489503314484e-09 4.6285749748893356e-06 -4.8954525757008944e-08 3.4096415258499189e-08 4.3605447094055111e-07 -6.3559575516768344e-08 6.9158361093589202e-08 -8.8371047700805204e-06 -3.4781290763009719e-08 -9.057972216021099e-09 8.3960134672564888e-06 -1.1128211283545845e-07 -2.3784880949789112e-07 1.0772483468192459e-06 -1.1487249642538769e-07 -5.465929188026621e-07 -1.2216977338196624e-05 -2.2888707180293107e-08 -1.7735571452347693e-07 7.3889356506467457e-08 -6.0056871676486452e-08 -1.2287208810923334e-06 -2.5666523633447488e-06 4.5682359793513161e-08 -3.8870117203188152e-07 4.1002626849923712e-06 2.8645021250119558e-08 -2.6035415454237198e-07 7.3758500828682706e-06 -5.9383448717526196e-08 -2.172621904666133e-08 -8.6277206968917906e-10 1.2743968835747297e-09 1.4612043674982047e-05 -1.4156586793532399e-07 9.8087566333019525e-08 -8.2941041625241993e-08 3.8010981400768797e-10 -3.62016386058042e-10 -2.5906725907557531e-08 -3.4070721325748698e-09 2.5906620045798477e-05 -3.2208417115222704e-07 -6.8669152584053641e-07 -1.9427538035006727e-07 -9.0353485669694603e-10 1.2995869224417144e-07 -5.6780378417699021e-09 4.3182033153748865e-05 -4.3942150578082145e-07 -9.0457834906270247e-07 -2.9371406363279017e-09 4.2614438102305018e-08 2.4070159224240226e-05 -1.7228012731993595e-07 3.0544438100167943e-10 4.5891392023977745e-05 -4.0946481414503063e-07 -2.4053176737368272e-07 5.1682157059583168e-10 7.9739891269938349e-05 -9.3238365647532828e-07 -5.6182769313412062e-07 -3.3538590814862503e-07 9.8206453451754676e-10 0.00013126982282341663 -1.2718654541711071e-06 -7.7068774634288328e-07 1.6460836685767137e-09 0.00020859033459308995 -1.7348772164334484e-06 3.372311517668527e-09 7.7721337394107468e-05 -4.9997022948982442e-07 8.8109822215652574e-10 
1.4574313668003431e-06 6.1324084519855027e-06 1.7721954672933742e-06 -1.1667174616641996e-05 -1.241184884878862e-05 1.0848720395520623e-05 2.2661369080107021e-05 -1.2984262419901118e-06 -1.7705945054248336e-05 1.165598405661355e-05 2.5648733775761256e-06 -1.1795172149664012e-07 -8.173060655980827e-09 1.2556169590601089e-05 -2.6929253368978104e-07 1.6036740359550583e-07 4.5693534947405227e-06 -2.8655396743246884e-07 3.0090404239825562e-07 -3.3147319904558992e-05 -5.1122243080608368e-08 2.1804134880831938e-08 2.913493574884357e-05 -5.4422450239942586e-07 -8.3942855906344934e-07 8.9468253159338691e-06 -4.711738706603488e-07 -1.9648705337749108e-06 -4.6801399717544933e-05 -7.0444784879132588e-10 -5.3686512305129738e-07 2.5924457354977059e-06 -2.1602895663900124e-07 -4.4612292610038268e-06 -1.1060239255384902e-05 1.6997055850872872e-07 -1.2673680660407655e-06 1.6152788972671368e-05 1.0619819198542511e-07 -7.54519068522641e-07 2.770406586809726e-06 -3.3327387435956061e-07 -2.8068071136670486e-08 -5.9777370995735036e-09 3.3658859978472093e-09 2.9871297271949162e-05 -7.6604131731156964e-07 4.6093564321443621e-07 -4.7201239329539867e-07 -1.0256579892297506e-09 -6.8569861298360237e-09 -1.7655373478828646e-08 -1.2971279217082092e-08 7.532982929649127e-05 -1.5506241588421229e-06 -2.4309984598175673e-06 -1.0622492695819979e-06 -8.4444413925989449e-09 6.1538380666380774e-07 -1.8352570692071271e-08 0.00014861130086802834 -2.1417667126312123e-06 -3.1886992836202929e-06 -1.9955877990632875e-08 1.5335757328808912e-07 -5.0735616132690308e-06 -9.4163711997417533e-07 1.9204393772311446e-09 6.8249391292785923e-05 -2.1793179101506122e-06 -1.3343863805539284e-06 3.3473591021141178e-09 0.00019270872389277679 -4.4186122723103969e-06 -3.0221286360697976e-06 -1.8870559926372033e-06 6.0541771119626953e-09 0.000394923540851559 -6.1029410264710825e-06 -4.1893254222679537e-06 1.0239725570299171e-08 0.00071384035495996494 -8.4279278922096188e-06 1.9652933851916942e-08 -5.1509084931142744e-05 -2.6604291071215041e-06 5.4504856758898533e-09 
1.2174558249071721e-07 1.7721954672933742e-06 2.520225505621289e-06 -3.6226569367638845e-06 -5.4716829698835231e-06 2.7512739244551804e-06 8.5944827523308212e-06 -1.8420758460078001e-07 -8.9032042908224985e-06 8.3816172347070496e-08 -1.8769582612859317e-06 -6.8184421876157224e-08 1.7587612840793074e-08 2.075420517300492e-06 -1.3505051743462439e-07 7.0400111470170718e-08 3.6899836949238776e-06 -1.0644472649755592e-07 1.083601692404752e-07 -9.7461313222804895e-06 2.7700843949201672e-08 4.706008399276068e-08 9.032204119325513e-06 -2.5301769145351961e-07 -2.0584243313736683e-07 6.4108625320109224e-06 -1.7882634539628108e-07 -5.1565303509058794e-07 -1.4399506980505241e-05 6.6587724448085358e-08 -7.7726028270840412e-08 2.4400144535391345e-06 -8.9332939450420609e-08 -1.1945463921836379e-06 -4.2146182501496506e-06 7.6095981265588285e-08 -2.5834762406365155e-07 5.2046578535760737e-06 1.8181255030895889e-09 -6.5086615115721614e-08 -1.1807007468102978e-05 -1.8963159524529029e-07 4.612086035161613e-08 -3.5588378077773819e-09 -7.8528775162203988e-11 -2.7230321040392676e-06 -3.7875501232441743e-07 2.0205496510322187e-07 -2.6955719551527394e-07 -2.1457632885132833e-09 -5.737128544147875e-09 7.2650858248673634e-08 -3.6689525611869352e-09 1.4182401619030273e-05 -7.0929950234520375e-07 -6.00501645821865e-07 -5.3039025137796678e-07 -5.8546274938656084e-09 2.7241041026596792e-07 -3.6176999243424448e-09 4.3294861744130836e-05 -9.9249404661951611e-07 -7.7859223215031154e-07 -1.1780713589662842e-08 4.0672629269188448e-08 -5.2405598681810361e-05 -5.2688849225638158e-07 1.1491187248016155e-09 -3.2843828647774025e-05 -1.0617532899210139e-06 -7.4996301045219795e-07 1.9248253044942749e-09 6.8598696746077631e-06 -1.9874541752302641e-06 -1.4876020242750463e-06 -1.0652507751970356e-06 3.4377688729207619e-09 7.846965692245675e-05 -2.7823927632397272e-06 -2.0828156575749534e-06 5.8034752808161282e-09 0.0001995555887983027 -3.8929354242464826e-06 1.0854714150744268e-08 -0.00020384024405415487 -1.4624391947460599e-06 3.2342687850981199e-09 
-3.0287195305559143e-06 -1.1667174616641996e-05 -3.6226569367638845e-06 3.0067807337941707e-05 3.087432680984251e-05 -2.6188461761735989e-05 -5.5163158604244159e-05 3.5939403901298457e-06 4.3316436550454352e-05 -2.9638873754893077e-05 -5.2235387962593646e-06 2.7074438699303372e-07 3.8988616140474812e-08 -2.8835326853220143e-05 6.5159190435344186e-07 -3.8607947936105917e-07 -9.2801128631308802e-06 7.2251073790492125e-07 -7.5288774732702052e-07 8.2773972727129234e-05 1.2760760570409197e-07 -3.36738911657729e-08 -6.808173187872478e-05 1.3023080116890553e-06 2.1184194771840363e-06 -1.9164341612336476e-05 1.130638552508086e-06 4.9294429618455685e-06 0.00011656081336370348 4.9152057952769292e-08 1.3639979246739414e-06 -5.2656749606954963e-06 4.6698017391105848e-07 1.1195185758316036e-05 2.7094629233221549e-05 -3.602636473270918e-07 3.1901274207450084e-06 -4.0268868473766048e-05 -3.2416901340580204e-07 1.9578782808696444e-06 -5.1732073576946375e-06 7.650965542178918e-07 1.2260035707416411e-07 1.4201701381458562e-08 -8.9883642809738329e-09 -6.9605380520910932e-05 1.8554696822034215e-06 -1.1098877330206007e-06 1.0859980935482482e-06 1.4873143174687538e-09 1.5450653822371549e-08 1.1650070011369322e-07 3.279114851669021e-08 -0.00017775688028241618 3.714356442695119e-06 6.1340456317940164e-06 2.5698090420453119e-06 1.9766820854228436e-08 -1.4805594583433405e-06 4.6063962750099274e-08 -0.00035214921456899572 5.1251007563377096e-06 8.0503809434818822e-06 4.7548799554818171e-08 -3.8374827936498309e-07 1.2936972050589117e-05 2.1620374213073327e-06 -4.4796416295399053e-09 -0.00016257310932505379 5.2842211136629278e-06 3.0707519295467851e-06 -8.0065282587890599e-09 -0.00046031236477850476 1.0595266000814331e-05 7.3187373640146574e-06 4.3511875871836079e-06 -1.4309922721772112e-08 -0.00094378094800425178 1.4618790192942295e-05 1.0133103028148065e-05 -2.4217843590567364e-08 -0.0017058234074531643 2.0167120828818984e-05 -4.6080605400110462e-08 0.00011573388478836592 6.1094375332713089e-06 -1.2713816071620095e-08 
-2.432575070046094e-06 -1.241184884878862e-05 -5.4716829698835231e-06 3.087432680984251e-05 3.7106175905410931e-05 -2.5839929988673149e-05 -6.0848919096015736e-05 3.3117225624698787e-06 5.2290185364194936e-05 -2.3992935757832281e-05 -1.2284441789015852e-09 3.5598213749412208e-07 -2.1366470343798029e-09 -2.621248351022086e-05 7.9899790472497001e-07 -4.4929418013840597e-07 -1.3534174277123563e-05 7.9885319001444627e-07 -8.2360616835350324e-07 8.6858222348485694e-05 4.6607819460771155e-08 -1.238698014166445e-07 -7.0583689395638813e-05 1.5483318572348555e-06 2.1233915863163791e-06 -2.6307941513006319e-05 1.2532515688848684e-06 5.0106756391598406e-06 0.00012346957143856324 -7.9723295532648228e-08 1.2625335223901743e-06 -8.3570929505777934e-06 5.2913459073124032e-07 1.1432985450437753e-05 3.0150297174309572e-05 -4.1754575055338353e-07 3.1067534456716553e-06 -4.3226288826275772e-05 -2.7293729948863182e-07 1.714174107634959e-06 1.9973390240589717e-05 1.0004841105257575e-06 1.0653093057498573e-08 1.8552337680022946e-08 -7.0977493204294838e-09 -4.8310459352874738e-05 2.2645695281165974e-06 -1.2908899584857872e-06 1.4198668065696132e-06 5.5939397524503333e-09 2.3823553496310451e-08 -4.4921806557147185e-08 3.3760901652821281e-08 -0.00016627276459127766 4.393213513379646e-06 6.1556082384798031e-06 3.1457354681748273e-06 2.7888411364766847e-08 -1.7278996284789132e-06 4.4303156838895985e-08 -0.00036021611405941578 6.0855732757351657e-06 8.0637530290476316e-06 6.2111895029836216e-08 -3.9021067639406796e-07 0.00011450623772607254 2.8110397398834352e-06 -6.0237500519096073e-09 -6.1625854936820997e-05 6.4182934046909072e-06 3.9927264348454506e-06 -1.0438247834292508e-08 -0.00037336841359234305 1.2465370560815087e-05 8.9168837863980237e-06 5.6587457896956052e-06 -1.8469580995787194e-08 -0.00089373914455339373 1.7268466540585452e-05 1.2383191332519528e-05 -3.1040248229181061e-08 -0.001730221013972478 2.3916611634777767e-05 -5.8323250004787039e-08 0.00049233961694956831 7.8957437243527599e-06 -1.7050357877393038e-08 
3.247373668086988e-06 1.0848720395520623e-05 2.7512739244551804e-06 -2.6188461761735989e-05 -2.5839929988673149e-05 2.6895291112303323e-05 4.9925999918203468e-05 -3.5418011198536047e-06 -3.6538144021023848e-05 3.1284851665803487e-05 7.7967848619882415e-06 -1.962671912182874e-07 -6.3276259226510126e-08 2.9127871848279245e-05 -5.202856445167777e-07 3.2677844140020007e-07 7.3708444639871185e-06 -6.4055920434885347e-07 6.6831699813151421e-07 -7.511413562663293e-05 -1.6987134804607477e-07 -3.0194604971201882e-08 6.4151075408882348e-05 -1.087343580982748e-06 -2.0124224425350676e-06 1.558349786465295e-05 -1.0133367297060043e-06 -4.6344406299963724e-06 -0.00010528881090042744 -1.1654002529712397e-07 -1.354044178104172e-06 3.8489904246891366e-06 -4.2314641374476461e-07 -1.0478058928958754e-05 -2.3898925949865984e-05 3.2464491986475915e-07 -3.0657355074289475e-06 3.5908251365436389e-05 3.4409157026019643e-07 -2.0170232665736042e-06 1.8174374122953696e-05 -5.5663724566534311e-07 -1.8888361520181517e-07 -1.072587844495924e-08 9.6701862117753789e-09 7.8067594276721403e-05 -1.4866438842351868e-06 9.3990880093830153e-07 -7.9306719396064619e-07 1.5954114606479104e-09 -9.3681119728746839e-09 -2.1360555195720565e-07 -3.0691518577555509e-08 0.00017682537150943411 -3.1125821297464414e-06 -5.825314367547728e-06 -2.0559259539646597e-06 -1.3258206808115046e-08 1.249996752740596e-06 -4.4730344201667468e-08 0.00033408679701784987 -4.2845769448346602e-06 -7.6502831730878832e-06 -3.5889024350034167e-08 3.6182089790299289e-07 4.0589886634807742e-05 -1.5789242106144934e-06 3.0877913800787878e-09 0.00020886139795401359 -4.2486771092358211e-06 -2.2507597124328136e-06 5.8802515146717947e-09 0.00048750508906269331 -8.9116932410290957e-06 -5.8753617548440985e-06 -3.1993079977393328e-06 1.0809055820274103e-08 0.00093249596359977699 -1.226602086036763e-05 -8.1220783899540954e-06 1.8694336920365585e-08 0.0016252896401827705 -1.6880802413635544e-05 3.6501696921300095e-08 8.4707581540640568e-05 -4.4793842835299442e-06 8.774770017285271e-09 
5.3237127350522828e-06 2.2661369080107021e-05 8.5944827523308212e-06 -5.5163158604244159e-05 -6.0848919096015736e-05 4.9925999918203468e-05 0.00010967971393671216 -5.9705762127261314e-06 -8.8068241331936895e-05 5.09240049566169e-05 5.9446973917624114e-06 -5.6161274452069223e-07 -3.7401238136833032e-08 5.2485167849090512e-05 -1.3094656500826167e-06 7.6283518314693307e-07 2.1723202270128217e-05 -1.3957053256875362e-06 1.436576278644576e-06 -0.00015621629482097952 -1.9673181183845173e-07 1.2110062693851112e-07 0.00013045605222896338 -2.6127936173645039e-06 -3.9651443384529806e-06 4.2918949142881401e-05 -2.2278084664900819e-06 -9.2716996116730965e-06 -0.00022105453866775205 8.1831716903035123e-09 -2.4847838776575582e-06 1.2889257266306463e-05 -9.6628216450668395e-07 -2.1058982250098702e-05 -5.2782705001173919e-05 7.5597659296185954e-07 -5.911128850531782e-06 7.6594442575073695e-05 5.5573142586417541e-07 -3.5025020825364633e-06 -9.5319784759206396e-06 -1.5820034336734601e-06 -1.3239619586271919e-07 -2.9484343505563081e-08 1.5168070420539619e-08 0.00011488587681424967 -3.7195339952511659e-06 2.1923167765505909e-06 -2.2472463015588469e-06 -5.2973387519519517e-09 -3.451857516941586e-08 -7.8954236864045779e-08 -6.1838120433471691e-08 0.00032631326082644844 -7.4329916863904012e-06 -1.1488610609233465e-05 -5.1614040837161095e-06 -4.2091449455653245e-08 2.9287800975285625e-06 -8.471112579634545e-08 0.00067013075417978211 -1.0277450446000122e-05 -1.5064182241419921e-05 -9.8819891561412917e-08 7.2343793077259059e-07 -0.00010312558075826524 -4.4556449208784016e-06 9.3405605191515303e-09 0.0002279235696807057 -1.0565954455606496e-05 -6.3340907594175247e-06 1.6453328370135306e-08 0.00079961671576396292 -2.1147546341081733e-05 -1.4662911051722168e-05 -8.9833952331138067e-06 2.946296176659597e-08 0.001738993196882421 -2.924035139101371e-05 -2.0340620443475912e-05 4.9863787343350553e-08 0.0032323774817859599 -4.0422408607526653e-05 9.5216959418902799e-08 -0.00051185834507541791 -1.2547129852846575e-05 2.6461984567001493e-08 
-3.5860754374211906e-07 -1.2984262419901118e-06 -1.8420758460078001e-07 3.5939403901298457e-06 3.3117225624698787e-06 -3.5418011198536047e-06 -5.9705762127261314e-06 2.9181512311107056e-06 5.9105134927368414e-06 -4.0614469085584701e-06 -7.8271805797525235e-07 6.6958797140395138e-09 2.3907990688821402e-08 -3.4091360114962584e-06 6.9943954033644426e-08 -4.4386156065134532e-08 -4.5386683163014287e-07 1.1159848150012191e-07 -1.1713689441703585e-07 1.0314610421927003e-05 -1.4322322210229768e-08 9.7662120581941506e-09 -7.7187380251769414e-06 1.4587838516210183e-07 2.9023181485163238e-07 -1.2983069976256327e-06 1.3273066918191186e-07 6.5529165223749649e-07 1.438016405211657e-05 -1.9033185422736036e-09 1.7524496437177865e-07 -1.8665746676867324e-07 1.6333071952866876e-08 1.5056537530323623e-06 3.1059952399918067e-06 -1.3864414146819464e-08 3.8562114085577416e-07 -4.9784913523405096e-06 -7.6033362024602052e-08 2.5555559374807504e-07 -1.5476652691893948e-06 1.8352567874076893e-08 6.9842395299518144e-08 1.0631137453654518e-09 -1.786625700698579e-09 -8.8858670776752901e-06 2.0026439126865187e-07 -1.280023632191324e-07 2.9493800323784503e-08 -1.3433930326228587e-09 9.857978139370776e-10 8.8929357468647117e-08 4.9064356405970526e-09 -2.099818860183022e-05 4.1791304252260984e-07 8.4135527906798243e-07 2.7552574136023707e-07 1.1270638794537659e-09 -1.6963427345716854e-07 6.0582827529725161e-09 -4.0275258128854652e-05 5.7329171700085646e-07 1.1047506968213933e-06 4.8614935764854801e-09 -5.142615799137441e-08 -2.4620842974979222e-06 5.018384802456905e-08 6.9869134123910213e-11 -2.2960460419532737e-05 5.7346333998420346e-07 8.1385322872878186e-08 -4.9205701722829863e-10 -5.7002684063617804e-05 1.1973660595803766e-06 7.8899283020382812e-07 1.2793939683117559e-07 -1.1531223786538569e-09 -0.00011140640465741319 1.6425354529710144e-06 1.0851464930921976e-06 -2.5700040681591047e-09 -0.0001960555815893311 2.2527272614141374e-06 -4.9178041305236307e-09 -1.4591965301921493e-06 1.3686879622154375e-07 2.06408217473855e-10 
-3.0396373407473338e-06 -1.7705945054248336e-05 -8.9032042908224985e-06 4.3316436550454352e-05 5.2290185364194936e-05 -3.6538144021023848e-05 -8.8068241331936895e-05 5.9105134927368414e-06 8.2899445762956624e-05 -2.4622981130550721e-05 4.3310753312198105e-06 5.5368457905150284e-07 -4.6738586285515384e-08 -3.3181945524937507e-05 1.2301827730263281e-06 -6.7176653293903566e-07 -2.1524810614709989e-05 1.1785996099220038e-06 -1.1868028342708048e-06 0.0001208027153469591 -4.5932818811429638e-08 -2.6847822149769945e-07 -9.7309726348226289e-05 2.3870986056986454e-06 2.905266066397055e-06 -4.1078115058714782e-05 1.8804349327107459e-06 6.9145359219782e-06 0.00017268216746452631 -2.9834014129907023e-07 1.6146315062560101e-06 -1.3688891112582802e-05 8.3467868913295084e-07 1.5811878627981913e-05 4.3257414350863647e-05 -6.6997514020400288e-07 4.1225907292178296e-06 -6.1063674976611273e-05 -2.9617347816556879e-07 1.98526828658757e-06 4.9899721922981659e-05 1.5514465539040926e-06 -1.0530113987618315e-07 2.8500819752031932e-08 -7.5496746179176786e-09 -4.4634933940711863e-05 3.4776785231184676e-06 -1.9292699746741785e-06 2.2006056737544864e-06 1.0122392848780673e-08 4.0664365175228154e-08 -2.3031933187617276e-07 4.7274406567441236e-08 -0.00021091156656580901 6.7536890126529631e-06 8.4286995338701605e-06 4.8357677746923051e-06 4.5152478162736787e-08 -2.5885640934845606e-06 5.7692506447141467e-08 -0.00048751143898151871 9.3680155150081954e-06 1.1034264586680478e-05 1.0076324599186231e-07 -5.4129432244769509e-07 0.00025078111767134527 4.345217078195307e-06 -9.19422354733251e-09 1.7107205811776968e-05 9.8302230355987965e-06 6.1692492761897614e-06 -1.6198496654312729e-08 -0.00040917015419214998 1.9106213996671518e-05 1.3671802582121822e-05 8.7407122864319062e-06 -2.9090572240418581e-08 -0.0011340438999386257 2.6505823967687372e-05 1.9006650123932164e-05 -4.9544305563937091e-08 -0.0023141588825296208 3.6761401033866654e-05 -9.3875724976905258e-08 0.0010286178760347371 1.2163976114751538e-05 -2.5983611670555732e-08 
4.604435207259009e-06 1.165598405661355e-05 8.3816172347070496e-08 -2.9638873754893077e-05 -2.3992935757832281e-05 3.1284851665803487e-05 5.09240049566169e-05 -4.0614469085584701e-06 -2.4622981130550721e-05 5.8447001506159975e-05 1.9243526791196621e-05 -1.5388240872765165e-08 -2.0517906547952344e-07 4.1738249523802187e-05 -2.9020789948461905e-07 2.5513404821636165e-07 1.9952300089641666e-06 -6.4652553709774577e-07 6.9584048271024461e-07 -8.7592650436412099e-05 -3.9601260548196522e-07 -2.9225485396150168e-07 7.7041503109192405e-05 -7.3140767206618798e-07 -2.5780863714075547e-06 7.2763921524248165e-06 -9.2835032541483268e-07 -5.7434295076631645e-06 -0.00012045523394658682 -5.0414682119519364e-07 -1.9885331667912172e-06 -5.5227530249598954e-07 -2.7285850186030694e-07 -1.2870908005680162e-05 -2.4585620849240259e-05 1.7898132880641058e-07 -4.149412682592063e-06 3.9458517510814273e-05 6.0881712182718088e-07 -3.374795634073477e-06 7.2902983961848158e-05 -5.5409917591172843e-08 -5.851504170653029e-07 -4.5122699583124101e-09 1.7423522635262029e-08 0.00014407193578157594 -8.571356857189139e-07 7.365875595927195e-07 -9.7344370591021772e-08 1.2309570963813037e-08 9.4607297017980782e-09 -7.5571750410542743e-07 -3.7217001648379579e-08 0.00025444987720644443 -2.154374646292075e-06 -7.4522125595788622e-06 -1.1687788749959347e-06 3.4935329731689457e-09 9.6046624075831841e-07 -6.2403259575874308e-08 0.00042223579501874395 -2.9176644200834143e-06 -9.8043272192368694e-06 -6.7754632629859786e-09 4.4473734694131079e-07 0.00026105007513816362 -1.9187330821008822e-07 -2.4488275477104992e-11 0.00048466077195786204 -2.5306568959715741e-06 -3.2449064109430464e-07 1.407888014645156e-09 0.0008279661745561243 -6.3440379838392114e-06 -3.4503970363958726e-06 -5.2363068430539464e-07 2.9870132445970111e-09 0.0013458335556569946 -8.5919354003079307e-06 -4.7020384486920011e-06 5.8883502223444201e-09 0.0021163857608103398 -1.1633354645981195e-05 1.280291393815714e-08 0.00090114651942460556 -6.4663992766382075e-07 8.7160717003882892e-12 
2.2306503079331143e-06 2.5648733775761256e-06 -1.8769582612859317e-06 -5.2235387962593646e-06 -1.2284441789015852e-09 7.7967848619882415e-06 5.9446973917624114e-06 -7.8271805797525235e-07 4.3310753312198105e-06 1.9243526791196621e-05 1.2913877629740064e-05 6.3002602520869739e-08 -7.0909912376438597e-08 1.4843617530874453e-05 7.9552775189019653e-08 -1.6111212291942618e-09 -3.7593663849188719e-06 -5.1011873329585089e-08 6.6359267461033e-08 -1.6831556991497398e-05 -2.0320411202845139e-07 -1.478176475645396e-07 1.8182494320563279e-05 5.9861257951793415e-08 -5.9069532888738561e-07 -5.5324175491234133e-06 -1.1747501457671019e-07 -1.2647542306423289e-06 -2.1728375714417856e-05 -2.3610257451359895e-07 -5.9689492714516046e-07 -3.3757706624717762e-06 -6.8881586815261828e-08 -2.7566482495047372e-06 -2.6722120096263689e-06 3.3395101420074037e-08 -1.122298055324084e-06 6.3665396843009799e-06 1.2192855118638885e-07 -1.0240038053748902e-06 5.0212933053976868e-05 1.6700610603427995e-07 -1.9514795538951926e-07 3.8151934807465708e-09 5.5875502810304654e-09 6.4343084035473598e-05 2.0701758372770981e-07 -3.5065963477862649e-09 2.3807850884776257e-07 6.6682727573099363e-09 1.0775586973022491e-08 -2.6710305614567455e-07 -7.1404813835029284e-09 8.1696360363772323e-05 1.286069765852377e-07 -1.6960959849956101e-06 3.0148379890338487e-07 8.8697229253654029e-09 -1.5110749638166704e-08 -1.6699031722710937e-08 0.00010260867279399232 2.1780273214856329e-07 -2.2505082170623403e-06 1.2735221765046278e-08 9.7579095457849211e-08 0.00019068659933357303 4.3942466679562047e-07 -1.2181952571558364e-09 0.00024785844362639007 5.3271824749127034e-07 6.2897129059113336e-07 -1.949311274026409e-09 0.0003202256425974434 2.4439462545673851e-07 7.8149150595324892e-07 8.9887446106951323e-07 -3.1726929386235661e-09 0.00041088602005700663 4.5527326484690161e-07 1.1415599696094179e-06 -5.3111148805448987e-09 0.00052304396677086752 7.8803537164943985e-07 -8.4892918807684887e-09 0.00068271394013407133 1.1459386824178774e-06 -3.3612139928043735e-09 
-2.0475528965492221e-08 -1.1795172149664012e-07 -6.8184421876157224e-08 2.7074438699303372e-07 3.5598213749412208e-07 -1.962671912182874e-07 -5.6161274452069223e-07 6.6958797140395138e-09 5.5368457905150284e-07 -1.5388240872765165e-08 6.3002602520869739e-08 1.0085422925567044e-06 -1.3440691842959277e-09 -1.7327105731422809e-07 1.1374919812177978e-08 -5.0567872847309004e-09 -1.5820023598726392e-07 4.7698137415292992e-09 -7.7604766912851372e-09 7.4064976213233179e-07 9.6249701787921241e-10 -3.7448389670181928e-09 -5.8365676787749543e-07 1.602514315563372e-08 1.520688964363478e-08 -2.9449057185384033e-07 7.5051259345431869e-09 3.8057079948181277e-08 1.0699116627397031e-06 -3.0126690148413276e-10 6.1969825198694253e-09 -1.0399473849553893e-07 2.8999146145026562e-09 8.8086438614639426e-08 2.8017342459012577e-07 -3.8725198760897548e-09 1.9850359046847398e-08 -3.9305680092894705e-07 -1.5000008080769282e-09 3.5857817922604091e-09 5.3115738479203445e-07 2.419544543507427e-08 -3.6296641644366361e-09 1.9269183112197557e-10 -3.168417982497e-12 -2.1937662881264076e-08 3.2134845735572222e-08 -1.4512789259438454e-08 3.3526503021199875e-08 3.0857858593405094e-10 4.0071306986305873e-10 -5.4854989710774746e-09 2.5784109938329343e-10 -1.0298880788364965e-06 4.5032966828199209e-08 4.4124090611952453e-08 4.458921476637023e-08 4.9223515143821071e-10 -1.957127632318583e-08 3.0759909776311934e-10 -2.7450349158392052e-06 6.2743575919196795e-08 5.7710436526019814e-08 7.290820739369152e-10 -3.0080211839025806e-09 2.5326217517956112e-06 6.8528565583508029e-08 -1.6013753231276324e-10 1.3046905222765369e-06 9.07689973957587e-08 9.496586566547987e-08 -2.0437866744837197e-10 -1.0998113199729699e-06 1.2649884122005302e-07 1.2596947684448895e-07 1.3157238206319704e-07 -3.0867469077372121e-10 -5.3586865638593299e-06 1.7631467767900744e-07 1.7477533705635332e-07 -4.3339186470541356e-10 -1.2482413686548662e-05 2.4564122760095693e-07 -6.6347557553312391e-10 1.0170537307319918e-05 1.9408315866092297e-07 -4.5568337675882474e-10 
-7.6131489503314484e-09 -8.173060655980827e-09 1.7587612840793074e-08 3.8988616140474812e-08 -2.1366470343798029e-09 -6.3276259226510126e-08 -3.7401238136833032e-08 2.3907990688821402e-08 -4.6738586285515384e-08 -2.0517906547952344e-07 -7.0909912376438597e-08 -1.3440691842959277e-09 1.0025350675658491e-06 -9.0475296396456057e-08 -1.356244434822324e-09 4.5219125091169335e-10 3.5611782347736232e-08 6.6460132845535848e-10 -2.7044672316418978e-09 1.2910921626333408e-07 1.5526022813498026e-09 2.9835518544895652e-09 -1.1264107300209934e-07 -2.198021720735723e-09 5.5282553601929524e-09 5.1185760425679798e-08 -3.5036972770208372e-10 1.0951925638168352e-08 1.6564814886545105e-07 3.1173608959808112e-09 5.4352102829587182e-09 2.8975965447496555e-08 -1.745049833127411e-09 2.6950161401555353e-08 1.8530233024084693e-08 1.2096743161128349e-09 7.53648019696516e-09 -4.5278929449684787e-08 -3.1898357340435939e-09 1.0352296538261258e-08 -3.4565397861968968e-07 -3.7419568573987799e-09 7.2248447926223566e-09 -2.7083530803952125e-11 -1.2802831069556986e-10 -4.5380700269009515e-07 -3.6900386280757617e-09 1.2707637974182513e-09 -5.1558532381585765e-09 -8.6909121751735308e-11 -1.1773676404855653e-10 9.7538384657755749e-09 1.3605273240714836e-10 -5.884180381572045e-07 -5.903985031232294e-09 1.5933449433347018e-08 -5.2071505302864454e-09 -1.2588128187160377e-10 1.8724120936421016e-09 2.0906569135202135e-10 -7.5238738204094807e-07 -8.4119278901064613e-09 2.1062866864336628e-08 -2.1160324905670683e-10 -8.0908463690542453e-10 -1.4039665461999394e-06 -1.0407122613134997e-08 2.4933388704355067e-11 -1.8649602275967628e-06 -1.00074428660435e-08 -1.4341340399127292e-08 3.156845701679761e-11 -2.4568810011795614e-06 -1.577944320361887e-08 -1.41481536716046e-08 -1.977558470560027e-08 5.4422792525497775e-11 -3.208102562413062e-06 -2.2551444210026816e-08 -1.9986477221249076e-08 8.2296445038133232e-11 -4.1484557196977444e-06 -3.2178451152534633e-08 1.570534715964922e-10 -5.2234863927384982e-06 -2.8912292609492313e-08 7.0464066557167486e-11 
4.6285749748893356e-06 1.2556169590601089e-05 2.075420517300492e-06 -2.8835326853220143e-05 -2.621248351022086e-05 2.9127871848279245e-05 5.2485167849090512e-05 -3.4091360114962584e-06 -3.3181945524937507e-05 4.1738249523802187e-05 1.4843617530874453e-05 -1.7327105731422809e-07 -9.0475296396456057e-08 3.921104601153585e-05 -4.7492524277432468e-07 3.2577142858728032e-07 6.3443605703658383e-06 -6.4548058938395029e-07 6.8570218927028668e-07 -8.372446481295016e-05 -2.8740871910125105e-07 -1.0336190884146211e-07 7.5741347183436817e-05 -1.0486254633783677e-06 -2.2894166192165536e-06 1.4028586533382979e-05 -1.0657576406500397e-06 -5.2375148125302504e-06 -0.00011646034301967352 -2.3417963746452624e-07 -1.6632033507494036e-06 2.5867151973329383e-06 -4.794725980107454e-07 -1.178294829156604e-05 -2.5425958336421976e-05 3.5508537326501277e-07 -3.6530079620189688e-06 3.9106143868457364e-05 3.6014776406042394e-07 -2.5471351461826838e-06 4.7359003048884399e-05 -4.9856567263806427e-07 -2.6204979678186609e-07 -8.6338115139804865e-09 1.2312118473289262e-08 0.00011629089593123126 -1.3682417905086836e-06 9.3757420384241413e-07 -7.0861609360750369e-07 4.6548213651174175e-09 -3.6370424878096921e-09 -3.1386895667422241e-07 -3.3726408079878673e-08 0.00022658011513760506 -3.0253135569491115e-06 -6.6188354029535426e-06 -1.8855840777469689e-06 -8.6771728888462414e-09 1.2413669068656669e-06 -5.3313968089555682e-08 0.00039841008455258295 -4.1452507035454345e-06 -8.7015141240491267e-06 -2.8568480993867067e-08 4.0745133952907155e-07 0.00015040078547410058 -1.4351679513708557e-06 2.6683982926851499e-09 0.00035389188265574884 -3.9428423175485223e-06 -2.0395283776977146e-06 4.9526366285631319e-09 0.00067822211392990818 -8.730093888058045e-06 -5.4328005107325389e-06 -2.8903341562345543e-06 9.252472806165289e-09 0.0011821158025222894 -1.1959893331167932e-05 -7.4834024279696425e-06 1.5783934140798627e-08 0.0019503219453866484 -1.6383287959429639e-05 3.1771912637408843e-08 0.00047562465942761225 -4.1330319978640566e-06 7.6487202612232169e-09 
-4.8954525757008944e-08 -2.6929253368978104e-07 -1.3505051743462439e-07 6.5159190435344186e-07 7.9899790472497001e-07 -5.202856445167777e-07 -1.3094656500826167e-06 6.9943954033644426e-08 1.2301827730263281e-06 -2.9020789948461905e-07 7.9552775189019653e-08 1.1374919812177978e-08 -1.356244434822324e-09 -4.7492524277432468e-07 1.0221675561756401e-06 -1.0668256049749715e-08 -3.1968747412495475e-07 1.8049018726379044e-08 -1.8406752869058164e-08 1.8077396453837597e-06 -1.7570494200683205e-09 -5.94354059696847e-09 -1.4264524838489385e-06 3.8686501059790822e-08 4.0910806375593288e-08 -6.1201565467226809e-07 2.6088871035167807e-08 9.8715943101817278e-08 2.5890669386893235e-06 -5.1491076886173404e-09 2.056428793230528e-08 -2.0500169580384713e-07 8.5401797852003509e-09 2.2754761115954195e-07 6.5226105802436063e-07 -9.109742770022059e-09 5.6388212033530742e-08 -9.2904873591481389e-07 -4.2450150021467437e-09 2.2205861521802566e-08 8.6046975390520466e-07 3.2014226373718722e-08 -3.438683633889992e-09 4.9410186384616609e-10 -7.4443881499905235e-11 -5.0733279901603388e-07 6.2708860202925951e-08 -3.0624767185185761e-08 4.4965557746330929e-08 3.2414213267458016e-10 7.3448048649135445e-10 -5.962331732910531e-09 6.7664923184976426e-10 -2.9350201497072797e-06 1.0934623564029775e-07 1.1863581824235405e-07 8.7008298298570435e-08 8.8012487007971637e-10 -4.1181627449275826e-08 8.0426367911669428e-10 -6.9977715693605521e-06 1.5166966695061384e-07 1.55371536370052e-07 1.6996849868675997e-09 -7.7105172584575308e-09 4.2859445835653407e-06 9.0078163477400279e-08 -1.9938447508563087e-10 1.0020509350860277e-06 1.7737661665361469e-07 1.2658688248640472e-07 -3.2265864356038516e-10 -5.0952900374302507e-06 3.0902108904737389e-07 2.4614663961074638e-07 1.7768483082941115e-07 -5.4557609828121535e-10 -1.557501911833707e-05 4.2870020349061934e-07 3.4147905922326622e-07 -8.8770303016243253e-10 -3.276203548104594e-05 5.9457850060432638e-07 -1.5671132431908123e-09 1.7520768496533118e-05 2.5338016120866372e-07 -5.6511840112153078e-10 
3.4096415258499189e-08 1.6036740359550583e-07 7.0400111470170718e-08 -3.8607947936105917e-07 -4.4929418013840597e-07 3.2677844140020007e-07 7.6283518314693307e-07 -4.4386156065134532e-08 -6.7176653293903566e-07 2.5513404821636165e-07 -1.6111212291942618e-09 -5.0567872847309004e-09 4.5219125091169335e-10 3.2577142858728032e-07 -1.0668256049749715e-08 1.0076237597330566e-06 1.7104570802259596e-07 -9.9451115663155377e-09 1.355583858390404e-08 -1.0815296114856126e-06 -1.5384430633414325e-10 2.9072885906040362e-09 8.8089115280637186e-07 -2.0880911998711612e-08 -2.519383853016594e-08 3.3209628166832728e-07 -1.6711329053535638e-08 -6.3195496859771559e-08 -1.5395295022518472e-06 2.3595156000581102e-09 -1.3823755050381293e-08 1.062445707603655e-07 -8.1057139881123671e-09 -1.4930237724984781e-07 -3.778208017218514e-07 6.6252138458245016e-09 -3.7136877348017364e-08 5.4256231792959473e-07 2.668691686607696e-09 -1.8641756628375562e-08 -2.8954940999522292e-07 -1.4226822997437476e-08 1.0643649640166782e-09 -2.7652327558358161e-10 1.2566524151541834e-10 5.4984395309438001e-07 -3.0206364094755785e-08 2.1916124281178819e-08 -2.008135380338293e-08 -1.070465635230714e-10 -3.9161622118959894e-10 2.2223920386643542e-09 -3.659489512905207e-10 2.0072837180616029e-06 -5.9186051565206349e-08 -7.3034520887549495e-08 -4.1950594508068413e-08 -4.0934692737067595e-10 2.9346760729800296e-08 -6.4668674871971122e-10 4.4119067936288267e-06 -8.1975731031866911e-08 -9.560406784541635e-08 -8.9607820974277657e-10 4.7830724764207167e-09 -1.6473130099684621e-06 -4.0015410341241275e-08 8.4921581255130228e-11 4.7501398792487361e-07 -8.552196630073456e-08 -5.6519499504317251e-08 1.4281869587409487e-10 4.2694588587082627e-06 -1.6775497900168325e-07 -1.1879094508361832e-07 -7.9699821973842374e-08 2.5544416404705158e-10 1.0644324111484626e-05 -2.3236952326523878e-07 -1.6493906103045851e-07 4.2870191215642802e-10 2.0939055895301117e-05 -3.2179970146997989e-07 8.1777135783678334e-10 -7.0667989062143323e-06 -1.125195357367644e-07 2.4065065385388715e-10 
4.3605447094055111e-07 4.5693534947405227e-06 3.6899836949238776e-06 -9.2801128631308802e-06 -1.3534174277123563e-05 7.3708444639871185e-06 2.1723202270128217e-05 -4.5386683163014287e-07 -2.1524810614709989e-05 1.9952300089641666e-06 -3.7593663849188719e-06 -1.5820023598726392e-07 3.5611782347736232e-08 6.3443605703658383e-06 -3.1968747412495475e-07 1.7104570802259596e-07 1.0076454620713924e-05 -2.6425112906621846e-07 2.6947002070665297e-07 -2.519573870142419e-05 4.8991422832183064e-08 9.8162872713461267e-08 2.3978014401116757e-05 -6.0822827604272935e-07 -5.5782302695499012e-07 1.5780804815486056e-05 -4.4579833191086505e-07 -1.3757571431920887e-06 -3.7022427872698459e-05 1.3961890472316099e-07 -2.4569011177018001e-07 5.918001421904947e-06 -2.2286124908823286e-07 -3.1678153865776169e-06 -1.06179219436738e-05 1.873003801261579e-07 -7.3451723532714601e-07 1.321149422742555e-05 1.7265875788122772e-08 -2.6531524112157765e-07 -2.5231706879977705e-05 -4.4031101056291979e-07 9.2143497764290557e-08 -8.2866295849706025e-09 3.412081624487548e-10 -1.2970344532999081e-06 -8.976998362718163e-07 4.9108077166859981e-07 -6.2698550568249566e-07 -4.4707322229290766e-09 -1.2867068828100216e-08 1.5003082286807663e-07 -9.6543897874854887e-09 4.245858853734762e-05 -1.7080184745690095e-06 -1.6255673152073976e-06 -1.2570493042047282e-06 -1.3297945355720987e-08 6.6090866315124332e-07 -1.0372515604957526e-08 0.00011701361658362911 -2.3884299136217318e-06 -2.1104258587966605e-06 -2.7299920381115861e-08 1.0831431542156286e-07 -0.00011405418799802087 -1.2243967435535119e-06 2.6530322007855136e-09 -5.9939765441824456e-05 -2.5198238833510544e-06 -1.74587694000932e-06 4.4688155919179244e-09 4.5913109815725265e-05 -4.7945503209283947e-06 -3.5302186005647112e-06 -2.4837254929515155e-06 8.0219125219882085e-09 0.00023318078925988812 -6.707546577269982e-06 -4.9422827806657009e-06 1.3567019009755281e-08 0.00054604844359987042 -9.3783709623953986e-06 2.5537890459253692e-08 -0.0004474211911562662 -3.4014684421734144e-06 7.4688598293852543e-09 
-6.3559575516768344e-08 -2.8655396743246884e-07 -1.0644472649755592e-07 7.2251073790492125e-07 7.9885319001444627e-07 -6.4055920434885347e-07 -1.3957053256875362e-06 1.1159848150012191e-07 1.1785996099220038e-06 -6.4652553709774577e-07 -5.1011873329585089e-08 4.7698137415292992e-09 6.6460132845535848e-10 -6.4548058938395029e-07 1.8049018726379044e-08 -9.9451115663155377e-09 -2.6425112906621846e-07 1.0234290170478632e-06 -1.9461241120161185e-08 2.0425389596371656e-06 -1.106091223535831e-09 -2.3583740285582241e-09 -1.6447651834998123e-06 3.8177165958967082e-08 5.11565320380078e-08 -5.3304361721646939e-07 3.3058156878577295e-08 1.1947999982519864e-07 2.8909787696965003e-06 -3.9204156437193291e-09 3.1076808319575366e-08 -1.5835833076410924e-07 1.0187788207189328e-08 2.7303171104969247e-07 6.8863894053089471e-07 -9.0873838661679727e-09 7.5208740756844458e-08 -1.0080481754094143e-06 -6.7806874406130445e-09 4.2980453531730856e-08 2.2861888356753118e-07 1.3256575831011883e-08 2.2506284717835649e-09 4.8056038467038704e-10 -1.8206571590319077e-10 -1.3477858452102724e-06 5.126314145498962e-08 -2.856965691610098e-08 1.9377446844545015e-08 -2.2326445095349363e-11 4.9462511972873e-10 1.7313038329821037e-09 8.1412184010461922e-10 -4.0405537447691837e-06 1.0861600591083453e-07 1.4819837227367006e-07 7.1067072852513509e-08 5.884770862088507e-10 -3.8208977996478343e-08 1.0429665700436056e-09 -8.434675321215013e-06 1.5000473427675646e-07 1.9440561301216673e-07 1.53871322356284e-09 -9.2646236017589993e-09 1.7265251440890347e-06 3.6810764803331753e-08 -6.513539670747495e-11 -2.4280937889091315e-06 1.4560429220516881e-07 5.3936011631767611e-08 -1.9189436570979521e-10 -9.6573328312034167e-06 3.0904103620231331e-07 2.0186873370421338e-07 7.8545273600310412e-08 -3.8302072360425758e-10 -2.1594360826396221e-05 4.2680081014533842e-07 2.7978058344961565e-07 -7.3047431866965294e-10 -4.0637125239587199e-05 5.8935060514497826e-07 -1.455046838244018e-09 8.0104698457486361e-06 1.021188114007956e-07 -1.8242397274506248e-10 
