DESCRIPTOR_NAME ACE
DESCRIPTORS_FILTERING_TYPE element
NUMBER_OF_DIMENSION 87
NAME_OF_YAML_INPUT GB_Copper.yaml
FILTER_VALUE Cu
NUMBER_OF_CLUSTER 6
WEIGHT 0.041757089120370364
ESPERANCE 0.076114430944131672 0.098633556821134685 0.010898861656561282 -0.03523529999999999 0.058114626461671724 0.13080877804244265 0.054909369640537012 -0.014211782451277608 0.075170828323949765 0.17711772477262888 0.16226083391078394 -0.024475307665656133 0.0086079514400173272 0.21025394564746641 -0.033905792702468601 0.010225496792983976 0.023216821849285408 -0.010053748748375922 -0.0017459040285967952 -0.075100484040710236 0.0030577782168168038 -0.0083199196015591153 0.27246130576006933 -0.047102999436985711 0.012198006959722821 0.030111335686444345 -0.014186004335210046 -0.0019835717016868778 -0.09732682700303158 0.0041070763565132099 -0.0098590878107405779 0.0033641861136855787 -0.004696743304460807 0.00053347682514075343 -0.010758131836292767 0.00078062628294932877 0.0017993421365093117 0.034789626201818961 -0.0012889651038544825 0.0083067174404504087 0.34593236812472933 -0.05217596994369858 0.018349762624512777 -0.011319626071892595 0.0033629420333477701 0.44822332676483329 -0.072272515396275452 0.021799710220874839 -0.067608254460805553 -0.013456523884798616 -0.015730615915980944 0.023777216500649623 0.0040034979320051969 0.58080172412299713 -0.1003933263967085 0.02600703631442183 -0.093657619359029914 -0.018703895041143351 0.028246839411000427 0.0047679805262018189 0.75264738847986135 -0.13011114660025982 0.033697519142485921 -0.025970814443482031 0.0056808768211346911 0.73756370030316154 -0.11123558527501082 0.016784532914681679 0.95559873819835428 -0.15406474469467307 -0.14412712018189691 0.023247123018622782 1.2381743265482894 -0.21398922975313986 -0.19963927847553051 -0.18675741706366392 0.032289412776093554 1.6044206171502817 -0.27731564161974892 -0.25871339454309222 0.044743677111303594 2.0791455218709398 -0.35940739844088349 0.062177426764833253 1.5726738523170205 -0.23716344737981812 0.035783117864876576
COVARIANCE_MATRIX
1.4236129620242709e-06 9.107185385453875e-08 -5.4987951230721549e-07 2.8043792180597664e-07 1.4269896200993124e-06 2.3740444517491008e-07 -1.3690960329236966e-06 3.6810440906978929e-07 2.886070667101019e-06 9.5849479095495676e-07 1.7478945714885552e-06 -1.2301859051853133e-07 2.7506336007193953e-08 1.2896431067923288e-06 7.3454323425115339e-08 9.0592762279619479e-08 -1.0489360933179438e-06 2.2677316923931205e-07 6.8200668197945065e-08 2.0855025405357673e-07 -3.9124927983625439e-07 -1.1018807909310031e-07 4.0646790305476082e-07 4.427884754351548e-07 1.7615107972270582e-07 -1.5016694970570796e-06 4.2182052410946328e-07 6.7805861780906029e-08 7.193721058485778e-07 -5.6787207975357804e-07 -1.8862060889450958e-07 -3.421990360237863e-07 2.2254839517003182e-07 -3.3548898429108372e-08 6.2968742354794412e-07 -1.8848620609433111e-07 -5.4080762737238429e-08 -5.623296255531051e-07 1.0153742951664375e-07 1.799995562288349e-07 5.5261907238403999e-06 -5.3417670580230516e-07 1.5429808824836665e-07 -7.4143080514146091e-08 1.5734182758864152e-08 5.0826461886975542e-06 -2.2001936662405198e-07 3.0668223494574214e-07 -3.7835052295096387e-07 -1.6430545902920362e-07 1.1221874188911544e-08 8.956349106800723e-08 4.1561302584997066e-08 3.8922012261417982e-06 4.2005118018234925e-07 5.1116134378749853e-07 1.4945436685067245e-07 -9.2496110452278177e-08 2.6624100577266533e-07 7.6488631731226857e-08 1.5502733668441367e-06 1.14864422543291e-06 5.0556078681995206e-07 5.9646561477690226e-08 1.2301445109468599e-07 1.5617300960421542e-05 -1.7181485077012122e-06 1.6274695335350625e-07 1.5806957220639115e-05 -1.2710991679694953e-06 -1.557608281815939e-06 5.7994151314560146e-08 1.474227684554704e-05 -2.1974119384328212e-07 -7.2153666154305887e-07 -1.1514803383502822e-06 -1.5306602824073266e-07 1.1661809137464098e-05 1.0018248009933865e-06 2.6535875084023551e-07 -5.3381690064945952e-07 5.4621257630845891e-06 2.9674791964783893e-06 -1.1920953865861182e-06 4.1472948283781704e-05 -4.8976676027867951e-06 5.3355403114272618e-07 
9.107185385453875e-08 1.2013305192875996e-06 2.035580614816627e-07 1.0062779553269819e-07 6.4408654226171078e-08 1.6348516590334867e-07 2.7362711894246939e-07 3.6824119466158843e-07 5.3058665835162322e-07 5.296010407361765e-07 2.8630563838930511e-07 -5.0824142201238246e-09 -1.5965691789272516e-08 5.4910185741925169e-07 -4.714662839946353e-09 2.9582495876682778e-08 4.4774467375416788e-07 -4.4097100807368181e-08 7.2192907310876123e-08 1.7119820879217902e-07 -1.2906493958367313e-07 -2.5409633710166911e-08 9.4162306658045859e-07 1.0355772375977686e-08 9.0112836160192467e-08 6.0496702557511425e-07 -3.7092373356093752e-08 7.2123806671738343e-08 1.4042927383620533e-07 -1.7725238005077672e-07 -7.4270298688709743e-08 1.2191127360053468e-07 1.5841279551950096e-09 -3.4598853436534623e-08 -1.6207970318128121e-07 -5.1150795426096539e-08 -5.9342083091840639e-08 -2.2029696140003423e-07 1.0436464018811454e-08 5.6225600319754344e-08 8.0567611260373981e-07 -4.0601709107140217e-08 -2.3403598588712009e-08 8.2163660115341202e-09 -9.405273289205374e-09 1.4247457758460176e-06 -5.1692151431359359e-08 7.5430983039853324e-08 -1.0982589947368658e-07 -5.2647225301565359e-08 1.7400214094056592e-08 -1.030191822645523e-08 7.3123383128284661e-09 2.3379913834322495e-06 -3.6376480717519302e-08 2.0657584876377129e-07 -1.4574138700307289e-07 -6.6474018973842345e-08 1.2160296697889858e-07 3.0636435429390356e-08 3.6650477406372648e-06 -1.5610879327243227e-07 2.9632367234452396e-07 -8.5834399103514577e-08 6.2508923982489033e-08 2.1316568322954637e-06 -1.4964545974747464e-07 -3.9626320023413701e-09 3.5761703377862173e-06 -1.9845670190388007e-07 -3.1622687952885892e-07 -6.9095504959043998e-09 5.6852306840003771e-06 -2.0141483322061006e-07 -4.2550485171676506e-07 -5.6773719765320377e-07 -2.0959526323613429e-08 8.7249853659722308e-06 -4.9389407887375033e-07 -7.6887082888087754e-07 -3.3582058974449064e-08 1.3061065739943929e-05 -9.4099038905351093e-07 -7.0922223770699827e-08 5.4223599216440048e-06 -4.5278321188989526e-07 1.1941931115689992e-08 
-5.4987951230721549e-07 2.035580614816627e-07 2.3420918565557443e-06 -1.2346281877089652e-07 -2.1055499490221811e-06 -3.4380958131663895e-08 2.898276058658998e-06 3.0587586528864269e-07 -3.783852131985638e-06 -1.0108678234375291e-06 -2.3720770557491168e-06 2.1309310807614597e-07 -8.6876514416872296e-08 -1.1231842448255098e-06 -8.0144745343401049e-08 -9.2886420635354362e-08 2.6839809355714275e-06 -4.3901250938882079e-07 4.8576772768476927e-08 2.9044054232349745e-07 3.1336557495094191e-07 1.3687755009695798e-07 1.0750127655025842e-06 -6.2336280296715163e-07 -9.7177239686150253e-08 3.764275559381333e-06 -7.478227498462181e-07 5.9179489506663984e-08 -5.2320243689052107e-07 4.9381578997633044e-07 1.5774604885252321e-07 8.3204015430236038e-07 -3.7512815431979673e-07 -6.7021615209030572e-09 -1.3541921497000326e-06 1.9434485344660496e-07 -4.8491914693074559e-08 2.3598399665559907e-07 -1.6186997775035504e-07 -1.8011445527378075e-07 -7.6113063173443378e-06 8.4024012786294266e-07 -3.2095783254917228e-07 1.5630141027337588e-07 -5.1464651445875949e-08 -5.7083980064377992e-06 3.6419612514785211e-07 -3.5926992664988953e-07 4.6145892042845939e-07 1.6981429291721928e-07 4.6295444189639951e-08 -1.9515722028372232e-07 -5.7306791554369797e-08 -2.0092344702424298e-06 -5.8387037644133078e-07 -3.9986672896574402e-07 -3.9737958974250841e-07 3.4801790636436736e-08 -2.0343022461444218e-07 -6.3230041331382749e-08 4.3861865368835273e-06 -1.9665087753050033e-06 -2.0497265889896932e-07 -2.3364704935394266e-07 -6.887531978005234e-08 -2.1666478590218128e-05 2.6130025850942724e-06 -2.9508840405993882e-07 -1.9224755951701428e-05 1.9149860269287375e-06 2.0497839064290579e-06 -1.5152346391275279e-07 -1.3436758532676064e-05 3.3994922517488347e-07 6.3070998666313062e-07 9.2338452888058404e-07 1.3989423901066757e-07 -2.5292336746472901e-06 -2.1343568388288448e-06 -1.5839355519254537e-06 6.886758269038759e-07 1.6030776589466799e-05 -6.1079225516656389e-06 1.633304717826169e-06 -5.778054909044395e-05 7.320659180823398e-06 -8.9359676685570935e-07 
2.8043792180597664e-07 1.0062779553269819e-07 -1.2346281877089652e-07 1.7295389485404938e-06 1.58168834413599e-06 6.7879823250324801e-07 -2.8543459368557816e-07 1.0540107443813338e-06 2.2247018551689044e-06 -1.647952214811605e-07 1.2868920871372887e-06 -1.3869512843222164e-08 -1.681351926829797e-08 1.1041095623646601e-06 2.0976440424209613e-07 8.816006293243829e-08 -1.676647692897359e-07 1.8508038002728459e-07 1.5778931870459205e-07 1.2422248854092682e-06 -6.056331911549401e-07 -8.1635180352966643e-08 7.0501471825465553e-07 5.9921821770679969e-07 2.4329846112559549e-07 -2.9290316714161982e-07 3.505426844660027e-07 1.8022619160161324e-07 1.8643882304980513e-06 -8.1914842917653675e-07 -2.0659578993785185e-07 -6.7470125630900816e-08 1.6640576607773932e-07 -4.2230227744395859e-08 3.3733444934365525e-07 -2.3182593031275533e-07 -1.4123987622183847e-07 -1.4075999505175398e-06 1.9453722677518431e-08 1.733542025781724e-07 4.2187346693373769e-06 -2.5142461879385016e-07 4.1680833096578615e-08 5.8580439757470771e-09 -1.1755593268297964e-08 4.2579618555435249e-06 1.4229218109787803e-07 2.8062737462970991e-07 -1.4407369305976608e-07 -1.4557389212429624e-07 1.1227049598527506e-07 -9.2468820831528824e-09 3.0361192244045053e-08 3.9613121216110876e-06 8.5651214178865308e-07 6.3023820375920326e-07 4.3310149621481169e-07 -7.2039541303594612e-08 2.8779830249891739e-07 8.9415657711563485e-08 3.1289325473148547e-06 1.4519579138155046e-06 7.2512542969250753e-07 8.0455987446946777e-08 1.705215354216111e-07 1.2153263513079254e-05 -1.010999142431789e-06 2.9981521093547006e-08 1.3154518226829801e-05 -3.4916177791251603e-07 -9.202439848852319e-07 -1.1726446906236466e-07 1.370733266414032e-05 9.2550751459506268e-07 8.0785198744045198e-08 -6.9053987232568237e-07 -3.7617103304677358e-07 1.346406249675184e-05 1.9322674696838454e-06 7.9159125279341703e-07 -8.1883217556084903e-07 1.1911792696188827e-05 3.4485669674101351e-06 -1.5387570789627541e-06 3.2677720171502822e-05 -3.172571942572543e-06 2.1696005192074494e-07 
1.4269896200993124e-06 6.4408654226171078e-08 -2.1055499490221811e-06 1.58168834413599e-06 7.3804061874288403e-06 1.9991481414731938e-06 -4.3520990797444936e-06 1.5171321584964369e-06 1.005461435066453e-05 2.1057180516095253e-06 6.1130666875045724e-06 -3.2992442453297027e-07 1.0948493135622131e-07 4.1195551820792304e-06 4.8963641459684747e-07 3.3480930952834506e-07 -4.0398481227306148e-06 9.4252415257969932e-07 2.4514991626319114e-07 1.9578024014616231e-06 -1.6078622568713781e-06 -3.7031936112682763e-07 4.0818431152796068e-07 2.0192320433003896e-06 6.4403359471665699e-07 -5.7907117616805716e-06 1.761682074987389e-06 2.5101880564817856e-07 4.2869222679059695e-06 -2.2946472176797466e-06 -6.4327149404537183e-07 -1.3062038249197471e-06 9.5567650471325353e-07 -1.106676123723976e-07 2.5506664562781291e-06 -7.6042867398233883e-07 -2.0184194929857114e-07 -3.0945993768670126e-06 2.5200787234953471e-07 5.8230502947981309e-07 1.9575484468171324e-05 -1.6915981062262621e-06 5.8075789057325362e-07 -2.3290883859766447e-07 6.4949613434284296e-08 1.7264682692024537e-05 -3.2458548935222469e-07 1.1264322354592916e-06 -9.6856157700409031e-07 -5.4981587909295743e-07 1.2635523249782002e-07 3.2273001955253801e-07 1.5811475597655021e-07 1.1869845931401509e-05 2.4013774065127069e-06 1.8663485982443435e-06 1.2730959336131821e-06 -2.2508224579817502e-07 9.4860617756257617e-07 2.8484578402786873e-07 1.7625822634533913e-06 5.4668837617831412e-06 1.8070325694133369e-06 4.2820446996210337e-07 4.5462480812006427e-07 5.5678997189632522e-05 -5.7119550588543529e-06 4.5604626361148241e-07 5.4880042340470373e-05 -3.6063329505843028e-06 -4.7945164289982193e-06 -1.8515244153935919e-08 4.8735237122844465e-05 1.0676975031779632e-06 -1.0656654240299453e-06 -2.8332646990980559e-06 -9.4429177307519251e-07 3.4141037505107016e-05 6.3974808248605305e-06 3.297721084541612e-06 -2.5549951014904719e-06 6.6199437256880466e-06 1.4795824178278362e-05 -5.3175078893786615e-06 0.00014843709976185507 -1.6665297002258589e-05 1.6503066114978155e-06 
2.3740444517491008e-07 1.6348516590334867e-07 -3.4380958131663895e-08 6.7879823250324801e-07 1.9991481414731938e-06 3.0983037101545053e-06 8.721438732528262e-07 4.9278002824760514e-07 1.2516996977548824e-06 5.4364059179123935e-07 8.4253160323918395e-07 5.5295385175985746e-08 3.1580485915118502e-08 7.9150731058654227e-07 1.6863908169769795e-07 9.5410684372630584e-08 -1.5209805371260426e-08 9.168225843934917e-08 8.0265758708152599e-08 1.2849919452919601e-06 -3.5809479642019545e-07 -3.9455478378431741e-08 6.2662457024774246e-07 4.5379000473735134e-07 1.671759037448496e-07 -7.746231964516946e-08 3.2223645976535496e-07 6.2596502594528198e-08 1.8104515157907955e-06 -4.9725937304916698e-07 -8.664955701515999e-08 -4.3512648795251561e-08 3.1628130731765435e-07 -6.6712895694311543e-08 2.566226029618446e-07 -1.9680307968348988e-07 -6.2392030667362115e-08 -1.3746850581513931e-06 -1.0962205028125833e-07 4.0412564500782888e-09 2.5007496146227469e-06 9.5480119332414186e-09 1.0611241218928635e-07 -1.3616895609287483e-08 2.3639281328319868e-08 2.6151700495742643e-06 2.055127146424465e-07 2.4835057054491019e-07 1.0892346675566768e-07 -8.094179163748779e-08 5.6291293457366784e-08 1.0311120128046006e-07 4.6776979084085105e-08 2.5576122549211937e-06 7.476818250851827e-07 4.08756210182391e-07 4.0486249371091235e-07 -2.5648816612640059e-08 2.8160981240716207e-07 7.8727885850878419e-08 2.2097263317868895e-06 1.1680375720516957e-06 4.8243082495042172e-07 6.5053780293510433e-08 1.221866610614255e-07 6.8069800668710985e-06 -2.0650209976329283e-07 -9.5867139229634174e-08 7.5184906084134443e-06 1.1559031132264204e-07 -6.6566781114431626e-08 -1.9386257771890674e-07 8.0114044986383707e-06 1.1337532528157278e-06 4.3836696980566904e-07 1.8102985156122591e-07 -4.1711727249989256e-07 8.0804772547810819e-06 1.8840357471502281e-06 9.5157762464125769e-07 -7.0614442491574553e-07 7.4137061996357118e-06 2.9926658167167794e-06 -1.2812060392737216e-06 1.7602195164275642e-05 -9.1532818613345906e-07 -1.3127875876754032e-07 
-1.3690960329236966e-06 2.7362711894246939e-07 2.898276058658998e-06 -2.8543459368557816e-07 -4.3520990797444936e-06 8.721438732528262e-07 8.2497078455399746e-06 1.323951330797599e-07 -9.9221956461712804e-06 -2.9589901980049541e-06 -5.9867681839726533e-06 5.3116490490153205e-07 -1.4598505639001946e-07 -3.3941895213123045e-06 -1.8303974526784016e-07 -2.3734395921321441e-07 5.7316497831405958e-06 -9.7677193807027342e-07 -1.5764442334255338e-08 8.0328989468330283e-07 9.8636844633294884e-07 3.8342612461625417e-07 1.2575175807855263e-06 -1.474653539582301e-06 -3.6152808726033931e-07 8.0606774911570445e-06 -1.6408817968555216e-06 -5.174813761640166e-09 -9.6738151461797863e-07 1.5071597563776071e-06 5.3642257418751287e-07 1.7865748454315805e-06 -7.5698035807303724e-07 2.3378813996399896e-08 -2.9222626593415869e-06 5.2489268599912574e-07 -4.4732356498855567e-09 5.2362093621989926e-07 -5.1933367750022952e-07 -6.0987812651555871e-07 -1.9301703591097646e-05 2.1192006929718258e-06 -6.5809821488740633e-07 3.3628409602744056e-07 -8.4584009927658008e-08 -1.5710131218750022e-05 9.7570135998948524e-07 -9.1833748383868192e-07 1.3426468807329138e-06 4.8353186609600513e-07 6.0134823839016848e-08 -3.5924957723399946e-07 -1.2789136302488801e-07 -8.3055281867643904e-06 -1.2447700090105708e-06 -1.2639454088542048e-06 -6.7786087984714917e-07 1.910149921968887e-07 -6.0350412819717992e-07 -1.8318083235691351e-07 4.8590096164930457e-06 -4.3126530306525257e-06 -9.365412306639722e-07 -4.1593347231376704e-07 -2.5297851283492359e-07 -5.5089306902017641e-05 6.6211155646328362e-06 -7.4497562420427909e-07 -5.1552557539108818e-05 4.9898124231905163e-06 5.5880196986250533e-06 -4.0116015164633796e-07 -4.1113085011567329e-05 1.3897581535055458e-06 2.3276330004672435e-06 3.364866391972212e-06 2.7919165760311999e-07 -1.9987219400925826e-05 -3.9488689496221477e-06 -2.3481185111769032e-06 1.5954356849504125e-06 1.7248366231304965e-05 -1.2573637942953964e-05 3.8247538310161175e-06 -0.00014717534656277727 1.859954658841e-05 -2.2651466245897237e-06 
3.6810440906978929e-07 3.6824119466158843e-07 3.0587586528864269e-07 1.0540107443813338e-06 1.5171321584964369e-06 4.9278002824760514e-07 1.323951330797599e-07 3.1796234842680496e-06 3.1572489963621975e-06 -1.282409443061009e-07 1.6730251422368709e-06 -2.1100063912900648e-08 -7.7968240584451937e-08 1.9271848655337218e-06 2.5681127107808753e-07 1.2413509332860472e-07 7.6884701240392674e-07 1.5889377838435873e-07 3.2966885298447572e-07 1.8476011061571368e-06 -9.1809211836671195e-07 -1.0955134907364433e-07 2.1971285808577742e-06 7.1548100280952229e-07 4.2661883742160764e-07 9.7747191308357953e-07 3.0248203397806959e-07 3.7971057949099603e-07 2.4939040694600098e-06 -1.2183561134232742e-06 -3.5022785074352908e-07 2.0948417314611233e-07 9.8599708249565495e-08 -8.3179044930441639e-08 1.1406920419816626e-08 -3.145065023223586e-07 -2.9741002734594462e-07 -2.0384296253688604e-06 1.5401112539992728e-08 2.9022838966178563e-07 5.4770141438928468e-06 -3.314798957110788e-07 -6.6657675592916974e-08 5.100943318988007e-08 -5.0947240716518534e-08 6.564482742236677e-06 1.564501721279157e-07 3.8427075828858813e-07 -3.5094958592171852e-07 -2.4753610219345507e-07 1.9272811189558928e-07 -1.1266605092663765e-07 2.8753269597680873e-08 7.8417131338841642e-06 9.8918505689415126e-07 1.0542573804365692e-06 3.0460195043175746e-07 -1.8574287017818664e-07 4.6517985488331146e-07 1.4137208943177929e-07 9.3331680684836724e-06 1.414289904417602e-06 1.3250482069953861e-06 -3.4556464761909912e-08 2.9692808649556419e-07 1.5785533773466313e-05 -1.3228063594801454e-06 4.2819212242874445e-08 1.9277022761079776e-05 -5.0718290997833326e-07 -1.5403093379321049e-06 -1.4089254966033547e-07 2.3508375672407214e-05 9.5652598119514833e-07 -4.316794616592339e-07 -1.7789399087702813e-06 -4.4689617313845262e-07 2.8627716512708129e-05 1.5331348595250896e-06 -2.7821572879519879e-07 -9.8748325965008658e-07 3.4810854802405292e-05 2.3521269331679621e-06 -1.8338865384458695e-06 4.2493935044350007e-05 -4.1453923796111603e-06 2.9013856352690146e-07 
2.886070667101019e-06 5.3058665835162322e-07 -3.783852131985638e-06 2.2247018551689044e-06 1.005461435066453e-05 1.2516996977548824e-06 -9.9221956461712804e-06 3.1572489963621975e-06 2.2445450492376624e-05 7.2423298042658601e-06 1.2405873107216213e-05 -7.8933707250700122e-07 1.2476831422512905e-07 9.2411536603311634e-06 6.9445922913934242e-07 6.5203715640525747e-07 -7.1520127697765026e-06 1.6500830543391704e-06 6.2201664031478407e-07 1.8595214359186933e-06 -3.0442650611324616e-06 -8.2008735382440781e-07 3.1096645555232977e-06 3.4791787392326449e-06 1.3651831972298983e-06 -1.0270529464945384e-05 3.1003915897752383e-06 6.1697944403451633e-07 5.5575156741494145e-06 -4.4157297916132765e-06 -1.4712199460641741e-06 -2.3519754495931508e-06 1.6407553310195371e-06 -3.0745270282912262e-07 4.3889711025626224e-06 -1.456344466044684e-06 -4.9708140809639561e-07 -4.3450296343172812e-06 8.0406705262058978e-07 1.4003082149211326e-06 3.9767842912960006e-05 -3.6951927121419157e-06 9.7356875258525638e-07 -4.6508761794928478e-07 7.8266141209406267e-08 3.697126296846237e-05 -1.3072670004863935e-06 2.229943184842597e-06 -2.5891177376973853e-06 -1.2110263780025702e-06 1.9769716650537251e-07 4.8881947715931463e-07 2.9014000827338545e-07 2.9028006908138738e-05 3.5381846982400818e-06 3.9136472940926967e-06 1.351652519463439e-06 -6.804471417125637e-07 1.9708455503064185e-06 5.7867193038072161e-07 1.3125575912058645e-05 8.8213361324979045e-06 3.9723145809801129e-06 4.3998670574907054e-07 9.6519488606881652e-07 0.00011316362494454314 -1.2164542615696413e-05 1.0919728753128538e-06 0.00011560783230882278 -8.722638260782575e-06 -1.1077678178427933e-05 2.8592285523152088e-07 0.00010958373523908344 -7.1244324347082909e-07 -4.8175885491718047e-06 -8.2796001233105409e-06 -1.3256398997728698e-06 8.9844691502441925e-05 8.0935655403473071e-06 2.1705682392174623e-06 -4.1955619280134603e-06 4.8771100368717912e-05 2.2190684639436136e-05 -9.1536452723236977e-06 0.00030175332531358101 -3.5068083022690058e-05 3.7084702105269103e-06 
9.5849479095495676e-07 5.296010407361765e-07 -1.0108678234375291e-06 -1.647952214811605e-07 2.1057180516095253e-06 5.4364059179123935e-07 -2.9589901980049541e-06 -1.282409443061009e-07 7.2423298042658601e-06 7.8429229937605049e-06 3.8104890826982687e-06 -2.5753412346103249e-07 5.0682810504604132e-08 3.4444765497873372e-06 -3.742720639342512e-08 2.2638908811690831e-07 -1.8664463717257596e-06 2.5287593332845697e-07 1.8226365932034511e-07 -1.1939142416015037e-06 -5.1923998605887095e-07 -3.0595834309518881e-07 2.4936234522782695e-06 5.8010653802849542e-07 3.9861581784014887e-07 -2.6842120723782004e-06 7.5262124767647227e-07 8.0321384919000901e-08 -8.3319575123881635e-07 -9.1761916718983213e-07 -4.8543500284050493e-07 -6.9384688812895311e-07 6.5310482029667208e-07 -2.4103342510453574e-07 9.6705068205848218e-07 -4.3835530530052647e-07 -9.4783141031289878e-08 2.3592873501570204e-07 4.2092610408878324e-07 4.3137376902919298e-07 1.1841989191400289e-05 -1.1175848184275529e-06 3.1047829471540817e-07 -2.0429647887340305e-07 5.123545013520678e-08 1.2214868294352123e-05 -8.8171047788407683e-07 7.1854650001964745e-07 -9.6899806100469575e-07 -4.0148109301809851e-07 -7.1572051803640403e-08 2.319737302668526e-07 1.1204313668072297e-07 1.1699487025197128e-05 1.0125114132736786e-07 1.126295294750028e-06 -4.6196588146499053e-07 -3.3446660976554646e-07 7.3112915967764867e-07 1.9236547989363419e-07 9.7141621350710064e-06 1.100421836654628e-06 1.2235725938350153e-06 -1.8542492073574394e-07 2.9705397259845428e-07 3.3072047833279632e-05 -3.578958672105791e-06 3.1404488995984421e-07 3.6292452609841944e-05 -3.5669066930504384e-06 -3.6331968676377628e-06 2.2519989866969888e-07 3.8372938369216746e-05 -2.1727025034682197e-06 -3.1956169512651367e-06 -3.3830130985465395e-06 -1.0775312041177682e-07 3.8307981815590733e-05 -7.8424504320023781e-07 -2.2592771406375628e-06 -5.9686173867291767e-07 3.4582407801710276e-05 1.6633277411393771e-06 -1.7009176451021874e-06 8.6980608994433736e-05 -1.0147947691775605e-05 1.0546596697501639e-06 
1.7478945714885552e-06 2.8630563838930511e-07 -2.3720770557491168e-06 1.2868920871372887e-06 6.1130666875045724e-06 8.4253160323918395e-07 -5.9867681839726533e-06 1.6730251422368709e-06 1.2405873107216213e-05 3.8104890826982687e-06 8.3949237140774291e-06 -4.9459075144641782e-07 1.0263605829893748e-07 5.3661894268756177e-06 3.8063401201758481e-07 3.8163354331750098e-07 -4.5230691293940229e-06 9.97743996810307e-07 3.097515094030763e-07 1.0548469449633554e-06 -1.7467425996592205e-06 -4.7594492473027192e-07 1.4880963156167114e-06 2.0113401741731987e-06 7.6314941864402515e-07 -6.474661697256066e-06 1.8440445036888032e-06 3.1230294658464628e-07 3.3065372795124895e-06 -2.5261973549974935e-06 -8.2660190662642669e-07 -1.4697362306725427e-06 9.588902559539797e-07 -1.4565771806470705e-07 2.7262271640215605e-06 -8.285190807842631e-07 -2.4834326605197008e-07 -2.5343474848859256e-06 4.4552684274312347e-07 7.9635659369138714e-07 2.3584157828789876e-05 -2.2350514313223948e-06 6.3389548051818998e-07 -2.9709747228175436e-07 5.9490301589341204e-08 2.1573224190911351e-05 -8.2283773246187548e-07 1.3066436364095733e-06 -1.5394989426529752e-06 -6.9693405260278042e-07 8.4498136052932555e-08 3.4456088671632702e-07 1.7372074492937384e-07 1.6308543365396778e-05 2.0156123012675882e-06 2.2162855996217334e-06 8.1123568970368674e-07 -3.7587447860471131e-07 1.1262232281784841e-06 3.2860601110298762e-07 6.0356394776881882e-06 5.2215020339016013e-06 2.1936794956436308e-06 2.9940791717666727e-07 5.3535954575179964e-07 6.6949586316182886e-05 -7.2812812233447232e-06 6.7293263357417955e-07 6.7589530195582106e-05 -5.2358899645259454e-06 -6.5430855388002411e-06 2.000747827967266e-07 6.2757690469567449e-05 -5.4166969298844891e-07 -2.784540144779284e-06 -4.7310528966842431e-06 -7.3900777433970052e-07 4.9151296795875763e-05 4.8555877663225735e-06 1.5778373385416741e-06 -2.4280858295269877e-06 2.1987523615260937e-05 1.3500470146469437e-05 -5.3308791463775171e-06 0.00017828470395295085 -2.0888080815101844e-05 2.2449848692945775e-06 
-1.2301859051853133e-07 -5.0824142201238246e-09 2.1309310807614597e-07 -1.3869512843222164e-08 -3.2992442453297027e-07 5.5295385175985746e-08 5.3116490490153205e-07 -2.1100063912900648e-08 -7.8933707250700122e-07 -2.5753412346103249e-07 -4.9459075144641782e-07 1.2861803179013935e-06 8.4478847380246126e-08 -3.1194402304549139e-07 2.3639072315251894e-07 4.4700717061167522e-08 4.2044050622855443e-07 -1.5492578390638645e-07 -9.8807547033701236e-08 7.7002771321991986e-08 -5.3604880821512074e-08 -4.4248279907946124e-08 2.2096463604137396e-08 1.1069193574489622e-07 -1.3908139733569904e-08 5.9267120923198339e-07 -2.7202776682166884e-07 -1.066025772524508e-07 -5.1100538344717846e-08 -5.2980644002350346e-08 4.1875169903637436e-09 1.3258045567534093e-07 -1.6141719978020316e-07 3.7015517528644433e-08 -2.1493262258293741e-07 1.3884652150646679e-08 9.1691646650275503e-08 3.2693727015492494e-08 6.0423162327508866e-09 2.7142783136405228e-09 -1.5497696757185759e-06 6.8495407808011997e-07 1.5383158920244859e-07 7.373623458143246e-08 5.0015639475959404e-08 -1.3067632380538166e-06 6.0739386994044405e-07 6.4062818636166951e-08 7.8135106106801397e-07 1.622549351049108e-07 3.0602989507703402e-08 2.3644851308664425e-07 3.7478011207837381e-08 -7.8460032539325377e-07 3.7964829484096072e-07 -6.7066726560084336e-08 6.4035479821019724e-07 1.3916108587170715e-07 1.2719970448574048e-07 1.8417208842708436e-08 1.6098209758600906e-07 2.8830091622138397e-07 -3.3937081481670855e-08 7.2546600465288141e-08 -9.1695789468453492e-09 -4.3605345131895323e-06 1.6199638820271252e-06 -3.9012970875808148e-07 -4.1541625763247674e-06 1.515429227422652e-06 1.8725180602740496e-06 -4.2998234281618471e-07 -3.4453101903075346e-06 1.1154344229031485e-06 1.6508823350892084e-06 2.1330342044685894e-06 -4.4773522619483034e-07 -1.9541854623544556e-06 1.0114558574895326e-06 1.7339713134978723e-06 -4.0938371972071452e-07 7.2118454860853995e-07 7.4812865662520398e-07 -2.8191263628465251e-07 -1.1550789356783884e-05 3.7945277085021122e-06 -8.832246083299228e-07 
2.7506336007193953e-08 -1.5965691789272516e-08 -8.6876514416872296e-08 -1.681351926829797e-08 1.0948493135622131e-07 3.1580485915118502e-08 -1.4598505639001946e-07 -7.7968240584451937e-08 1.2476831422512905e-07 5.0682810504604132e-08 1.0263605829893748e-07 8.4478847380246126e-08 1.1228267175922311e-06 2.3115795641282898e-08 3.7902242129595355e-08 6.6488759783396838e-08 -1.7871947408993023e-07 -8.3859574725059158e-08 -1.3915032662576967e-07 -5.6354376271790648e-08 3.6180308399003376e-08 -5.5979048764021154e-08 -1.125383179565405e-07 -5.6910498989983559e-08 -1.5229085844019529e-08 -2.474765682785437e-07 -1.4793092699059571e-07 -1.4886171822442554e-07 -2.1996809262327772e-08 6.0715768489517656e-08 1.0766595718934917e-08 -5.3593014840880484e-08 -8.1426750604704496e-08 5.2238678608662807e-08 8.1531009321093855e-08 2.9878559690895434e-08 1.2291606763487056e-07 2.9795729063178418e-08 -1.4688026675095148e-08 -5.7788929716281986e-09 3.1241748412992016e-07 1.6596854639197177e-07 2.6687440751549319e-07 -4.1122526022222159e-08 7.1647413254867538e-08 1.7084074585903288e-07 6.1174639823383593e-08 1.4774343587137968e-07 2.5030479532983208e-07 5.5958570601739697e-08 -9.3739480424460529e-08 3.3311597355051346e-07 5.421863123535127e-08 -8.1988155219882751e-08 -1.4864791413500686e-07 -2.532287806095517e-08 1.2834657846118179e-07 3.3986390262889489e-08 1.7656440260154114e-07 2.7713700640363959e-08 -4.9969195321641182e-07 -1.2407900318863317e-07 -5.0323425541207791e-08 -1.3501225595918342e-08 -1.0695128990896612e-08 8.6531673737613339e-07 3.2380993389304437e-07 -1.1753799322886156e-07 6.228496154116456e-07 8.8697435093594513e-08 4.9458939909684072e-07 -1.083382622239225e-07 1.6107285420711404e-07 -3.7501919325728495e-07 2.1938672935293687e-07 7.3819125966944003e-07 -7.5289723154170884e-08 -6.2889321489910215e-07 -3.4003527248878949e-07 4.1978325388127173e-07 -2.2611535876789589e-10 -1.9013055367519366e-06 -2.5136665975321951e-07 1.4401405364032349e-07 2.269167963443502e-06 6.2655149027610994e-07 -2.4094076463291504e-07 
1.2896431067923288e-06 5.4910185741925169e-07 -1.1231842448255098e-06 1.1041095623646601e-06 4.1195551820792304e-06 7.9150731058654227e-07 -3.3941895213123045e-06 1.9271848655337218e-06 9.2411536603311634e-06 3.4444765497873372e-06 5.3661894268756177e-06 -3.1194402304549139e-07 2.3115795641282898e-08 5.5637312415239279e-06 2.7971536639923796e-07 3.0734748293959261e-07 -2.0128422756638868e-06 5.7249920362368083e-07 3.6664365005927723e-07 1.1479740808154569e-06 -1.4559350768181632e-06 -3.6649120494153119e-07 2.8141950127210417e-06 1.4047922573930958e-06 6.9390935432370951e-07 -2.9585820693249689e-06 1.146444370643539e-06 3.7039417608371733e-07 2.5876937128242176e-06 -2.0811684933756871e-06 -7.0802078159387072e-07 -7.025509992380823e-07 6.3303748885460802e-07 -1.7051197937650272e-07 1.4496321279101539e-06 -6.6264281441356638e-07 -2.9857517096665996e-07 -2.1942930832012431e-06 3.2032516818248854e-07 6.5374246016837422e-07 1.7015628749328561e-05 -1.5072823711684427e-06 3.4561710972688449e-07 -1.6300610130880142e-07 1.3773165441829869e-08 1.695687579645257e-05 -5.7028286829026927e-07 1.0068107302437073e-06 -1.183988170759996e-06 -5.61359277370092e-07 1.1507708445324571e-07 1.775026277266486e-07 1.2598028084688896e-07 1.5370995317183808e-05 1.3718768652608114e-06 1.8991238314670683e-06 3.2613443030335304e-07 -3.7334198398772774e-07 9.8318556290432276e-07 2.7977970914726646e-07 1.1355603774038206e-05 3.2590643770470634e-06 2.0763951590958774e-06 3.9866179314570449e-08 4.8693426438763631e-07 4.8159012534598546e-05 -5.0079385187968887e-06 4.1382071452178101e-07 5.1550388051383242e-05 -3.7003507147939277e-06 -4.8503828926300692e-06 8.4616021173164588e-08 5.2732075960581123e-05 -5.3032550880641742e-07 -2.526648810068721e-06 -4.1603381439330828e-06 -5.790687287988741e-07 5.0092591471395551e-05 2.4658809330778349e-06 -3.3174100953449789e-07 -1.7425421260166869e-06 4.1257506385012903e-05 7.2874073748357189e-06 -3.7659123557345227e-06 0.00012800658449262274 -1.450133059945698e-05 1.4602028736648079e-06 
7.3454323425115339e-08 -4.714662839946353e-09 -8.0144745343401049e-08 2.0976440424209613e-07 4.8963641459684747e-07 1.6863908169769795e-07 -1.8303974526784016e-07 2.5681127107808753e-07 6.9445922913934242e-07 -3.742720639342512e-08 3.8063401201758481e-07 2.3639072315251894e-07 3.7902242129595355e-08 2.7971536639923796e-07 1.3891182700745069e-06 9.1684257540077189e-08 -1.3919861308928558e-07 9.0617850597405836e-08 5.4099630688603252e-08 3.4459072896322489e-07 -3.8358841740843673e-07 -9.9585235444007676e-08 8.6600159635315225e-08 6.2316381344543678e-07 1.6549135681841864e-07 -2.1012859346743886e-07 1.5149811747057098e-07 5.6536321810724566e-08 5.4417971137722009e-07 -5.2983181367016536e-07 -1.6345977648977437e-07 -4.665393949132334e-08 3.9633343652091896e-08 -2.1457330263680662e-08 1.3843123411582573e-07 -1.4290176956243078e-07 -4.1572203264703446e-08 -3.968914068239501e-07 8.8719070891247277e-08 1.5048804797320412e-07 1.2900537190329579e-06 4.3188238032418866e-07 1.0608894475304325e-07 8.2114131985409863e-08 2.2512557808028624e-08 1.215220897312262e-06 7.3002446263076151e-07 2.255405178076129e-07 6.2804975198253113e-07 3.5196133177764746e-08 1.4246020180085936e-07 1.1347903137157386e-07 4.5250875373904598e-08 9.851141729963304e-07 1.1905019261475894e-06 3.8883546753490782e-07 1.0401960484327412e-06 8.309253529729027e-08 2.6354999638195086e-07 7.5797059766839986e-08 5.1473842230580998e-07 1.6730036881854542e-06 4.6928864475853139e-07 1.6312006609933851e-07 1.1634725237746383e-07 3.7728344224772165e-06 7.6687533900038289e-07 -3.1758872615617695e-07 3.9128341249074744e-06 1.3439310262659616e-06 1.1398386781399154e-06 -4.8207466453567063e-07 3.8098981232558067e-06 2.2435801911959024e-06 1.9426511868307981e-06 1.6659611098430153e-06 -7.2655289952588865e-07 3.3087444370294576e-06 3.1854501305592437e-06 2.7775376103066483e-06 -1.0866167487459178e-06 2.1838938347581125e-06 4.4877595087759767e-06 -1.6179159359055814e-06 1.0228730608093746e-05 1.3064221318052618e-06 -6.2755697395670108e-07 
9.0592762279619479e-08 2.9582495876682778e-08 -9.2886420635354362e-08 8.816006293243829e-08 3.3480930952834506e-07 9.5410684372630584e-08 -2.3734395921321441e-07 1.2413509332860472e-07 6.5203715640525747e-07 2.2638908811690831e-07 3.8163354331750098e-07 4.4700717061167522e-08 6.6488759783396838e-08 3.0734748293959261e-07 9.1684257540077189e-08 1.0844761665268091e-06 -1.7078133584829193e-07 2.9787357721489101e-08 -5.7209402072982861e-09 1.0106212362112544e-07 -1.2434510318502121e-07 -7.1126244432199894e-08 1.5571308746606904e-07 1.7208750152584196e-07 1.0622142033743474e-07 -2.4838849997974969e-07 6.1005362109960069e-08 -8.9817442781736585e-09 2.1708081376939904e-07 -1.7276971678457409e-07 -8.9263094706556312e-08 -5.7462526233446586e-08 3.0687535828358806e-08 -2.5137584522541509e-09 1.1847145443393344e-07 -4.9032031887387779e-08 6.6133116375066415e-09 -1.7405965936421632e-07 2.4610533088714146e-08 7.1301584772215915e-08 1.2153691100069139e-06 3.4644563825494534e-08 1.6316024877489577e-07 -2.3621585148576165e-08 3.9185178354788618e-08 1.1757600818080095e-06 1.1146002598353861e-07 2.0547392500267887e-07 1.0505975929351138e-07 -3.4658217916789503e-08 -1.7800139462043233e-08 1.901398929151959e-07 4.8530017675524678e-08 1.0065264064690905e-06 2.5004762348745449e-07 2.5671572438627464e-07 2.2773761889005906e-07 -3.0361843688947453e-08 2.4099514465042814e-07 6.0105491934277396e-08 6.3425372973005344e-07 4.3982173160001094e-07 3.025028755486142e-07 -1.8235434090928534e-08 7.444889088447836e-08 3.4476437779648096e-06 -5.538441523146891e-08 -6.1999160965901577e-08 3.6160939972721345e-06 5.8687096780223434e-08 5.6496135974470707e-08 -1.0620792167455483e-07 3.5832447180546079e-06 2.8429905609513979e-07 2.5356454283581147e-07 2.394113790630765e-07 -1.7817058939601258e-07 3.2149509211433509e-06 6.1508284413330696e-07 5.58694346590909e-07 -2.8619069793936365e-07 2.3151783220179531e-06 1.1169411211258317e-06 -4.5699691133057874e-07 9.1769536448576924e-06 -3.9354720580028054e-07 -9.0571542801736899e-08 
-1.0489360933179438e-06 4.4774467375416788e-07 2.6839809355714275e-06 -1.676647692897359e-07 -4.0398481227306148e-06 -1.5209805371260426e-08 5.7316497831405958e-06 7.6884701240392674e-07 -7.1520127697765026e-06 -1.8664463717257596e-06 -4.5230691293940229e-06 4.2044050622855443e-07 -1.7871947408993023e-07 -2.0128422756638868e-06 -1.3919861308928558e-07 -1.7078133584829193e-07 6.3850686000618026e-06 -8.6117741617069899e-07 1.2704963712644899e-07 6.9750625360106264e-07 5.3836420225241302e-07 2.5697421096920689e-07 2.3828658487546139e-06 -1.1748196553587718e-06 -1.5173885817068783e-07 7.5413361763055977e-06 -1.4555162120427843e-06 1.4952684089855244e-07 -8.7027767753256707e-07 8.6422801778107037e-07 2.7534218094523694e-07 1.6618025295031895e-06 -7.2691273858999119e-07 -2.587371879899669e-08 -2.683708095754595e-06 3.5161236873242608e-07 -1.2223392111374486e-07 3.1754368327332969e-07 -3.1046428122166324e-07 -3.2529843048651831e-07 -1.4512159355834519e-05 1.6319727046702727e-06 -6.3976087705041451e-07 3.1259916768095576e-07 -1.0574053059596465e-07 -1.0607396200773185e-05 7.2282566117442251e-07 -6.7147314980971983e-07 8.7711019949872154e-07 3.1188978622563363e-07 1.0682311019617209e-07 -3.9348179851340743e-07 -1.0977139010163259e-07 -3.1161078044313567e-06 -1.0851728345012067e-06 -6.9085065597750658e-07 -7.7790904642630468e-07 4.8223015959214271e-08 -3.529440951096947e-07 -1.109349924989376e-07 9.7487452728025936e-06 -3.7919182833495095e-06 -2.7730156298429562e-07 -4.7348467788710523e-07 -1.0761705242188237e-07 -4.1310992410710389e-05 5.0456858137384661e-06 -5.8186364047230231e-07 -3.6063070349303636e-05 3.7109659461108038e-06 3.9017113215951399e-06 -3.1136834859951891e-07 -2.4088771234202834e-05 7.0601912448724365e-07 1.1577172104803334e-06 1.637540972906393e-06 2.3916045367494426e-07 -1.8550538019208403e-06 -4.1633181094327779e-06 -3.2357067226051536e-06 1.2823811116542806e-06 3.5679128046523005e-05 -1.1984972215655547e-05 3.0778360328106159e-06 -0.00011017370016797289 1.4093725038921744e-05 -1.7447196028242888e-06 
2.2677316923931205e-07 -4.4097100807368181e-08 -4.3901250938882079e-07 1.8508038002728459e-07 9.4252415257969932e-07 9.168225843934917e-08 -9.7677193807027342e-07 1.5889377838435873e-07 1.6500830543391704e-06 2.5287593332845697e-07 9.97743996810307e-07 -1.5492578390638645e-07 -8.3859574725059158e-08 5.7249920362368083e-07 9.0617850597405836e-08 2.9787357721489101e-08 -8.6117741617069899e-07 1.3640147724668181e-06 2.0618432155086998e-07 1.5832895588063134e-07 -2.5266217234156893e-07 -1.7056842249632522e-08 -1.9156491375428613e-07 5.4051077075308487e-07 1.9064045931480571e-07 -1.2202721499690924e-06 6.181495117247633e-07 2.1988963898456929e-07 5.3605776697987804e-07 -3.8423064558994919e-07 -1.4888543861599261e-07 -2.7042763169890806e-07 3.0752691521000422e-07 -8.0447466763486437e-08 4.8528743933129354e-07 -1.5334950483088549e-07 -1.8559905784472279e-07 -3.5520840849533276e-07 6.1070713785225717e-08 1.1034401290417805e-07 3.2234924882832919e-06 -4.9580573468508567e-07 -1.2056828320419438e-07 -1.4745001018905257e-08 -4.9253727144272999e-08 2.6409799274493937e-06 -3.5843011167823629e-08 1.3261034109851092e-07 -4.1055096064794645e-07 -1.8976513145776223e-07 1.1727058931485371e-07 -2.3751223563022387e-07 -7.5906371338993025e-09 1.4325484605033708e-06 8.338945111874348e-07 4.8906739487291096e-07 2.74063054865287e-07 -9.8669122222100973e-08 7.5051910163751487e-08 5.155795240644405e-08 -7.2180509369108208e-07 1.5256270159868666e-06 5.177139614314327e-07 9.3902614342027556e-08 1.3332132447955264e-07 9.2103725848965459e-06 -1.4099357878296039e-06 2.1624027642025826e-07 8.6586151980539686e-06 -5.6445236937974548e-07 -1.3324305093970007e-06 8.9636775500855891e-08 6.977505569184183e-06 1.0996770116561223e-06 -4.8317384445736575e-08 -1.0860406247703276e-06 -1.6015008888866299e-07 3.5460725201890146e-06 2.3730177477064878e-06 8.2264304288446485e-07 -6.2329431473964987e-07 -2.5260320812508465e-06 4.3042932311483317e-06 -1.412433691724708e-06 2.4623746024000342e-05 -3.7586039062850027e-06 5.7467103900427472e-07 
