DESCRIPTOR_NAME Steinhardt
FILTER_TYPE element
NUMBER_OF_DIMENSION 12
CUTOFF_RADIUS 5.000000
STEINHARDT_STYLE Multi
AVE_STYLE Multi
STEINHARDT_MODE Full
FILTER_VALUE Al
NUMBER_OF_CLUSTER 4
WEIGHT 0.0379148
DETERMINANT_OF_COV_MATRIX 2.40963e-55
ESPERANCE 0.224549 0.0573885 0.0203155 0.024706 0.0129626 0.0220187 0.0151881 0.0301448 0.0167735 0.0281456 0.0187056 0.0365818
INVERSE_OF_COVARIANCE_MATRIX
5784.43 4095.17 -11453.1 -2592.46 -4187.91 697.802 -3699.64 -1076.26 -3602.64 -1710.9 -4970.07 -1394.58 
4095.17 10423.1 -5710.76 -5896.44 -3269.36 1900.06 147.933 -1375.06 -655.118 -500.448 -2655.82 -196.526 
-11453.1 -5710.76 52091.1 8268.5 -5315.14 -2367.43 5136 -1015.06 3068.97 -1076.03 6467.18 -2176.37 
-2592.46 -5896.44 8268.5 26200 658.809 -11207.1 -518.938 -2370.71 -690.306 738.424 4147.93 -1055.32 
-4187.91 -3269.36 -5315.14 658.809 112183 -7280.96 -6590.61 4108.12 -2614.58 -726.044 -6856.94 -1522.12 
697.802 1900.06 -2367.43 -11207.1 -7280.96 46557.4 -6897.89 -3476.29 -6951.87 -2598.52 -3862.69 348.9 
-3699.64 147.933 5136 -518.938 -6590.61 -6897.89 107043 -7143.05 -10794.9 -294.372 -5865.18 -1710.06 
-1076.26 -1375.06 -1015.06 -2370.71 4108.12 -3476.29 -7143.05 32173.2 -9822.41 -1304.72 -456.104 -5021.5 
-3602.64 -655.118 3068.97 -690.306 -2614.58 -6951.87 -10794.9 -9822.41 129696 -11359.7 -7841.51 -3269.21 
-1710.9 -500.448 -1076.03 738.424 -726.044 -2598.52 -294.372 -1304.72 -11359.7 45499 -12589.5 653.875 
-4970.07 -2655.82 6467.18 4147.93 -6856.94 -3862.69 -5865.18 -456.104 -7841.51 -12589.5 120338 -16966.2 
-1394.58 -196.526 -2176.37 -1055.32 -1522.12 348.9 -1710.06 -5021.5 -3269.21 653.875 -16966.2 33129.6 
WEIGHT 0.0599049
DETERMINANT_OF_COV_MATRIX 1.41247e-59
ESPERANCE 0.121128 0.0400115 0.00858077 0.0147245 0.00842876 0.0145578 0.0106439 0.0229512 0.0116737 0.020901 0.0133085 0.0277244
INVERSE_OF_COVARIANCE_MATRIX
2499.1 -2416.33 -5437.45 777.494 -2529.77 -30.2344 89.8258 207.181 -2177.01 -1677.06 -1013.54 -1660.63 
-2416.33 22243.8 6688.23 -11310.2 219.294 -299.073 -3365.87 395.236 -1134.65 -1375.82 -4860.08 527.38 
-5437.45 6688.23 182816 -1536.04 -29157.1 858.882 -11834.4 1151.23 -8471.51 -9282.41 -13007.5 439.696 
777.494 -11310.2 -1536.04 86785.2 -3919.93 -8803.01 11942.7 -6214.44 768.341 -842.021 -1701.58 743.557 
-2529.77 219.294 -29157.1 -3919.93 280558 -13403.3 -23033.5 1402.44 -9603.78 1465.12 -14656.8 -4974.79 
-30.2344 -299.073 858.882 -8803.01 -13403.3 108704 -13388.2 -474.123 -4770.57 -3582.84 -6356.93 -6350.81 
89.8258 -3365.87 -11834.4 11942.7 -23033.5 -13388.2 267504 -4021.49 -24232.3 -5132.11 87.1075 -5626.25 
207.181 395.236 1151.23 -6214.44 1402.44 -474.123 -4021.49 56199.1 -6595.9 -1946.46 -846.993 -9230.61 
-2177.01 -1134.65 -8471.51 768.341 -9603.78 -4770.57 -24232.3 -6595.9 255228 -12086.5 -14434.2 -2046.09 
-1677.06 -1375.82 -9282.41 -842.021 1465.12 -3582.84 -5132.11 -1946.46 -12086.5 87850.8 -7176.6 1419.52 
-1013.54 -4860.08 -13007.5 -1701.58 -14656.8 -6356.93 87.1075 -846.993 -14434.2 -7176.6 228183 -16493.7 
-1660.63 527.38 439.696 743.557 -4974.79 -6350.81 -5626.25 -9230.61 -2046.09 1419.52 -16493.7 59450.2 
WEIGHT 0.0691634
DETERMINANT_OF_COV_MATRIX 8.43123e-58
ESPERANCE 0.182133 0.056122 0.0131217 0.0198024 0.0103091 0.0173287 0.0128609 0.0260597 0.013915 0.0240684 0.01577 0.0311178
INVERSE_OF_COVARIANCE_MATRIX
3615.69 -861.992 -8240.95 -2531.77 -1965.65 -1204.59 -2869.53 -624.363 -2919.13 -2237.16 -4555.57 -2067.98 
-861.992 12240.5 5223.26 -10207.9 1015.51 2151.65 -910.981 -1235.88 -2014.7 -1609.31 -5104.64 -115.073 
-8240.95 5223.26 82680.1 1200.02 -13827.8 6077.11 7044.37 666.773 9026.34 787.503 7991.26 -2277.79 
-2531.77 -10207.9 1200.02 47307.8 -819.946 -6875.68 1175.66 -4608.56 3203.95 1547.3 1820.01 -175.981 
-1965.65 1015.51 -13827.8 -819.946 204830 -22113 -2239.24 627.797 -15155.5 -5591.7 -12511.6 -1829.87 
-1204.59 2151.65 6077.11 -6875.68 -22113 91523.3 -8280.43 -455.808 -9854.88 8.29626 -8649.39 -1661.39 
-2869.53 -910.981 7044.37 1175.66 -2239.24 -8280.43 168065 -7531.82 -21326.1 554.476 -15174 2400.52 
-624.363 -1235.88 666.773 -4608.56 627.797 -455.808 -7531.82 51225.6 -14236.4 -2550.39 1890.41 -5575.45 
-2919.13 -2014.7 9026.34 3203.95 -15155.5 -9854.88 -21326.1 -14236.4 198076 -8473.39 -15513.7 -3642.78 
-2237.16 -1609.31 787.503 1547.3 -5591.7 8.29626 554.476 -2550.39 -8473.39 69598 -12694.1 -2072.09 
-4555.57 -5104.64 7991.26 1820.01 -12511.6 -8649.39 -15174 1890.41 -15513.7 -12694.1 182169 -12804.5 
-2067.98 -115.073 -2277.79 -175.981 -1829.87 -1661.39 2400.52 -5575.45 -3642.78 -2072.09 -12804.5 52851.2 
WEIGHT 0.0663348
DETERMINANT_OF_COV_MATRIX 9.17329e-61
ESPERANCE 0.0679253 0.0287461 0.00861003 0.0112243 0.00764618 0.0126055 0.00983217 0.021442 0.0110284 0.0189243 0.0126545 0.0257792
INVERSE_OF_COVARIANCE_MATRIX
5384.29 -13040.5 5381.31 -2501.39 -3880.35 -2991.4 1624.93 100.051 900.727 -1675.37 783.693 235.407 
-13040.5 45364.3 -9455.8 -4496.04 3429.63 256.768 -2894.53 -2119.17 -3503.52 514.188 -934.701 652.549 
5381.31 -9455.8 218719 6896.27 -39128.4 -14807.9 -8463.7 -3146.02 -1624.15 -2794.62 6317.84 -2516.09 
-2501.39 -4496.04 6896.27 147834 1157.35 -9283.79 -11564 -2339.98 -2321.18 -3739.57 -2233.58 -914.63 
-3880.35 3429.63 -39128.4 1157.35 336349 -22749.8 -29129.8 3816.68 -11619.1 -10128.2 -16889.5 -2610.53 
-2991.4 256.768 -14807.9 -9283.79 -22749.8 165728 -18738.1 -3442.54 1573.81 -2879.25 -2197.41 -1402.6 
1624.93 -2894.53 -8463.7 -11564 -29129.8 -18738.1 302845 -2418.76 -20658.4 675.224 -6982.28 1245.12 
100.051 -2119.17 -3146.02 -2339.98 3816.68 -3442.54 -2418.76 63784.7 2068.27 -4965.73 -5004.55 -14307.2 
900.727 -3503.52 -1624.15 -2321.18 -11619.1 1573.81 -20658.4 2068.27 298963 -8572.1 -15089.4 -1990.1 
-1675.37 514.188 -2794.62 -3739.57 -10128.2 -2879.25 675.224 -4965.73 -8572.1 113432 -13132.5 1.62396 
783.693 -934.701 6317.84 -2233.58 -16889.5 -2197.41 -6982.28 -5004.55 -15089.4 -13132.5 264654 -2707.52 
235.407 652.549 -2516.09 -914.63 -2610.53 -1402.6 1245.12 -14307.2 -1990.1 1.62396 -2707.52 66010.1 
FILTER_VALUE O
NUMBER_OF_CLUSTER 4
WEIGHT 0.0299049
DETERMINANT_OF_COV_MATRIX 6.01003e-54
ESPERANCE 0.245973 0.062436 0.0232079 0.0279282 0.0150693 0.0247627 0.017581 0.0325636 0.0189516 0.0309662 0.0211494 0.039949
INVERSE_OF_COVARIANCE_MATRIX
4447.01 1867.26 -8051.16 -1673.38 -2020.53 279.695 -3442.14 -594.691 -4076.86 -901.205 -3868.32 -1473.16 
1867.26 6493.14 -1457.56 -4090.25 -2151.62 2114.03 -347.4 -677.547 -691.815 61.3465 -2221.65 309.312 
-8051.16 -1457.56 37454 4374.38 -6295.92 630.632 3505.1 122.854 1877.55 -2617.71 2671.06 -637.093 
-1673.38 -4090.25 4374.38 19879.4 -2327.41 -8266.17 -1786.7 -2770.36 1403.09 1795.03 2943.3 -1101.75 
-2020.53 -2151.62 -6295.92 -2327.41 77699.1 -9394.63 -5519.99 1132.34 -5238.4 53.8437 -6518.78 -1649.32 
279.695 2114.03 630.632 -8266.17 -9394.63 37276.7 -5775.32 -2406.02 -1108.66 -3031.1 -1603.75 -1439.64 
-3442.14 -347.4 3505.1 -1786.7 -5519.99 -5775.32 79921.2 -8391.23 -3539.81 -3390.15 -5097.19 -2183.06 
-594.691 -677.547 122.854 -2770.36 1132.34 -2406.02 -8391.23 29649.7 -9312.96 -1373.55 -1213.56 -3630.14 
-4076.86 -691.815 1877.55 1403.09 -5238.4 -1108.66 -3539.81 -9312.96 96608.5 -8708.38 -8033.2 -2266.24 
-901.205 61.3465 -2617.71 1795.03 53.8437 -3031.1 -3390.15 -1373.55 -8708.38 37539.9 -10089.1 -223.866 
-3868.32 -2221.65 2671.06 2943.3 -6518.78 -1603.75 -5097.19 -1213.56 -8033.2 -10089.1 90995.3 -11876.2 
-1473.16 309.312 -637.093 -1101.75 -1649.32 -1439.64 -2183.06 -3630.14 -2266.24 -223.866 -11876.2 27280.1 
WEIGHT 0.0687833
DETERMINANT_OF_COV_MATRIX 1.04581e-60
ESPERANCE 0.0708541 0.0290283 0.00866408 0.0113838 0.0076385 0.0127693 0.00996666 0.021347 0.0110626 0.0188578 0.0126489 0.0256818
INVERSE_OF_COVARIANCE_MATRIX
4913.28 -12458.1 5102.19 -2002.6 -2978.19 -1479.44 -198.2 30.2938 1090.07 -1199.27 1110.78 -162.644 
-12458.1 45019.5 -11464.5 -4771.84 -1373.98 -3335.71 -1441.05 -898.986 2069.11 442.063 87.2079 -849.753 
5102.19 -11464.5 206533 36.7664 -32349.4 -12794.2 -1521.83 -3769.76 -11564.9 -6453.82 1246.72 -2245.73 
-2002.6 -4771.84 36.7664 144215 -7253.71 -9267.53 -3121.28 -2170.33 -13592.2 -9480.71 -7404.53 -5405.97 
-2978.19 -1373.98 -32349.4 -7253.71 383033 -27474.1 -15008.6 -2639.51 -14793.9 -5702.21 -19203.7 -2659.69 
-1479.44 -3335.71 -12794.2 -9267.53 -27474.1 162941 -21187 2676.24 -1486.77 -37.5099 -6707.81 -6495.77 
-198.2 -1441.05 -1521.83 -3121.28 -15008.6 -21187 289129 -143.976 -18264.1 -546.426 -12923.9 -8369.31 
30.2938 -898.986 -3769.76 -2170.33 -2639.51 2676.24 -143.976 61740 1324.24 -4577.52 -5388.55 -15100.9 
1090.07 2069.11 -11564.9 -13592.2 -14793.9 -1486.77 -18264.1 1324.24 298642 -4969.78 -17874.1 -2528.84 
-1199.27 442.063 -6453.82 -9480.71 -5702.21 -37.5099 -546.426 -4577.52 -4969.78 117368 -9774.43 -1164.58 
1110.78 87.2079 1246.72 -7404.53 -19203.7 -6707.81 -12923.9 -5388.55 -17874.1 -9774.43 267216 -8115.68 
-162.644 -849.753 -2245.73 -5405.97 -2659.69 -6495.77 -8369.31 -15100.9 -2528.84 -1164.58 -8115.68 66847.1 
WEIGHT 0.0618835
DETERMINANT_OF_COV_MATRIX 9.00545e-57
ESPERANCE 0.191634 0.0576394 0.0138529 0.0216216 0.0111798 0.018697 0.0137912 0.0270308 0.0147578 0.0252607 0.016776 0.032713
INVERSE_OF_COVARIANCE_MATRIX
3242.34 -604.033 -8060.74 -2107.75 -2332.49 -216.783 -4124.28 -852.908 -3062.1 -2406.16 -3939.7 -1821.92 
-604.033 9520.82 2548.24 -8744.08 -1215.51 643.513 -3423.11 -1041.85 -2804.77 -1095.33 -4234.48 386.735 
-8060.74 2548.24 77324.2 5609.31 -8144.89 2973.2 4741.44 1887.81 3688.01 1220.67 2510.97 -921.564 
-2107.75 -8744.08 5609.31 38085.1 1551.5 -8161.29 4322.93 -1475.41 1070.74 1112.53 2170.13 363.196 
-2332.49 -1215.51 -8144.89 1551.5 161029 -16571.2 -9147.3 3650.05 -10266.7 453.006 -13915.8 -676.743 
-216.783 643.513 2973.2 -8161.29 -16571.2 71171.3 -4052.25 -4347.78 -10292.7 -636.523 -3847.12 -215.27 
-4124.28 -3423.11 4741.44 4322.93 -9147.3 -4052.25 137591 -7713.53 -14108.3 381.618 -15861.7 871.443 
-852.908 -1041.85 1887.81 -1475.41 3650.05 -4347.78 -7713.53 47402 -9939.88 -2198.86 656.173 -5944.25 
-3062.1 -2804.77 3688.01 1070.74 -10266.7 -10292.7 -14108.3 -9939.88 163641 -10865 -12874.2 -327.162 
-2406.16 -1095.33 1220.67 1112.53 453.006 -636.523 381.618 -2198.86 -10865 59490.1 -11648.2 -228.775 
-3939.7 -4234.48 2510.97 2170.13 -13915.8 -3847.12 -15861.7 656.173 -12874.2 -11648.2 155780 -16353.9 
-1821.92 386.735 -921.564 363.196 -676.743 -215.27 871.443 -5944.25 -327.162 -228.775 -16353.9 45302.6 
WEIGHT 0.0760428
DETERMINANT_OF_COV_MATRIX 6.1906e-59
ESPERANCE 0.130226 0.0444912 0.00939098 0.0157464 0.00881656 0.0151393 0.0111824 0.0232952 0.0122951 0.0214866 0.0139543 0.0281213
INVERSE_OF_COVARIANCE_MATRIX
2282.35 -3246.44 -3810.41 -885.006 -2430.88 332.524 -1875.48 -15.27 -1842.15 -1137.82 -2226.28 -1870.65 
-3246.44 16684.9 549.432 -10506.5 -1095.14 -2681.35 -2434.29 -1699.51 -658.042 -2430.42 -4759.36 928.823 
-3810.41 549.432 154922 4096.3 -21612.1 -1860.01 -10419.9 1379.34 -10644.6 -5016.39 -6801.13 -2135 
-885.006 -10506.5 4096.3 72230.7 9079.13 -9726.54 2512.62 -5994.38 2903.36 2586.87 1640.1 88.7319 
-2430.88 -1095.14 -21612.1 9079.13 266191 -11941.7 -21040.3 5469.81 -10350 -3891.27 -13956.8 -4272.58 
332.524 -2681.35 -1860.01 -9726.54 -11941.7 108250 -15299.4 -2359.01 -3601.61 -340.546 -8180.26 -3569.22 
-1875.48 -2434.29 -10419.9 2512.62 -21040.3 -15299.4 231671 -9111.99 -25257.5 -950.065 -10066.7 215.756 
-15.27 -1699.51 1379.34 -5994.38 5469.81 -2359.01 -9111.99 59326.7 -9727.13 -2102.06 1707.79 -9501.02 
-1842.15 -658.042 -10644.6 2903.36 -10350 -3601.61 -25257.5 -9727.13 246236 -7566.03 -19158 -3485.56 
-1137.82 -2430.42 -5016.39 2586.87 -3891.27 -340.546 -950.065 -2102.06 -7566.03 86012.9 -8420.59 -715.412 
-2226.28 -4759.36 -6801.13 1640.1 -13956.8 -8180.26 -10066.7 1707.79 -19158 -8420.59 214611 -12748.4 
-1870.65 928.823 -2135 88.7319 -4272.58 -3569.22 215.756 -9501.02 -3485.56 -715.412 -12748.4 59921.3 
