DESCRIPTOR_NAME Steinhardt
FILTER_TYPE element
NUMBER_OF_DIMENSION 15
CUTOFF_RADIUS 4.000000
STEINHARDT_STYLE Mono
AVE_STYLE none
STEINHARDT_MODE Full
FILTER_VALUE Au
NUMBER_OF_CLUSTER 15
WEIGHT 0.016098
ESPERANCE 0.414319 0.0233779 0.0106638 0.251445 0.196223 0.483165 0.321834 0.480299 0.222963 0.0804581 0.259485 0.54003 0.207889 0.319322 0.263594
COVARIANCE_MATRIX
1.61039e-05 -1.16751e-05 -1.82675e-06 6.91741e-06 -3.01972e-05 -2.51419e-06 3.25389e-06 -3.76125e-06 4.10762e-05 1.91177e-05 -5.35607e-05 1.09403e-05 4.6049e-05 -3.00372e-05 -7.5135e-06 
-1.16751e-05 1.30159e-05 6.52953e-07 -6.541e-06 2.22797e-05 1.9721e-06 -5.00812e-07 2.93034e-06 -3.06103e-05 -1.38555e-05 3.80219e-05 -1.2472e-05 -3.00596e-05 2.8377e-05 1.09529e-05 
-1.82675e-06 6.52953e-07 6.72145e-06 5.05452e-08 5.25235e-06 -6.68993e-07 -1.04971e-06 -1.20672e-06 -4.44951e-06 4.77905e-06 1.07639e-05 -2.97505e-06 -3.30825e-06 -1.54108e-06 2.46027e-08 
6.91741e-06 -6.541e-06 5.05452e-08 4.81736e-06 -1.3201e-05 -1.3035e-06 5.34061e-07 -1.91e-06 1.83553e-05 9.86737e-06 -2.26532e-05 6.43667e-06 1.89778e-05 -1.63869e-05 -5.85177e-06 
-3.01972e-05 2.22797e-05 5.25235e-06 -1.3201e-05 6.22043e-05 4.73297e-06 -7.3087e-06 7.02713e-06 -8.23593e-05 -3.62661e-05 0.000109486 -2.11331e-05 -9.31178e-05 5.69845e-05 1.31137e-05 
-2.51419e-06 1.9721e-06 -6.68993e-07 -1.3035e-06 4.73297e-06 1.69013e-06 -5.58161e-07 1.01514e-06 -6.94636e-06 -4.86293e-06 8.18266e-06 -1.11839e-06 -8.70102e-06 6.04309e-06 1.19841e-06 
3.25389e-06 -5.00812e-07 -1.04971e-06 5.34061e-07 -7.3087e-06 -5.58161e-07 3.37631e-06 -8.52668e-07 9.71222e-06 3.85039e-06 -1.40757e-05 -7.86462e-07 1.46037e-05 -2.96843e-06 2.55718e-06 
-3.76125e-06 2.93034e-06 -1.20672e-06 -1.91e-06 7.02713e-06 1.01514e-06 -8.52668e-07 2.64712e-06 -1.04244e-05 -7.46014e-06 1.21206e-05 -1.54909e-06 -1.32942e-05 9.11539e-06 1.76238e-06 
4.10762e-05 -3.06103e-05 -4.44951e-06 1.83553e-05 -8.23593e-05 -6.94636e-06 9.71222e-06 -1.04244e-05 0.000113456 5.27936e-05 -0.000146494 2.77412e-05 0.000128064 -8.01288e-05 -1.78934e-05 
1.91177e-05 -1.38555e-05 4.77905e-06 9.86737e-06 -3.62661e-05 -4.86293e-06 3.85039e-06 -7.46014e-06 5.27936e-05 4.18458e-05 -6.32375e-05 8.78876e-06 6.4868e-05 -4.32042e-05 -1.01595e-05 
-5.35607e-05 3.80219e-05 1.07639e-05 -2.26532e-05 0.000109486 8.18266e-06 -1.40757e-05 1.21206e-05 -0.000146494 -6.32375e-05 0.000198075 -3.58574e-05 -0.000167652 9.75046e-05 2.0728e-05 
1.09403e-05 -1.2472e-05 -2.97505e-06 6.43667e-06 -2.11331e-05 -1.11839e-06 -7.86462e-07 -1.54909e-06 2.77412e-05 8.78876e-06 -3.58574e-05 1.68873e-05 2.17383e-05 -2.60743e-05 -1.33991e-05 
4.6049e-05 -3.00596e-05 -3.30825e-06 1.89778e-05 -9.31178e-05 -8.70102e-06 1.46037e-05 -1.32942e-05 0.000128064 6.4868e-05 -0.000167652 2.17383e-05 0.0001593 -8.57244e-05 -1.15685e-05 
-3.00372e-05 2.8377e-05 -1.54108e-06 -1.63869e-05 5.69845e-05 6.04309e-06 -2.96843e-06 9.11539e-06 -8.01288e-05 -4.32042e-05 9.75046e-05 -2.60743e-05 -8.57244e-05 7.37921e-05 2.37594e-05 
-7.5135e-06 1.09529e-05 2.46027e-08 -5.85177e-06 1.31137e-05 1.19841e-06 2.55718e-06 1.76238e-06 -1.78934e-05 -1.01595e-05 2.0728e-05 -1.33991e-05 -1.15685e-05 2.37594e-05 1.5977e-05 
WEIGHT 0.0138415
ESPERANCE 0.327328 0.131036 0.108138 0.159076 0.202729 0.301238 0.335313 0.47778 0.19719 0.192746 0.273593 0.371434 0.214825 0.231919 0.323038
COVARIANCE_MATRIX
0.000698429 -0.000491466 0.000249764 -2.78374e-05 -2.69609e-05 0.000399102 0.000194087 -9.63829e-05 0.000877654 -0.000221466 -0.000493413 0.00031272 0.000800135 3.83224e-05 -2.01429e-05 
-0.000491466 0.00046273 -0.000257023 5.27978e-05 -0.000153124 -0.00035839 -0.000286162 0.00015303 -0.000547061 0.000235336 9.53355e-05 -0.00018343 -0.00056291 -3.00466e-05 -0.000151538 
0.000249764 -0.000257023 0.000472851 -0.000135522 0.000310139 0.000349882 0.000372826 -0.000173916 3.89193e-05 -4.81585e-05 0.000374 2.41649e-05 0.000218005 0.000325579 0.000275847 
-2.78374e-05 5.27978e-05 -0.000135522 9.80915e-05 -0.000213903 -0.000133577 -0.000203614 9.64373e-05 8.20418e-05 5.93265e-05 -0.000258381 4.26001e-05 -4.19518e-05 -0.000181024 -0.00019395 
-2.69609e-05 -0.000153124 0.000310139 -0.000213903 0.000931636 0.000264534 0.000421489 -0.000249543 -0.000380116 -0.000136474 0.00104485 -0.000150791 2.70985e-05 0.000293889 0.000470251 
0.000399102 -0.00035839 0.000349882 -0.000133577 0.000264534 0.000492889 0.000454694 -0.000221975 0.000293727 -0.000180208 0.000115624 0.000169449 0.000363434 0.000451646 0.000281509 
0.000194087 -0.000286162 0.000372826 -0.000203614 0.000421489 0.000454694 0.00113618 -0.0005167 2.81586e-05 -0.000117245 0.000525021 -0.000276999 0.000430436 0.000712264 0.00107297 
-9.63829e-05 0.00015303 -0.000173916 9.64373e-05 -0.000249543 -0.000221975 -0.0005167 0.000319891 -0.00012943 4.54917e-05 -0.000301991 0.000189802 -0.000318478 -0.000316211 -0.000461426 
0.000877654 -0.000547061 3.89193e-05 8.20418e-05 -0.000380116 0.000293727 2.81586e-05 -0.00012943 0.00165915 -0.000284162 -0.00109974 0.000281683 0.00127986 -0.000245573 -0.000200808 
-0.000221466 0.000235336 -4.81585e-05 5.93265e-05 -0.000136474 -0.000180208 -0.000117245 4.54917e-05 -0.000284162 0.000465229 -4.8438e-05 -0.000231239 -0.000189931 0.000149315 -9.7339e-05 
-0.000493413 9.53355e-05 0.000374 -0.000258381 0.00104485 0.000115624 0.000525021 -0.000301991 -0.00109974 -4.8438e-05 0.001781 -0.000424511 -0.0006354 0.000364328 0.000731207 
0.00031272 -0.00018343 2.41649e-05 4.26001e-05 -0.000150791 0.000169449 -0.000276999 0.000189802 0.000281683 -0.000231239 -0.000424511 0.000570796 -4.76555e-06 -0.000194919 -0.000376712 
0.000800135 -0.00056291 0.000218005 -4.19518e-05 2.70985e-05 0.000363434 0.000430436 -0.000318478 0.00127986 -0.000189931 -0.0006354 -4.76555e-06 0.00168049 -3.26199e-05 9.49944e-05 
3.83224e-05 -3.00466e-05 0.000325579 -0.000181024 0.000293889 0.000451646 0.000712264 -0.000316211 -0.000245573 0.000149315 0.000364328 -0.000194919 -3.26199e-05 0.00133426 0.000462674 
-2.01429e-05 -0.000151538 0.000275847 -0.00019395 0.000470251 0.000281509 0.00107297 -0.000461426 -0.000200808 -9.7339e-05 0.000731207 -0.000376712 9.49944e-05 0.000462674 0.00134135 
WEIGHT 0.00857196
ESPERANCE 0.320043 0.19544 0.125441 0.142527 0.230338 0.418032 0.360088 0.424695 0.256132 0.218544 0.262739 0.368118 0.343107 0.304275 0.318214
COVARIANCE_MATRIX
0.00222782 -0.00151568 0.000803383 0.00112087 -0.00155379 0.00100986 0.0012612 -0.000440407 0.00189145 -0.000771207 -0.0015293 6.51977e-05 0.00236652 0.000628236 -9.82821e-06 
-0.00151568 0.00139406 -0.000471395 -0.00100324 0.000566406 -0.000945198 -0.00109198 0.00054812 -0.00112122 0.000562917 0.000829361 -0.000272075 -0.00177302 -0.000562319 -0.00011023 
0.000803383 -0.000471395 0.000880446 4.93904e-05 -0.000645436 -0.000164028 0.000693016 -4.91289e-05 0.000673737 -0.000275052 -0.000413271 -0.000167933 0.000638029 -9.60031e-06 0.000111816 
0.00112087 -0.00100324 4.93904e-05 0.00210109 1.86883e-05 0.00196328 0.000399761 -0.000398445 0.000316569 -0.000109304 -0.000140789 0.00141016 0.00134045 0.000728027 -4.57218e-05 
-0.00155379 0.000566406 -0.000645436 1.86883e-05 0.00352743 0.000537313 -0.000629199 -0.000222869 -0.00221764 0.000819707 0.00249433 0.00111359 -0.00112106 -3.75498e-05 3.53501e-05 
0.00100986 -0.000945198 -0.000164028 0.00196328 0.000537313 0.00298785 -0.000101854 -0.000415819 -0.000133407 -0.000165689 0.000163636 0.00208076 0.00134974 0.00114358 -0.000356233 
0.0012612 -0.00109198 0.000693016 0.000399761 -0.000629199 -0.000101854 0.00253618 -0.00106896 0.00126922 -0.000535589 -0.000707449 -0.000720629 0.0018403 0.000492392 0.000979139 
-0.000440407 0.00054812 -4.91289e-05 -0.000398445 -0.000222869 -0.000415819 -0.00106896 0.000898049 -0.000585707 0.000134192 -8.76218e-05 7.22936e-05 -0.000851489 -0.000362331 -0.000445436 
0.00189145 -0.00112122 0.000673737 0.000316569 -0.00221764 -0.000133407 0.00126922 -0.000585707 0.00283112 -0.000971484 -0.00193783 -0.00106538 0.00214067 0.000119629 0.000196819 
-0.000771207 0.000562917 -0.000275052 -0.000109304 0.000819707 -0.000165689 -0.000535589 0.000134192 -0.000971484 0.00115533 0.000552257 -9.31607e-05 -0.000944308 0.000215654 -9.76531e-05 
-0.0015293 0.000829361 -0.000413271 -0.000140789 0.00249433 0.000163636 -0.000707449 -8.76218e-05 -0.00193783 0.000552257 0.00280114 0.000758173 -0.00188512 -0.000185891 0.000260126 
6.51977e-05 -0.000272075 -0.000167933 0.00141016 0.00111359 0.00208076 -0.000720629 7.22936e-05 -0.00106538 -9.31607e-05 0.000758173 0.00274104 -0.000115396 4.18744e-05 -0.000353008 
0.00236652 -0.00177302 0.000638029 0.00134045 -0.00112106 0.00134974 0.0018403 -0.000851489 0.00214067 -0.000944308 -0.00188512 -0.000115396 0.00417158 0.000383192 -2.62752e-05 
0.000628236 -0.000562319 -9.60031e-06 0.000728027 -3.75498e-05 0.00114358 0.000492392 -0.000362331 0.000119629 0.000215654 -0.000185891 4.18744e-05 0.000383192 0.0021145 -0.000409547 
-9.82821e-06 -0.00011023 0.000111816 -4.57218e-05 3.53501e-05 -0.000356233 0.000979139 -0.000445436 0.000196819 -9.76531e-05 0.000260126 -0.000353008 -2.62752e-05 -0.000409547 0.00156651 
WEIGHT 0.0154906
ESPERANCE 0.334571 0.172485 0.0294414 0.175584 0.169904 0.365127 0.273392 0.506825 0.188331 0.195401 0.23552 0.414989 0.194299 0.273804 0.247182
COVARIANCE_MATRIX
0.000262561 -8.00244e-05 -0.000100657 6.45354e-05 -0.000321458 3.13014e-05 -0.000167149 4.12416e-05 0.000564167 -2.72837e-05 -0.000626728 0.000184971 0.000389575 -0.000151105 -0.000408183 
-8.00244e-05 0.000158687 -8.76406e-06 2.48281e-05 7.29532e-05 -0.000115239 5.06892e-05 3.75871e-05 -0.000199917 4.04021e-05 0.000147097 7.02957e-05 -0.000186702 -0.000166107 9.0224e-05 
-0.000100657 -8.76406e-06 0.000141198 -2.21754e-05 0.000144562 -7.49963e-06 8.44303e-05 -7.30324e-05 -0.000145668 2.69338e-05 0.000314245 -0.000167517 -4.76517e-05 4.3002e-05 0.000251414 
6.45354e-05 2.48281e-05 -2.21754e-05 4.92685e-05 -8.46557e-05 -3.81096e-05 -4.97519e-05 2.83619e-05 0.000128752 9.50171e-06 -0.00014959 0.000108709 4.95542e-05 -0.000152091 -0.000124281 
-0.000321458 7.29532e-05 0.000144562 -8.46557e-05 0.000499551 -3.49324e-05 0.000128359 -7.38721e-05 -0.000648317 4.6313e-05 0.000888632 -0.000289251 -0.000409392 0.000176905 0.000430039 
3.13014e-05 -0.000115239 -7.49963e-06 -3.81096e-05 -3.49324e-05 0.00011339 -3.13076e-05 -1.84544e-05 5.4827e-05 -2.62139e-05 -8.14159e-05 -4.4507e-05 4.45248e-05 0.000224129 -6.46629e-05 
-0.000167149 5.06892e-05 8.44303e-05 -4.97519e-05 0.000128359 -3.13076e-05 0.000259824 -8.50291e-05 -0.000304167 3.56868e-06 0.000360486 -0.000204495 -0.000119285 7.66107e-05 0.000522737 
4.12416e-05 3.75871e-05 -7.30324e-05 2.83619e-05 -7.38721e-05 -1.84544e-05 -8.50291e-05 0.000105695 -1.62258e-05 -3.61019e-05 -0.00016361 0.000195839 -0.000132134 -7.63702e-05 -0.000222457 
0.000564167 -0.000199917 -0.000145668 0.000128752 -0.000648317 5.4827e-05 -0.000304167 -1.62258e-05 0.00140423 -3.13441e-05 -0.00127354 0.000202967 0.00109976 -0.000339861 -0.000678804 
-2.72837e-05 4.04021e-05 2.69338e-05 9.50171e-06 4.6313e-05 -2.62139e-05 3.56868e-06 -3.61019e-05 -3.13441e-05 0.000191069 3.61133e-05 -0.000107621 5.52984e-05 6.75044e-05 2.12429e-05 
-0.000626728 0.000147097 0.000314245 -0.00014959 0.000888632 -8.14159e-05 0.000360486 -0.00016361 -0.00127354 3.61133e-05 0.00175106 -0.000526678 -0.000888282 0.000255285 0.00103094 
0.000184971 7.02957e-05 -0.000167517 0.000108709 -0.000289251 -4.4507e-05 -0.000204495 0.000195839 0.000202967 -0.000107621 -0.000526678 0.000557409 -0.000165191 -0.000370181 -0.000549385 
0.000389575 -0.000186702 -4.76517e-05 4.95542e-05 -0.000409392 4.45248e-05 -0.000119285 -0.000132134 0.00109976 5.52984e-05 -0.000888282 -0.000165191 0.00129419 -0.000148847 -0.000329816 
-0.000151105 -0.000166107 4.3002e-05 -0.000152091 0.000176905 0.000224129 7.66107e-05 -7.63702e-05 -0.000339861 6.75044e-05 0.000255285 -0.000370181 -0.000148847 0.000870737 0.000200622 
-0.000408183 9.0224e-05 0.000251414 -0.000124281 0.000430039 -6.46629e-05 0.000522737 -0.000222457 -0.000678804 2.12429e-05 0.00103094 -0.000549385 -0.000329816 0.000200622 0.00126112 
WEIGHT 0.0113417
ESPERANCE 0.293194 0.242783 0.087689 0.134057 0.203377 0.450349 0.260528 0.488026 0.188955 0.233128 0.217053 0.432717 0.274929 0.322436 0.218561
COVARIANCE_MATRIX
0.000363105 -0.000183998 0.00017528 6.59792e-05 -0.0005202 3.06558e-05 0.000267884 -0.000128768 0.000778566 -0.000178142 -0.000596651 -0.000201108 0.000703591 -6.82239e-05 0.00016948 
-0.000183998 0.000269298 4.87431e-06 4.17974e-05 0.00019353 -0.000174963 -0.000125108 0.00016057 -0.000440634 0.000116295 0.000288258 0.000304153 -0.000393752 -0.000352052 -0.000176724 
0.00017528 4.87431e-06 0.000240923 2.94336e-06 -0.000320263 -6.08586e-05 0.000160596 -3.23529e-05 0.000409075 -9.02912e-05 -0.000205667 -9.86708e-05 0.000335889 -0.000148303 0.000145792 
6.59792e-05 4.17974e-05 2.94336e-06 0.000125195 -9.55895e-05 -8.91439e-05 3.73469e-05 2.33738e-05 0.000118746 8.82463e-06 -0.000161954 9.72873e-05 0.000112736 -0.000248223 -3.06695e-05 
-0.0005202 0.00019353 -0.000320263 -9.55895e-05 0.000886355 4.2453e-06 -0.000500674 0.00012368 -0.00100654 0.000255373 0.000982767 0.000204236 -0.00101031 0.000191411 -0.000275147 
3.06558e-05 -0.000174963 -6.08586e-05 -8.91439e-05 4.2453e-06 0.00019013 -3.32677e-05 -6.93922e-05 4.74856e-05 -2.76592e-05 -9.57774e-05 -0.000122761 2.37689e-05 0.00041417 -4.05901e-05 
0.000267884 -0.000125108 0.000160596 3.73469e-05 -0.000500674 -3.32677e-05 0.000518477 -0.000178035 0.000600735 -0.000167135 -0.000452205 -0.000303435 0.000747955 -0.000164522 0.000614528 
-0.000128768 0.00016057 -3.23529e-05 2.33738e-05 0.00012368 -6.93922e-05 -0.000178035 0.000204465 -0.000433192 5.53546e-05 7.29332e-05 0.000323432 -0.000379867 -0.000119621 -0.000395877 
0.000778566 -0.000440634 0.000409075 0.000118746 -0.00100654 4.74856e-05 0.000600735 -0.000433192 0.00203578 -0.00041445 -0.00100748 -0.000718002 0.00166789 -0.000155467 0.000794095 
-0.000178142 0.000116295 -9.02912e-05 8.82463e-06 0.000255373 -2.76592e-05 -0.000167135 5.53546e-05 -0.00041445 0.000284883 0.000228641 7.06626e-05 -0.000373827 7.88595e-05 -0.000162473 
-0.000596651 0.000288258 -0.000205667 -0.000161954 0.000982767 -9.57774e-05 -0.000452205 7.29332e-05 -0.00100748 0.000228641 0.00147997 4.11299e-05 -0.00113935 7.64632e-05 0.000110675 
-0.000201108 0.000304153 -9.86708e-05 9.72873e-05 0.000204236 -0.000122761 -0.000303435 0.000323432 -0.000718002 7.06626e-05 4.11299e-05 0.000789276 -0.000655028 -0.000438595 -0.000725819 
0.000703591 -0.000393752 0.000335889 0.000112736 -0.00101031 2.37689e-05 0.000747955 -0.000379867 0.00166789 -0.000373827 -0.00113935 -0.000655028 0.00182216 -0.000227041 0.000690875 
-6.82239e-05 -0.000352052 -0.000148303 -0.000248223 0.000191411 0.00041417 -0.000164522 -0.000119621 -0.000155467 7.88595e-05 7.64632e-05 -0.000438595 -0.000227041 0.00123164 -5.99997e-05 
0.00016948 -0.000176724 0.000145792 -3.06695e-05 -0.000275147 -4.05901e-05 0.000614528 -0.000395877 0.000794095 -0.000162473 0.000110675 -0.000725819 0.000690875 -5.99997e-05 0.00151162 
WEIGHT 0.0130603
ESPERANCE 0.315859 0.200061 0.151411 0.104693 0.24428 0.397119 0.332681 0.465817 0.216908 0.210439 0.24423 0.420883 0.310128 0.249727 0.295575
COVARIANCE_MATRIX
0.000348834 -0.000202346 0.00012844 5.44891e-05 -0.000378896 3.16358e-05 4.30379e-05 -5.04813e-06 0.000565107 -0.000173753 -0.000551213 -8.38026e-05 0.000616501 -0.000159176 -0.000209564 
-0.000202346 0.000184428 -9.95533e-06 -7.36239e-05 0.000203909 -4.35269e-05 -9.44105e-05 5.52059e-05 -0.000348527 0.000123274 0.000366978 0.000103459 -0.000442609 2.99514e-05 7.0883e-05 
0.00012844 -9.95533e-06 0.000216262 -1.89706e-05 -0.000225206 -8.74482e-06 -8.10597e-05 8.66786e-05 0.000122205 -2.10188e-05 -0.000105992 5.24703e-05 7.43788e-05 -0.000127098 -0.000186924 
5.44891e-05 -7.36239e-05 -1.89706e-05 9.40551e-05 -6.84831e-05 7.30499e-06 6.2374e-05 -4.55597e-05 0.000117327 3.95548e-05 -0.000131756 -0.000102388 0.000135386 9.83597e-05 1.97395e-05 
-0.000378896 0.000203909 -0.000225206 -6.84831e-05 0.000622624 -9.35346e-06 -0.000312465 6.23447e-05 -0.000598996 0.000166701 0.000655495 0.000219074 -0.000717723 5.85611e-05 -4.62709e-05 
3.16358e-05 -4.35269e-05 -8.74482e-06 7.30499e-06 -9.35346e-06 6.29819e-05 -7.41325e-05 1.10551e-05 3.02822e-05 -2.9984e-05 -9.38354e-05 0.000108513 5.719e-06 2.56228e-06 -0.000140692 
4.30379e-05 -9.44105e-05 -8.10597e-05 6.2374e-05 -0.000312465 -7.41325e-05 0.000829904 -0.000341065 0.000250367 -9.10124e-05 -0.000199795 -0.000593423 0.000567747 0.000281671 0.000882525 
-5.04813e-06 5.52059e-05 8.66786e-05 -4.55597e-05 6.23447e-05 1.10551e-05 -0.000341065 0.000246276 -0.000210564 1.29568e-05 3.53183e-06 0.000321812 -0.000241101 -0.000229976 -0.00037421 
0.000565107 -0.000348527 0.000122205 0.000117327 -0.000598996 3.02822e-05 0.000250367 -0.000210564 0.00122668 -0.000311058 -0.000855239 -0.000395962 0.00116191 -9.02791e-05 -8.32258e-05 
-0.000173753 0.000123274 -2.10188e-05 3.95548e-05 0.000166701 -2.9984e-05 -9.10124e-05 1.29568e-05 -0.000311058 0.000336678 0.000271779 -3.66096e-05 -0.000408741 0.000243221 4.46281e-05 
-0.000551213 0.000366978 -0.000105992 -0.000131756 0.000655495 -9.38354e-05 -0.000199795 3.53183e-06 -0.000855239 0.000271779 0.00122327 8.0946e-05 -0.00112164 0.000207433 0.000228202 
-8.38026e-05 0.000103459 5.24703e-05 -0.000102388 0.000219074 0.000108513 -0.000593423 0.000321812 -0.000395962 -3.66096e-05 8.0946e-05 0.000712378 -0.000546594 -0.000337622 -0.000624731 
0.000616501 -0.000442609 7.43788e-05 0.000135386 -0.000717723 5.719e-06 0.000567747 -0.000241101 0.00116191 -0.000408741 -0.00112164 -0.000546594 0.00166727 -0.000212264 0.000119592 
-0.000159176 2.99514e-05 -0.000127098 9.83597e-05 5.85611e-05 2.56228e-06 0.000281671 -0.000229976 -9.02791e-05 0.000243221 0.000207433 -0.000337622 -0.000212264 0.000721485 0.000319053 
-0.000209564 7.0883e-05 -0.000186924 1.97395e-05 -4.62709e-05 -0.000140692 0.000882525 -0.00037421 -8.32258e-05 4.46281e-05 0.000228202 -0.000624731 0.000119592 0.000319053 0.00136595 
WEIGHT 0.0151903
ESPERANCE 0.355856 0.118089 0.0944358 0.178576 0.240271 0.396833 0.339004 0.474172 0.178308 0.168522 0.314189 0.412284 0.227998 0.304189 0.320682
COVARIANCE_MATRIX
0.000158454 -9.21817e-05 3.74187e-06 5.70035e-05 -0.000182287 3.42888e-05 -0.000113931 8.4684e-05 0.000246468 -5.60103e-05 -0.000270477 0.00024894 -9.23682e-05 -0.000107467 -0.000118883 
-9.21817e-05 0.000211502 -1.35789e-05 -5.96055e-06 5.1341e-05 -6.92416e-05 7.90243e-05 -1.86681e-05 -0.000128415 0.000104451 6.15834e-05 -9.23401e-05 8.76373e-06 0.000100319 4.2948e-05 
3.74187e-06 -1.35789e-05 0.000181069 3.22611e-06 -3.29817e-05 2.92365e-06 -8.50149e-05 2.89587e-05 -3.86318e-05 4.82532e-05 0.000103056 1.29984e-05 -0.000150081 -1.23943e-06 -0.000106202 
5.70035e-05 -5.96055e-06 3.22611e-06 6.59765e-05 -8.11765e-05 -2.29247e-05 -2.92065e-05 2.74357e-05 0.000101051 2.31603e-05 -9.26769e-05 0.000108835 -6.44447e-05 -0.000114656 -2.45906e-05 
-0.000182287 5.1341e-05 -3.29817e-05 -8.11765e-05 0.000400299 -7.21375e-05 2.05025e-05 -0.000105618 -0.000254945 -3.26305e-05 0.000524421 -0.000318553 0.00020696 -9.16305e-05 7.02118e-05 
3.42888e-05 -6.92416e-05 2.92365e-06 -2.29247e-05 -7.21375e-05 7.98837e-05 -3.31644e-05 2.56388e-05 1.39953e-05 -5.32375e-05 -0.000102337 7.8732e-05 -7.98861e-05 0.000131949 -6.73625e-05 
-0.000113931 7.90243e-05 -8.50149e-05 -2.92065e-05 2.05025e-05 -3.31644e-05 0.000319886 -0.000153144 -0.000120702 0.000132192 1.50249e-05 -0.00027639 0.000270517 9.35389e-05 0.000369088 
8.4684e-05 -1.86681e-05 2.89587e-05 2.74357e-05 -0.000105618 2.56388e-05 -0.000153144 0.00015834 1.8253e-05 -0.000116501 -0.000151548 0.000250263 -0.000235412 2.05735e-05 -0.000197978 
0.000246468 -0.000128415 -3.86318e-05 0.000101051 -0.000254945 1.39953e-05 -0.000120702 1.8253e-05 0.000678999 2.21688e-05 -0.00048675 0.000212839 0.00012827 -0.000204167 -6.27064e-05 
-5.60103e-05 0.000104451 4.82532e-05 2.31603e-05 -3.26305e-05 -5.32375e-05 0.000132192 -0.000116501 2.21688e-05 0.000535836 -0.000111421 -0.000303719 0.000259102 0.000135206 0.000135542 
-0.000270477 6.15834e-05 0.000103056 -9.26769e-05 0.000524421 -0.000102337 1.50249e-05 -0.000151548 -0.00048675 -0.000111421 0.00100367 -0.000382684 -4.92149e-05 -0.000232832 9.07004e-05 
0.00024894 -9.23401e-05 1.29984e-05 0.000108835 -0.000318553 7.8732e-05 -0.00027639 0.000250263 0.000212839 -0.000303719 -0.000382684 0.000695697 -0.000532479 -0.000179382 -0.000361399 
-9.23682e-05 8.76373e-06 -0.000150081 -6.44447e-05 0.00020696 -7.98861e-05 0.000270517 -0.000235412 0.00012827 0.000259102 -4.92149e-05 -0.000532479 0.00102655 -5.97786e-05 0.000321341 
-0.000107467 0.000100319 -1.23943e-06 -0.000114656 -9.16305e-05 0.000131949 9.35389e-05 2.05735e-05 -0.000204167 0.000135206 -0.000232832 -0.000179382 -5.97786e-05 0.000868089 -5.66002e-05 
-0.000118883 4.2948e-05 -0.000106202 -2.45906e-05 7.02118e-05 -6.73625e-05 0.000369088 -0.000197978 -6.27064e-05 0.000135542 9.07004e-05 -0.000361399 0.000321341 -5.66002e-05 0.000582595 
WEIGHT 0.013467
ESPERANCE 0.390392 0.101264 0.0918411 0.189179 0.196756 0.395512 0.334418 0.474352 0.252156 0.169258 0.236694 0.428364 0.281747 0.268219 0.303911
COVARIANCE_MATRIX
0.000184649 -8.78546e-05 3.89051e-05 4.34e-05 -0.00022057 -1.72407e-05 -8.66121e-05 1.13016e-05 0.000365778 -7.63943e-05 -0.000359349 7.40098e-05 0.000283952 -0.000242704 -0.00021103 
-8.78546e-05 0.000259851 -3.56906e-06 7.66303e-06 3.56358e-05 -8.29376e-05 8.62085e-05 1.74267e-05 -0.000142273 9.90141e-05 0.000124153 -1.69155e-05 -0.000212465 4.60921e-05 0.000212716 
3.89051e-05 -3.56906e-06 0.0001918 1.82504e-05 -0.000122519 1.28663e-05 -0.000118007 5.47497e-05 2.64836e-05 2.94919e-05 1.97434e-05 8.12387e-05 -0.000166897 3.89997e-05 -0.00015893 
4.34e-05 7.66303e-06 1.82504e-05 6.68298e-05 -6.42254e-05 -3.12828e-05 -4.87129e-05 1.57926e-05 6.17965e-05 4.4116e-05 -6.98422e-05 8.59064e-05 -6.98453e-06 -0.000133386 -0.000114496 
-0.00022057 3.56358e-05 -0.000122519 -6.42254e-05 0.000456026 3.51216e-05 -6.59374e-06 -4.46087e-05 -0.000392604 3.77979e-05 0.000571908 -0.000104948 -0.000258299 0.000228736 0.000112368 
-1.72407e-05 -8.29376e-05 1.28663e-05 -3.12828e-05 3.51216e-05 8.44485e-05 -7.66403e-05 2.24752e-05 -7.26733e-05 -5.10741e-05 2.96912e-05 7.61654e-05 -0.000108376 0.000130919 -0.000104581 
-8.66121e-05 8.62085e-05 -0.000118007 -4.87129e-05 -6.59374e-06 -7.66403e-05 0.0004441 -0.000144568 -0.000103805 8.36933e-05 2.03611e-05 -0.000349366 0.00031163 1.4032e-05 0.000598842 
1.13016e-05 1.74267e-05 5.47497e-05 1.57926e-05 -4.46087e-05 2.24752e-05 -0.000144568 0.000131592 -4.70182e-05 -7.82275e-05 -6.6106e-05 0.000192223 -0.000233512 4.64326e-05 -0.000168573 
0.000365778 -0.000142273 2.64836e-05 6.17965e-05 -0.000392604 -7.26733e-05 -0.000103805 -4.70182e-05 0.000873968 -0.000172094 -0.000719343 -6.73348e-06 0.000731802 -0.000502234 -0.000258758 
-7.63943e-05 9.90141e-05 2.94919e-05 4.4116e-05 3.77979e-05 -5.10741e-05 8.36933e-05 -7.82275e-05 -0.000172094 0.000572846 0.000140452 -0.0002783 -8.02242e-05 0.000240019 9.59142e-05 
-0.000359349 0.000124153 1.97434e-05 -6.98422e-05 0.000571908 2.96912e-05 2.03611e-05 -6.6106e-05 -0.000719343 0.000140452 0.00116167 -0.000146944 -0.000735385 0.000396222 0.000239232 
7.40098e-05 -1.69155e-05 8.12387e-05 8.59064e-05 -0.000104948 7.61654e-05 -0.000349366 0.000192223 -6.73348e-06 -0.0002783 -0.000146944 0.000653372 -0.00041842 -0.000258315 -0.000528157 
0.000283952 -0.000212465 -0.000166897 -6.98453e-06 -0.000258299 -0.000108376 0.00031163 -0.000233512 0.000731802 -8.02242e-05 -0.000735385 -0.00041842 0.00145935 -0.000583814 0.00014259 
-0.000242704 4.60921e-05 3.89997e-05 -0.000133386 0.000228736 0.000130919 1.4032e-05 4.64326e-05 -0.000502234 0.000240019 0.000396222 -0.000258315 -0.000583814 0.00104063 0.000190733 
-0.00021103 0.000212716 -0.00015893 -0.000114496 0.000112368 -0.000104581 0.000598842 -0.000168573 -0.000258758 9.59142e-05 0.000239232 -0.000528157 0.00014259 0.000190733 0.00107301 
WEIGHT 0.0162886
ESPERANCE 0.347769 0.118045 0.114062 0.158128 0.197299 0.309941 0.311953 0.49865 0.209085 0.169951 0.245592 0.413024 0.214552 0.197668 0.289297
COVARIANCE_MATRIX
0.000431844 -0.000374029 0.000239359 -3.99717e-05 6.52901e-05 0.000261836 0.000161052 -0.0001102 0.000603911 -0.000220395 -0.000248832 0.000165868 0.000694658 -0.000133358 -6.23844e-06 
-0.000374029 0.000388378 -0.000270643 5.43345e-05 -0.000160292 -0.000287406 -0.00024232 0.000135327 -0.000438787 0.000239882 2.55087e-05 -0.000155349 -0.000531609 8.33799e-05 -0.000134004 
0.000239359 -0.000270643 0.000328148 -7.75719e-05 0.000197495 0.000255198 0.000248792 -0.000107938 0.000146248 -0.000172136 0.000238546 0.000115843 0.000180462 0.000108512 0.000200937 
-3.99717e-05 5.43345e-05 -7.75719e-05 4.41458e-05 -0.000109752 -7.80309e-05 -0.000109808 3.78204e-05 2.2545e-05 7.00626e-05 -0.000137007 -1.73288e-05 5.6514e-07 -9.13954e-05 -0.000136778 
6.52901e-05 -0.000160292 0.000197495 -0.000109752 0.000468645 0.000216144 0.000243141 -0.000110089 -0.00016372 -0.000183844 0.00059867 5.48912e-05 -0.000121964 0.000233832 0.000330172 
0.000261836 -0.000287406 0.000255198 -7.80309e-05 0.000216144 0.000272515 0.000269124 -0.000123561 0.000214906 -0.000205358 0.000146328 0.00012942 0.000270729 0.000108047 0.000227231 
0.000161052 -0.00024232 0.000248792 -0.000109808 0.000243141 0.000269124 0.00060687 -0.000223229 4.91569e-06 -0.000178242 0.000321778 -3.80894e-05 0.000190062 0.000307947 0.000762269 
-0.0001102 0.000135327 -0.000107938 3.78204e-05 -0.000110089 -0.000123561 -0.000223229 0.000118375 -0.000107328 6.60061e-05 -0.000100663 2.71827e-05 -0.000196607 -9.64532e-05 -0.000256328 
0.000603911 -0.000438787 0.000146248 2.2545e-05 -0.00016372 0.000214906 4.91569e-06 -0.000107328 0.00112719 -0.000206658 -0.0008036 0.000163969 0.00123528 -0.000411168 -0.000287955 
-0.000220395 0.000239882 -0.000172136 7.00626e-05 -0.000183844 -0.000205358 -0.000178242 6.60061e-05 -0.000206658 0.00029745 -8.87893e-05 -0.000165795 -0.000233045 6.66975e-05 -0.0001476 
-0.000248832 2.55087e-05 0.000238546 -0.000137007 0.00059867 0.000146328 0.000321778 -0.000100663 -0.0008036 -8.87893e-05 0.00123849 -5.50576e-05 -0.000847371 0.000494029 0.000593753 
0.000165868 -0.000155349 0.000115843 -1.73288e-05 5.48912e-05 0.00012942 -3.80894e-05 2.71827e-05 0.000163969 -0.000165795 -5.50576e-05 0.000227119 9.0601e-05 -0.000112127 -0.000155863 
0.000694658 -0.000531609 0.000180462 5.6514e-07 -0.000121964 0.000270729 0.000190062 -0.000196607 0.00123528 -0.000233045 -0.000847371 9.0601e-05 0.00158514 -0.000416794 -0.000103634 
-0.000133358 8.33799e-05 0.000108512 -9.13954e-05 0.000233832 0.000108047 0.000307947 -9.64532e-05 -0.000411168 6.66975e-05 0.000494029 -0.000112127 -0.000416794 0.00068554 0.000478357 
-6.23844e-06 -0.000134004 0.000200937 -0.000136778 0.000330172 0.000227231 0.000762269 -0.000256328 -0.000287955 -0.0001476 0.000593753 -0.000155863 -0.000103634 0.000478357 0.0011363 
WEIGHT 0.014037
ESPERANCE 0.406657 0.0425763 0.0281039 0.244975 0.211761 0.478737 0.329637 0.472572 0.217264 0.117423 0.279203 0.4979 0.240023 0.339139 0.290065
COVARIANCE_MATRIX
0.000303209 -0.00019031 -2.74366e-05 0.000127417 -0.00056134 -2.16988e-05 3.69386e-05 -1.67137e-05 0.000703206 3.13791e-05 -0.000798579 0.00029664 0.000294876 -0.00041806 -4.50508e-05 
-0.00019031 0.000213712 5.25758e-05 -0.000106625 0.000333847 4.03056e-06 1.65002e-05 -4.39112e-06 -0.000381781 0.000143131 0.000414656 -0.000337505 -1.70766e-05 0.000394877 0.000111989 
-2.74366e-05 5.25758e-05 0.000143886 -1.87013e-05 7.82786e-05 -3.53673e-05 2.62024e-05 -6.00766e-05 4.86764e-05 0.000155376 0.000132088 -0.000197923 0.000148565 -7.73468e-06 0.000141611 
0.000127417 -0.000106625 -1.87013e-05 8.10671e-05 -0.000226652 -1.46193e-05 -1.23165e-05 -3.7002e-07 0.000269333 3.40245e-05 -0.000301241 0.000179286 5.11692e-05 -0.000233398 -7.97216e-05 
-0.00056134 0.000333847 7.82786e-05 -0.000226652 0.00108332 2.35449e-05 -6.83135e-05 -3.94681e-06 -0.00129832 -2.12404e-05 0.00159711 -0.000578583 -0.000529787 0.000678137 9.27702e-05 
-2.16988e-05 4.03056e-06 -3.53673e-05 -1.46193e-05 2.35449e-05 3.41958e-05 -2.85523e-05 3.62238e-05 -8.54529e-05 -9.04724e-05 2.30412e-05 7.4816e-05 -0.000157333 9.63896e-05 -4.5809e-05 
3.69386e-05 1.65002e-05 2.62024e-05 -1.23165e-05 -6.83135e-05 -2.85523e-05 7.75156e-05 -4.24168e-05 0.000144614 4.83749e-05 -0.000116287 -0.00012817 0.000283321 -4.52036e-05 0.000126276 
-1.67137e-05 -4.39112e-06 -6.00766e-05 -3.7002e-07 -3.94681e-06 3.62238e-05 -4.24168e-05 7.83233e-05 -9.78231e-05 -0.000139239 -3.11129e-05 0.000134127 -0.000237004 0.00013126 -7.32408e-05 
0.000703206 -0.000381781 4.86764e-05 0.000269333 -0.00129832 -8.54529e-05 0.000144614 -9.78231e-05 0.00178933 0.000231585 -0.00189043 0.000471605 0.000976782 -0.000963241 6.91708e-05 
3.13791e-05 0.000143131 0.000155376 3.40245e-05 -2.12404e-05 -9.04724e-05 4.83749e-05 -0.000139239 0.000231585 0.000822446 -8.97605e-05 -0.000380252 0.00051828 -6.7104e-05 6.73568e-05 
-0.000798579 0.000414656 0.000132088 -0.000301241 0.00159711 2.30412e-05 -0.000116287 -3.11129e-05 -0.00189043 -8.97605e-05 0.00249944 -0.000778287 -0.00090901 0.000815557 0.000139064 
0.00029664 -0.000337505 -0.000197923 0.000179286 -0.000578583 7.4816e-05 -0.00012817 0.000134127 0.000471605 -0.000380252 -0.000778287 0.000832966 -0.000419984 -0.000402744 -0.000387038 
0.000294876 -1.70766e-05 0.000148565 5.11692e-05 -0.000529787 -0.000157333 0.000283321 -0.000237004 0.000976782 0.00051828 -0.00090901 -0.000419984 0.00153818 -0.000531647 0.000317877 
-0.00041806 0.000394877 -7.73468e-06 -0.000233398 0.000678137 9.63896e-05 -4.52036e-05 0.00013126 -0.000963241 -6.7104e-05 0.000815557 -0.000402744 -0.000531647 0.00106555 0.000106752 
-4.50508e-05 0.000111989 0.000141611 -7.97216e-05 9.27702e-05 -4.5809e-05 0.000126276 -7.32408e-05 6.91708e-05 6.73568e-05 0.000139064 -0.000387038 0.000317877 0.000106752 0.000400438 
WEIGHT 0.00778108
ESPERANCE 0.273883 0.234226 0.110096 0.108975 0.20273 0.359123 0.272655 0.494603 0.189199 0.234883 0.216197 0.398952 0.257649 0.241174 0.248984
COVARIANCE_MATRIX
0.000438632 -0.000217142 0.000240794 -8.02851e-06 -0.000377128 0.000143745 0.000136616 -7.52926e-05 0.000732677 -0.0002027 -0.000508101 -0.000134856 0.000726584 3.61473e-05 -9.43606e-05 
-0.000217142 0.000176814 -6.26589e-05 -1.32078e-05 0.000187716 -0.000111693 -0.00010971 8.05549e-05 -0.000412154 0.000138533 0.000272736 0.000137119 -0.000386062 -0.000113198 -5.8344e-05 
0.000240794 -6.26589e-05 0.000296977 -6.27938e-05 -0.000192279 8.59924e-05 0.000138998 -3.63733e-05 0.000335088 -7.94727e-05 -0.000117982 -4.60284e-05 0.000331152 1.29238e-05 2.26343e-05 
-8.02851e-06 -1.32078e-05 -6.27938e-05 8.17393e-05 -6.946e-05 -5.37964e-05 -3.57926e-05 -4.62548e-06 5.06114e-05 3.72594e-05 -8.89519e-05 -6.5635e-05 3.32922e-05 6.58768e-06 -4.00511e-05 
-0.000377128 0.000187716 -0.000192279 -6.946e-05 0.000705239 2.43748e-06 -0.000286546 8.281e-05 -0.000727708 0.000180607 0.000700952 0.000282471 -0.000754992 4.4952e-07 -8.21377e-05 
0.000143745 -0.000111693 8.59924e-05 -5.37964e-05 2.43748e-06 0.000181182 7.32215e-05 -4.80669e-05 0.000172473 -8.28149e-05 -0.000106778 4.00199e-05 0.00015128 0.000162635 2.77651e-05 
0.000136616 -0.00010971 0.000138998 -3.57926e-05 -0.000286546 7.32215e-05 0.000957738 -0.000378379 0.000452185 -0.000199622 3.32093e-05 -0.000428378 0.000466383 0.000134689 0.00133925 
-7.52926e-05 8.05549e-05 -3.63733e-05 -4.62548e-06 8.281e-05 -4.80669e-05 -0.000378379 0.000254309 -0.00037919 9.92775e-05 -9.70978e-05 0.000276403 -0.000245703 -0.000124487 -0.000620238 
0.000732677 -0.000412154 0.000335088 5.06114e-05 -0.000727708 0.000172473 0.000452185 -0.00037919 0.00173422 -0.000438971 -0.000729234 -0.000583631 0.00141231 9.86766e-05 0.000390806 
-0.0002027 0.000138533 -7.94727e-05 3.72594e-05 0.000180607 -8.28149e-05 -0.000199622 9.92775e-05 -0.000438971 0.000273826 0.000187145 7.54716e-05 -0.000420193 8.92527e-05 -0.000191295 
-0.000508101 0.000272736 -0.000117982 -8.89519e-05 0.000700952 -0.000106778 3.32093e-05 -9.70978e-05 -0.000729234 0.000187145 0.00121727 9.06577e-06 -0.000921325 2.00098e-05 0.000583432 
-0.000134856 0.000137119 -4.60284e-05 -6.5635e-05 0.000282471 4.00199e-05 -0.000428378 0.000276403 -0.000583631 7.54716e-05 9.06577e-06 0.000587893 -0.000441896 -0.000223164 -0.000686427 
0.000726584 -0.000386062 0.000331152 3.32922e-05 -0.000754992 0.00015128 0.000466383 -0.000245703 0.00141231 -0.000420193 -0.000921325 -0.000441896 0.00156027 -6.6712e-05 0.000163125 
3.61473e-05 -0.000113198 1.29238e-05 6.58768e-06 4.4952e-07 0.000162635 0.000134689 -0.000124487 9.86766e-05 8.92527e-05 2.00098e-05 -0.000223164 -6.6712e-05 0.000654573 0.000217519 
-9.43606e-05 -5.8344e-05 2.26343e-05 -4.00511e-05 -8.21377e-05 2.77651e-05 0.00133925 -0.000620238 0.000390806 -0.000191295 0.000583432 -0.000686427 0.000163125 0.000217519 0.00242016 
WEIGHT 0.00801626
ESPERANCE 0.34546 0.176135 0.137089 0.196707 0.243652 0.500426 0.326249 0.455672 0.209093 0.186475 0.243088 0.511761 0.328438 0.299589 0.264714
COVARIANCE_MATRIX
0.000296933 -0.000350323 -2.32611e-05 0.000483751 -0.00035166 0.000318116 0.000289405 -0.00022062 0.000430564 -0.000156725 -0.000398092 0.000178297 0.000613823 -1.96533e-05 0.000164275 
-0.000350323 0.000665727 0.000232285 -0.0010016 0.000231372 -0.000783366 -0.000294956 0.000385723 -0.000262494 0.000242595 0.000191446 -0.000558445 -0.000553113 -0.000336245 -0.000126618 
-2.32611e-05 0.000232285 0.000242179 -0.00039421 -0.000159044 -0.000338187 2.05151e-05 0.000122634 0.00017185 2.34807e-05 -0.000116573 -0.000319998 5.27035e-05 -0.000227391 8.6938e-05 
0.000483751 -0.0010016 -0.00039421 0.00179241 -0.000223577 0.0013792 0.000359055 -0.000604773 0.000176523 -0.0003358 5.40936e-05 0.00112624 0.00049301 0.000658002 0.000205205 
-0.00035166 0.000231372 -0.000159044 -0.000223577 0.000638967 -5.55079e-05 -0.000486573 0.000169155 -0.000682862 0.000170665 0.000754977 9.91411e-05 -0.000920155 0.000291311 -0.000399714 
0.000318116 -0.000783366 -0.000338187 0.0013792 -5.55079e-05 0.00114798 0.000178941 -0.000450425 -1.34578e-05 -0.000296809 0.000197581 0.00095719 0.000188524 0.00067331 6.17871e-05 
0.000289405 -0.000294956 2.05151e-05 0.000359055 -0.000486573 0.000178941 0.000580271 -0.000246793 0.000472867 -0.000168932 -0.000551104 -7.06328e-05 0.000903534 -0.000167245 0.000615702 
-0.00022062 0.000385723 0.000122634 -0.000604773 0.000169155 -0.000450425 -0.000246793 0.000265496 -0.000205675 0.000133472 0.000110343 -0.000274694 -0.000419253 -0.000153306 -0.00020347 
0.000430564 -0.000262494 0.00017185 0.000176523 -0.000682862 -1.34578e-05 0.000472867 -0.000205675 0.000975397 -0.000160855 -0.000898733 -0.000232671 0.00117564 -0.000421759 0.000332816 
-0.000156725 0.000242595 2.34807e-05 -0.0003358 0.000170665 -0.000296809 -0.000168932 0.000133472 -0.000160855 0.000306731 0.000117935 -0.000249524 -0.000289489 -3.68313e-05 -0.000131709 
-0.000398092 0.000191446 -0.000116573 5.40936e-05 0.000754977 0.000197581 -0.000551104 0.000110343 -0.000898733 0.000117935 0.00133999 0.000289577 -0.00127877 0.000584154 -0.000290341 
0.000178297 -0.000558445 -0.000319998 0.00112624 9.91411e-05 0.00095719 -7.06328e-05 -0.000274694 -0.000232671 -0.000249524 0.000289577 0.00105651 -0.00024137 0.000544676 -0.000234778 
0.000613823 -0.000553113 5.27035e-05 0.00049301 -0.000920155 0.000188524 0.000903534 -0.000419253 0.00117564 -0.000289489 -0.00127877 -0.00024137 0.00188902 -0.000489448 0.000719971 
-1.96533e-05 -0.000336245 -0.000227391 0.000658002 0.000291311 0.00067331 -0.000167245 -0.000153306 -0.000421759 -3.68313e-05 0.000584154 0.000544676 -0.000489448 0.000791261 -0.000156252 
0.000164275 -0.000126618 8.6938e-05 0.000205205 -0.000399714 6.17871e-05 0.000615702 -0.00020347 0.000332816 -0.000131709 -0.000290341 -0.000234778 0.000719971 -0.000156252 0.000953408 
WEIGHT 0.0090837
ESPERANCE 0.336021 0.131459 0.0817956 0.174714 0.231707 0.363222 0.357657 0.442295 0.213638 0.206767 0.302005 0.344477 0.278077 0.295306 0.330747
COVARIANCE_MATRIX
0.00196099 -0.00126743 -0.000323364 0.000820334 -0.000843355 0.001253 -7.19758e-05 9.97943e-05 0.0017953 -0.000311792 -0.00148225 0.00127951 0.00130916 -9.52504e-06 -0.000238676 
-0.00126743 0.00144028 -3.27376e-05 -0.000605025 -0.000160504 -0.00115656 -0.000360533 0.000285508 -0.000905907 0.000425391 0.000237674 -0.000818864 -0.00108695 -0.000240888 -0.00013514 
-0.000323364 -3.27376e-05 0.00090032 -0.000394872 0.000237824 -0.000790219 0.000546254 -0.000314712 -1.34632e-05 0.000228697 0.000354994 -0.000652466 -0.000245272 -0.000162605 0.0003615 
0.000820334 -0.000605025 -0.000394872 0.000710761 -0.000153869 0.000991532 -0.000170607 0.000109439 0.000442007 -0.000201642 -0.00029116 0.000853814 0.000535187 0.000224054 -0.000130029 
-0.000843355 -0.000160504 0.000237824 -0.000153869 0.00260696 0.000814671 0.000601552 -0.000635901 -0.00181645 -0.000104365 0.00266595 -0.000413852 0.000278453 0.000881894 0.000491961 
0.001253 -0.00115656 -0.000790219 0.000991532 0.000814671 0.00293819 -0.000161443 -8.18651e-05 -0.000118535 -0.000521152 0.000476917 0.00155543 0.00126897 0.00139558 -0.000191615 
-7.19758e-05 -0.000360533 0.000546254 -0.000170607 0.000601552 -0.000161443 0.00142919 -0.000834762 3.23156e-05 0.000172472 0.000494216 -0.000657739 0.000523317 0.000373604 0.000963138 
9.97943e-05 0.000285508 -0.000314712 0.000109439 -0.000635901 -8.18651e-05 -0.000834762 0.000754156 -0.000119767 -0.00016693 -0.000529714 0.000442842 -0.000492762 -0.000263203 -0.000450588 
0.0017953 -0.000905907 -1.34632e-05 0.000442007 -0.00181645 -0.000118535 3.23156e-05 -0.000119767 0.0032581 -8.56194e-05 -0.00269563 0.000594425 0.00134196 -0.000886261 -0.000298137 
-0.000311792 0.000425391 0.000228697 -0.000201642 -0.000104365 -0.000521152 0.000172472 -0.00016693 -8.56194e-05 0.00104046 -0.00028939 -0.000594018 -0.000254038 0.000132928 0.000155693 
-0.00148225 0.000237674 0.000354994 -0.00029116 0.00266595 0.000476917 0.000494216 -0.000529714 -0.00269563 -0.00028939 0.0038217 -0.000724607 -0.000871697 0.000775833 0.000649441 
0.00127951 -0.000818864 -0.000652466 0.000853814 -0.000413852 0.00155543 -0.000657739 0.000442842 0.000594425 -0.000594018 -0.000724607 0.00187956 0.000418194 0.000118234 -0.000500132 
0.00130916 -0.00108695 -0.000245272 0.000535187 0.000278453 0.00126897 0.000523317 -0.000492762 0.00134196 -0.000254038 -0.000871697 0.000418194 0.00272643 0.000210348 -0.000146879 
-9.52504e-06 -0.000240888 -0.000162605 0.000224054 0.000881894 0.00139558 0.000373604 -0.000263203 -0.000886261 0.000132928 0.000775833 0.000118234 0.000210348 0.00201646 1.11921e-05 
-0.000238676 -0.00013514 0.0003615 -0.000130029 0.000491961 -0.000191615 0.000963138 -0.000450588 -0.000298137 0.000155693 0.000649441 -0.000500132 -0.000146879 1.11921e-05 0.0013858 
WEIGHT 0.0123661
ESPERANCE 0.339119 0.184077 0.135678 0.17333 0.251194 0.475649 0.344366 0.443915 0.22358 0.205691 0.252797 0.451726 0.352276 0.303148 0.298469
COVARIANCE_MATRIX
0.000534837 -0.000300019 0.000217007 0.000110068 -0.000758609 -3.29057e-05 0.000374945 -0.000104753 0.000928542 -0.000239584 -0.000909735 -0.00023393 0.000895537 -0.00018893 1.28074e-05 
-0.000300019 0.000346543 1.77548e-05 -4.44391e-05 0.000315262 -8.22187e-05 -0.00020934 0.000125202 -0.000501441 0.000171291 0.000600468 0.000207112 -0.000683379 -5.10695e-05 6.51275e-05 
0.000217007 1.77548e-05 0.000381158 4.23694e-06 -0.000484776 -5.67066e-05 6.25517e-05 7.19791e-05 0.000346904 -7.56476e-05 -0.000178583 -3.373e-05 5.24058e-05 -7.53174e-05 -1.40366e-05 
0.000110068 -4.44391e-05 4.23694e-06 0.000131024 -0.000165401 -3.91673e-05 4.10599e-05 1.34202e-05 0.000158262 4.33021e-05 -0.000241965 3.7391e-05 9.28587e-05 -9.28355e-05 -4.9145e-05 
-0.000758609 0.000315262 -0.000484776 -0.000165401 0.00132151 9.11595e-05 -0.000656827 8.00174e-05 -0.0012256 0.000299905 0.00134311 0.00028212 -0.00114151 0.00028078 -0.000172565 
