DESCRIPTOR_NAME Steinhardt
FILTER_TYPE element
NUMBER_OF_DIMENSION 15
CUTOFF_RADIUS 4.000000
STEINHARDT_STYLE Mono
AVE_STYLE none
STEINHARDT_MODE Full
FILTER_VALUE Au
NUMBER_OF_CLUSTER 15
WEIGHT 0.0113318
ESPERANCE 0.386732 0.161872 0.152725 0.166936 0.277623 0.367624 0.41017 0.425179 0.241759 0.271445 0.331984 0.340739 0.306431 0.322106 0.35135
COVARIANCE_MATRIX
0.00147578 -0.000518486 0.000554841 -0.000683288 -0.000231551 0.00106487 2.38908e-05 0.000140185 0.00129364 -0.000700544 -0.000183197 0.000508626 0.000959484 0.000170665 -0.000151041 
-0.000518486 0.000968799 -0.000317212 -7.38377e-05 0.000609909 0.000268147 8.6645e-05 -0.000345361 -0.000694534 0.000964731 0.000338714 -0.000172258 -6.49671e-05 0.000244048 0.000162776 
0.000554841 -0.000317212 0.000891637 -0.000256581 9.41358e-05 0.000421439 0.000251186 1.37993e-05 0.000689833 -0.000348789 0.000137506 6.30095e-05 0.000711783 0.000199784 1.17941e-05 
-0.000683288 -7.38377e-05 -0.000256581 0.00117074 0.000122939 -0.000350087 -0.000301807 0.000148264 -0.000333475 2.98732e-07 -0.000153158 0.000365407 -0.00025714 -0.000161837 -0.00018001 
-0.000231551 0.000609909 9.41358e-05 0.000122939 0.00242267 0.00219713 0.000235887 -0.000651955 -0.000442922 0.000728612 0.000859066 0.00063598 0.00163435 0.00122879 8.16158e-05 
0.00106487 0.000268147 0.000421439 -0.000350087 0.00219713 0.00498489 6.26704e-05 -0.0010313 0.00090888 0.000135637 0.000373176 0.00181309 0.00302764 0.00240165 -0.000473051 
2.38908e-05 8.6645e-05 0.000251186 -0.000301807 0.000235887 6.26704e-05 0.00152113 -0.00091752 -2.38591e-05 0.000187967 0.000220168 -0.000580427 0.000711756 0.000598943 0.000683107 
0.000140185 -0.000345361 1.37993e-05 0.000148264 -0.000651955 -0.0010313 -0.00091752 0.00135123 -0.000234869 -0.000607763 -0.000194162 0.000102621 -0.000886161 -0.000871786 -0.000141029 
0.00129364 -0.000694534 0.000689833 -0.000333475 -0.000442922 0.00090888 -2.38591e-05 -0.000234869 0.0027635 -0.0012246 -0.000752333 0.00028965 0.00149593 0.00035002 -0.000450029 
-0.000700544 0.000964731 -0.000348789 2.98732e-07 0.000728612 0.000135637 0.000187967 -0.000607763 -0.0012246 0.00207861 0.000192968 -0.000564062 -0.000361561 0.000481449 0.000300971 
-0.000183197 0.000338714 0.000137506 -0.000153158 0.000859066 0.000373176 0.000220168 -0.000194162 -0.000752333 0.000192968 0.00142556 -0.000114561 -0.000234802 -1.50829e-05 0.000345248 
0.000508626 -0.000172258 6.30095e-05 0.000365407 0.00063598 0.00181309 -0.000580427 0.000102621 0.00028965 -0.000564062 -0.000114561 0.00215041 0.000662349 7.12228e-05 -0.000607845 
0.000959484 -6.49671e-05 0.000711783 -0.00025714 0.00163435 0.00302764 0.000711756 -0.000886161 0.00149593 -0.000361561 -0.000234802 0.000662349 0.00409081 0.00148163 -0.000436622 
0.000170665 0.000244048 0.000199784 -0.000161837 0.00122879 0.00240165 0.000598943 -0.000871786 0.00035002 0.000481449 -1.50829e-05 7.12228e-05 0.00148163 0.00270998 -0.000170365 
-0.000151041 0.000162776 1.17941e-05 -0.00018001 8.16158e-05 -0.000473051 0.000683107 -0.000141029 -0.000450029 0.000300971 0.000345248 -0.000607845 -0.000436622 -0.000170365 0.00137543 
WEIGHT 0.0114588
ESPERANCE 0.122138 0.122678 0.0942843 0.197813 0.0549366 0.561614 0.183408 0.407145 0.135927 0.110541 0.0906232 0.544538 0.255569 0.30779 0.17218
COVARIANCE_MATRIX
0.000102911 1.85839e-05 -1.98904e-05 -2.10979e-05 6.63262e-05 -6.87745e-05 0.000271041 -0.000105331 0.000228941 6.75195e-05 0.000160617 -0.000243976 0.000463381 -0.00017974 0.000282163 
1.85839e-05 2.43059e-05 -5.32395e-06 -1.14249e-05 1.19754e-05 -1.63443e-05 5.71572e-05 -2.01039e-05 4.3122e-05 5.55968e-05 2.78124e-05 -6.404e-05 9.13981e-05 -1.88241e-05 6.1889e-05 
-1.98904e-05 -5.32395e-06 1.7938e-05 1.29972e-06 -2.62301e-05 1.10876e-05 -2.91598e-05 1.0725e-05 -3.54571e-05 -1.28411e-05 -4.90574e-06 3.43556e-05 -6.62992e-05 2.29244e-05 -2.73919e-05 
-2.10979e-05 -1.14249e-05 1.29972e-06 1.44673e-05 -1.39834e-05 1.26637e-05 -6.4705e-05 3.07435e-05 -5.40745e-05 -3.2102e-05 -3.71433e-05 6.13219e-05 -0.000109371 3.32351e-05 -6.3427e-05 
6.63262e-05 1.19754e-05 -2.62301e-05 -1.39834e-05 0.000187311 -6.26034e-05 0.00017314 -9.17223e-05 0.000202701 0.000125072 0.000282479 -0.000244707 0.00032779 -0.000103456 0.000225493 
-6.87745e-05 -1.63443e-05 1.10876e-05 1.26637e-05 -6.26034e-05 5.63422e-05 -0.000196017 7.461e-05 -0.000164971 -6.58849e-05 -0.000154861 0.00019116 -0.00032616 0.000124561 -0.000218042 
0.000271041 5.71572e-05 -2.91598e-05 -6.4705e-05 0.00017314 -0.000196017 0.000784959 -0.000304464 0.000636242 0.00021145 0.000525698 -0.000706247 0.00130341 -0.000502303 0.000831841 
-0.000105331 -2.01039e-05 1.0725e-05 3.07435e-05 -9.17223e-05 7.461e-05 -0.000304464 0.000133589 -0.000264582 -0.00010261 -0.00023004 0.000289803 -0.000514963 0.000192793 -0.000328001 
0.000228941 4.3122e-05 -3.54571e-05 -5.40745e-05 0.000202701 -0.000164971 0.000636242 -0.000264582 0.000563315 0.000207123 0.000469999 -0.000610365 0.00109114 -0.000412287 0.000694498 
6.75195e-05 5.55968e-05 -1.28411e-05 -3.2102e-05 0.000125072 -6.58849e-05 0.00021145 -0.00010261 0.000207123 0.000259738 0.000246936 -0.000287774 0.000361162 -7.0202e-05 0.00027575 
0.000160617 2.78124e-05 -4.90574e-06 -3.71433e-05 0.000282479 -0.000154861 0.000525698 -0.00023004 0.000469999 0.000246936 0.000693511 -0.000587351 0.000871165 -0.000306239 0.000651923 
-0.000243976 -6.404e-05 3.43556e-05 6.13219e-05 -0.000244707 0.00019116 -0.000706247 0.000289803 -0.000610365 -0.000287774 -0.000587351 0.000710165 -0.00118942 0.000427765 -0.000788516 
0.000463381 9.13981e-05 -6.62992e-05 -0.000109371 0.00032779 -0.00032616 0.00130341 -0.000514963 0.00109114 0.000361162 0.000871165 -0.00118942 0.00221879 -0.000843783 0.00137923 
-0.00017974 -1.88241e-05 2.29244e-05 3.32351e-05 -0.000103456 0.000124561 -0.000502303 0.000192793 -0.000412287 -7.0202e-05 -0.000306239 0.000427765 -0.000843783 0.000359127 -0.000523536 
0.000282163 6.1889e-05 -2.73919e-05 -6.3427e-05 0.000225493 -0.000218042 0.000831841 -0.000328001 0.000694498 0.00027575 0.000651923 -0.000788516 0.00137923 -0.000523536 0.0009394 
WEIGHT 0.0146095
ESPERANCE 0.13021 0.12216 0.108922 0.107496 0.143862 0.433363 0.252547 0.405297 0.17458 0.163839 0.214705 0.385992 0.253357 0.268449 0.268069
COVARIANCE_MATRIX
0.000878346 -8.18388e-05 5.99681e-05 -0.000230736 -0.000312617 -0.000297468 -0.000319106 0.00043321 0.000361278 -6.28668e-05 -0.000451995 -7.47585e-06 -0.00011553 -0.000126266 -0.000157613 
-8.18388e-05 0.000581362 4.87557e-05 -8.60268e-05 -0.00012817 0.000253007 -0.000182551 8.00428e-05 4.73511e-05 0.000267947 -0.000153732 0.000127607 7.19758e-05 0.000186392 -0.00013654 
5.99681e-05 4.87557e-05 0.000246881 -0.000203378 -0.000154802 -0.000193786 -1.83875e-05 0.000116889 -1.13584e-05 2.80097e-05 6.42076e-05 -8.65709e-05 -0.000124558 -0.00014537 6.5718e-06 
-0.000230736 -8.60268e-05 -0.000203378 0.0014505 -0.000187695 0.00169109 -0.000966558 -0.00011537 -0.000280495 -3.65589e-05 -0.000423624 0.00148923 0.000104805 0.000724121 -0.000724685 
-0.000312617 -0.00012817 -0.000154802 -0.000187695 0.000842808 -0.000351006 0.000741881 -0.000453102 0.000118357 -1.52612e-05 0.000737049 -0.000788444 0.000628082 -0.000214637 0.000464751 
-0.000297468 0.000253007 -0.000193786 0.00169109 -0.000351006 0.00305622 -0.00181748 -2.24685e-06 -0.000475109 -6.88613e-05 -0.00095571 0.00260932 0.000218595 0.00140988 -0.00133414 
-0.000319106 -0.000182551 -1.83875e-05 -0.000966558 0.000741881 -0.00181748 0.00234271 -0.000782073 0.000389595 8.28996e-05 0.00130796 -0.00242402 0.000916691 -0.000686498 0.00146861 
0.00043321 8.00428e-05 0.000116889 -0.00011537 -0.000453102 -2.24685e-06 -0.000782073 0.000744798 -0.000234442 -0.000131217 -0.000596909 0.000586502 -0.000621552 -7.76841e-05 -0.000325119 
0.000361278 4.73511e-05 -1.13584e-05 -0.000280495 0.000118357 -0.000475109 0.000389595 -0.000234442 0.000921235 3.35248e-05 4.31661e-05 -0.000760422 0.000541926 -0.000120586 0.000214994 
-6.28668e-05 0.000267947 2.80097e-05 -3.65589e-05 -1.52612e-05 -6.88613e-05 8.28996e-05 -0.000131217 3.35248e-05 0.000741587 -5.62945e-05 -0.000340757 4.56592e-05 0.000256334 -4.54248e-05 
-0.000451995 -0.000153732 6.42076e-05 -0.000423624 0.000737049 -0.00095571 0.00130796 -0.000596909 4.31661e-05 -5.62945e-05 0.00167175 -0.00146708 0.000312164 -0.000535089 0.000902157 
-7.47585e-06 0.000127607 -8.65709e-05 0.00148923 -0.000788444 0.00260932 -0.00242402 0.000586502 -0.000760422 -0.000340757 -0.00146708 0.00339769 -0.000946616 0.000747686 -0.00152124 
-0.00011553 7.19758e-05 -0.000124558 0.000104805 0.000628082 0.000218595 0.000916691 -0.000621552 0.000541926 4.56592e-05 0.000312164 -0.000946616 0.00220289 1.27598e-05 0.000328325 
-0.000126266 0.000186392 -0.00014537 0.000724121 -0.000214637 0.00140988 -0.000686498 -7.76841e-05 -0.000120586 0.000256334 -0.000535089 0.000747686 1.27598e-05 0.00170654 -0.000874376 
-0.000157613 -0.00013654 6.5718e-06 -0.000724685 0.000464751 -0.00133414 0.00146861 -0.000325119 0.000214994 -4.54248e-05 0.000902157 -0.00152124 0.000328325 -0.000874376 0.00153749 
WEIGHT 0.0153082
ESPERANCE 0.410284 0.131104 0.157558 0.15193 0.218623 0.288678 0.366812 0.492644 0.214031 0.228852 0.330951 0.387379 0.170289 0.213548 0.338449
COVARIANCE_MATRIX
0.000421768 -0.000100839 0.000300405 -0.000443713 0.000140027 0.000360202 0.000134201 -5.10727e-05 0.000466568 -0.000294319 0.000121252 0.000177325 0.000429778 -7.04582e-05 1.73712e-05 
-0.000100839 0.000114372 -5.02507e-07 4.42858e-06 6.69247e-05 -4.97173e-05 6.94151e-05 -3.41294e-05 -0.000210395 0.000204108 9.99803e-05 -0.000139182 -0.000190043 0.000183224 0.000126319 
0.000300405 -5.02507e-07 0.000327657 -0.000414167 0.000150333 0.000297478 0.000228826 -8.89509e-05 0.000209606 -8.66564e-05 0.000230193 2.44539e-05 0.000235283 9.5575e-05 0.00017155 
-0.000443713 4.42858e-06 -0.000414167 0.000645964 -0.000308234 -0.000477248 -0.00039701 0.000156735 -0.000299386 0.000151365 -0.000344672 -4.18453e-05 -0.000326907 -0.000172727 -0.000331938 
0.000140027 6.69247e-05 0.000150333 -0.000308234 0.000292147 0.0002179 0.000265861 -0.000130568 -2.61331e-05 0.00010962 0.000252027 -9.27617e-05 5.64238e-05 0.000237134 0.000275109 
0.000360202 -4.97173e-05 0.000297478 -0.000477248 0.0002179 0.000426342 0.000351401 -0.00015945 0.000230253 -0.000137052 0.000216485 0.000103138 0.000295957 0.000146113 0.000257632 
0.000134201 6.94151e-05 0.000228826 -0.00039701 0.000265861 0.000351401 0.000676376 -0.00029171 -0.00026248 0.00017208 0.000351169 -0.000141246 4.49377e-05 0.000392021 0.000704156 
-5.10727e-05 -3.41294e-05 -8.89509e-05 0.000156735 -0.000130568 -0.00015945 -0.00029171 0.000158127 0.000110721 -0.000120307 -0.000144964 8.12272e-05 -7.05709e-05 -0.000214958 -0.000284976 
0.000466568 -0.000210395 0.000209606 -0.000299386 -2.61331e-05 0.000230253 -0.00026248 0.000110721 0.000889369 -0.00056776 -0.000129861 0.000294924 0.00067687 -0.00037172 -0.000429188 
-0.000294319 0.000204108 -8.66564e-05 0.000151365 0.00010962 -0.000137052 0.00017208 -0.000120307 -0.00056776 0.000569589 0.000129967 -0.000328865 -0.000360496 0.00043683 0.00026864 
0.000121252 9.99803e-05 0.000230193 -0.000344672 0.000252027 0.000216485 0.000351169 -0.000144964 -0.000129861 0.000129967 0.000357981 -0.00013733 -4.21061e-05 0.000256716 0.000386066 
0.000177325 -0.000139182 2.44539e-05 -4.18453e-05 -9.27617e-05 0.000103138 -0.000141246 8.12272e-05 0.000294924 -0.000328865 -0.00013733 0.00033808 0.000123345 -0.00030238 -0.000245604 
0.000429778 -0.000190043 0.000235283 -0.000326907 5.64238e-05 0.000295957 4.49377e-05 -7.05709e-05 0.00067687 -0.000360496 -4.21061e-05 0.000123345 0.000941754 -0.000221612 -0.000125358 
-7.04582e-05 0.000183224 9.5575e-05 -0.000172727 0.000237134 0.000146113 0.000392021 -0.000214958 -0.00037172 0.00043683 0.000256716 -0.00030238 -0.000221612 0.000705811 0.000440433 
1.73712e-05 0.000126319 0.00017155 -0.000331938 0.000275109 0.000257632 0.000704156 -0.000284976 -0.000429188 0.00026864 0.000386066 -0.000245604 -0.000125358 0.000440433 0.000829733 
WEIGHT 0.0129836
ESPERANCE 0.162947 0.135585 0.100073 0.149156 0.107881 0.49391 0.263427 0.383912 0.214132 0.147349 0.172792 0.419208 0.348399 0.2553 0.25567
COVARIANCE_MATRIX
0.000573803 -0.000265067 4.43943e-05 -0.000253572 -5.92244e-06 -0.000334899 7.52694e-05 4.8492e-06 0.000565599 -0.000192276 -4.49705e-05 -0.000519427 0.000269659 -0.000146904 -2.02377e-05 
-0.000265067 0.000640363 -9.67627e-06 -0.00040077 0.000128565 -0.000330313 0.000182348 9.91659e-05 -0.000177029 0.000324847 -5.5331e-05 -4.42206e-05 -0.000149974 -0.000364153 0.00019688 
4.43943e-05 -9.67627e-06 0.000147261 -0.000218399 -2.55239e-05 -0.00016786 -0.000110809 0.000134462 -1.40129e-05 1.02182e-06 5.94358e-05 -7.62001e-05 -0.000221218 5.63914e-07 -7.80724e-05 
-0.000253572 -0.00040077 -0.000218399 0.00130972 -0.000284992 0.00109262 1.76036e-05 -0.000520287 -9.29055e-05 -0.000109938 -6.40856e-05 0.000736842 0.00057893 0.000374856 -6.07527e-05 
-5.92244e-06 0.000128565 -2.55239e-05 -0.000284992 0.000426145 -0.000366529 0.000190445 4.84033e-05 3.85449e-06 5.81336e-05 0.000425036 -0.000454562 -6.71465e-06 -0.000106835 0.00015445 
-0.000334899 -0.000330313 -0.00016786 0.00109262 -0.000366529 0.00114221 -0.000217624 -0.000415746 -0.000224659 -5.94654e-05 -0.000269503 0.000953015 0.000280057 0.000469851 -0.000208998 
7.52694e-05 0.000182348 -0.000110809 1.76036e-05 0.000190445 -0.000217624 0.000891438 -0.000423021 0.000350436 -2.78667e-05 0.000263322 -0.00057825 0.000860373 -0.000470974 0.000565359 
4.8492e-06 9.91659e-05 0.000134462 -0.000520287 4.84033e-05 -0.000415746 -0.000423021 0.000551619 -0.000298097 2.61746e-06 -3.43111e-05 -2.85115e-05 -0.000717687 6.99765e-05 -0.00021342 
0.000565599 -0.000177029 -1.40129e-05 -9.29055e-05 3.85449e-06 -0.000224659 0.000350436 -0.000298097 0.000864359 -0.000176909 -0.000112893 -0.000559246 0.000714352 -0.000356169 0.000145436 
-0.000192276 0.000324847 1.02182e-06 -0.000109938 5.81336e-05 -5.94654e-05 -2.78667e-05 2.61746e-06 -0.000176909 0.00068747 8.35723e-06 -0.000108621 -0.000286013 0.000183837 0.000126787 
-4.49705e-05 -5.5331e-05 5.94358e-05 -6.40856e-05 0.000425036 -0.000269503 0.000263322 -3.43111e-05 -0.000112893 8.35723e-06 0.00100016 -0.000543716 -9.41373e-05 9.99882e-05 0.00022927 
-0.000519427 -4.42206e-05 -7.62001e-05 0.000736842 -0.000454562 0.000953015 -0.00057825 -2.85115e-05 -0.000559246 -0.000108621 -0.000543716 0.00138899 -0.000326705 0.000280549 -0.000456745 
0.000269659 -0.000149974 -0.000221218 0.00057893 -6.71465e-06 0.000280057 0.000860373 -0.000717687 0.000714352 -0.000286013 -9.41373e-05 -0.000326705 0.00158697 -0.000559307 0.000391333 
-0.000146904 -0.000364153 5.63914e-07 0.000374856 -0.000106835 0.000469851 -0.000470974 6.99765e-05 -0.000356169 0.000183837 9.99882e-05 0.000280549 -0.000559307 0.00099199 -0.000282962 
-2.02377e-05 0.00019688 -7.80724e-05 -6.07527e-05 0.00015445 -0.000208998 0.000565359 -0.00021342 0.000145436 0.000126787 0.00022927 -0.000456745 0.000391333 -0.000282962 0.000627627 
WEIGHT 0.0101244
ESPERANCE 0.443221 0.187889 0.153806 0.134643 0.30119 0.48363 0.378712 0.450023 0.236041 0.24291 0.364808 0.441749 0.29702 0.341649 0.325309
COVARIANCE_MATRIX
0.000397878 -8.25992e-05 0.000119639 -4.47798e-05 -0.000465402 7.72543e-06 -2.52314e-05 3.36926e-05 0.000962603 -0.000663675 -0.000385607 0.000339025 0.000309782 -0.000408518 -8.07887e-05 
-8.25992e-05 0.000243025 -5.39332e-07 1.76059e-05 0.000133464 -0.00012175 -0.000125741 0.000114968 -0.000174849 0.000159855 0.000190677 7.62458e-05 -0.000360289 -0.000120635 -3.50736e-05 
0.000119639 -5.39332e-07 0.000132264 1.07996e-05 -0.000181427 -2.52871e-05 7.80594e-06 -2.2346e-05 0.000299498 -0.000109929 -4.17623e-05 4.95844e-05 8.18745e-05 -0.000178703 -1.02504e-05 
-4.47798e-05 1.76059e-05 1.07996e-05 0.000136455 2.49667e-05 -5.86994e-05 3.0525e-05 -3.86343e-05 -8.56834e-05 0.000209928 -5.80702e-06 -6.69903e-05 8.19947e-05 -6.71976e-05 8.21646e-07 
-0.000465402 0.000133464 -0.000181427 2.49667e-05 0.000636813 -5.19471e-05 -2.68895e-05 -4.86261e-06 -0.00105288 0.000708227 0.000525286 -0.000436963 -0.000360064 0.000435211 0.000100949 
7.72543e-06 -0.00012175 -2.52871e-05 -5.86994e-05 -5.19471e-05 0.0001409 2.33101e-05 -2.79557e-05 -8.074e-05 -6.13932e-05 -0.000107685 9.30745e-05 -4.78613e-06 0.000194905 -7.39397e-05 
-2.52314e-05 -0.000125741 7.80594e-06 3.0525e-05 -2.68895e-05 2.33101e-05 0.00019885 -0.000144738 -8.09606e-05 6.5471e-05 -2.18444e-05 -0.00022401 0.00033634 3.94182e-05 0.000159981 
3.36926e-05 0.000114968 -2.2346e-05 -3.86343e-05 -4.86261e-06 -2.79557e-05 -0.000144738 0.000194122 2.82974e-05 -0.000177239 3.40333e-05 0.000269418 -0.000391491 -5.30687e-05 -0.000107997 
0.000962603 -0.000174849 0.000299498 -8.56834e-05 -0.00105288 -8.074e-05 -8.09606e-05 2.82974e-05 0.00265009 -0.00155385 -0.000952964 0.000542147 0.00102501 -0.00105415 -2.48885e-05 
-0.000663675 0.000159855 -0.000109929 0.000209928 0.000708227 -6.13932e-05 6.5471e-05 -0.000177239 -0.00155385 0.00161968 0.000527241 -0.00083824 -0.000322127 0.000759431 0.000118017 
-0.000385607 0.000190677 -4.17623e-05 -5.80702e-06 0.000525286 -0.000107685 -2.18444e-05 3.40333e-05 -0.000952964 0.000527241 0.000781268 -0.000339306 -0.000586312 0.00018405 0.000128471 
0.000339025 7.62458e-05 4.95844e-05 -6.69903e-05 -0.000436963 9.30745e-05 -0.00022401 0.000269418 0.000542147 -0.00083824 -0.000339306 0.00110932 -0.000465026 -0.000516067 -0.000434128 
0.000309782 -0.000360289 8.18745e-05 8.19947e-05 -0.000360064 -4.78613e-06 0.00033634 -0.000391491 0.00102501 -0.000322127 -0.000586312 -0.000465026 0.00166932 -0.000322246 0.000176883 
-0.000408518 -0.000120635 -0.000178703 -6.71976e-05 0.000435211 0.000194905 3.94182e-05 -5.30687e-05 -0.00105415 0.000759431 0.00018405 -0.000516067 -0.000322246 0.00113813 6.59565e-05 
-8.07887e-05 -3.50736e-05 -1.02504e-05 8.21646e-07 0.000100949 -7.39397e-05 0.000159981 -0.000107997 -2.48885e-05 0.000118017 0.000128471 -0.000434128 0.000176883 6.59565e-05 0.000501841 
WEIGHT 0.0149317
ESPERANCE 0.452934 0.195786 0.148129 0.0572281 0.231754 0.398725 0.386487 0.479434 0.213283 0.247406 0.36145 0.409409 0.176325 0.292893 0.345153
COVARIANCE_MATRIX
7.33364e-05 -8.36602e-06 2.70112e-05 -4.0287e-05 -7.08955e-05 -1.8392e-06 -7.05613e-05 5.53513e-05 0.000186117 -0.000151305 -3.37629e-05 0.000112677 -6.29231e-06 -9.90432e-05 -0.000101799 
-8.36602e-06 5.84095e-05 1.92039e-05 -4.37397e-05 -1.34144e-06 -2.75078e-05 -1.00635e-05 1.87151e-05 -7.77785e-06 1.80245e-05 4.33537e-05 3.35107e-07 -0.000165461 1.1984e-05 2.49842e-05 
2.70112e-05 1.92039e-05 3.69407e-05 -3.12429e-05 -3.67198e-05 -1.02058e-05 -3.62822e-05 2.61669e-05 6.83335e-05 -3.77289e-05 3.87875e-06 3.73709e-05 -4.34035e-05 -2.29497e-05 -4.30295e-05 
-4.0287e-05 -4.37397e-05 -3.12429e-05 9.21156e-05 4.67448e-05 2.10758e-05 5.64003e-05 -6.51111e-05 -0.000103059 0.000108577 -2.86992e-05 -9.52398e-05 0.000208129 6.20603e-05 4.02207e-05 
-7.08955e-05 -1.34144e-06 -3.67198e-05 4.67448e-05 8.5163e-05 3.72162e-07 6.49402e-05 -5.35557e-05 -0.00017225 0.000148177 3.05659e-05 -0.000128635 4.31875e-05 9.24758e-05 9.74465e-05 
-1.8392e-06 -2.75078e-05 -1.02058e-05 2.10758e-05 3.72162e-07 2.01785e-05 1.26531e-05 -1.44622e-05 -2.06737e-05 3.65655e-07 -2.03705e-05 6.62059e-06 6.2376e-05 6.29314e-06 -7.02329e-06 
-7.05613e-05 -1.00635e-05 -3.62822e-05 5.64003e-05 6.49402e-05 1.26531e-05 8.9241e-05 -6.91404e-05 -0.000190263 0.000137477 2.10185e-05 -0.000105299 6.35404e-05 8.60064e-05 0.00010678 
5.53513e-05 1.87151e-05 2.61669e-05 -6.51111e-05 -5.35557e-05 -1.44622e-05 -6.91404e-05 6.95472e-05 0.000143399 -0.00012696 -2.58004e-06 0.000101282 -0.000128037 -7.56949e-05 -7.04645e-05 
0.000186117 -7.77785e-06 6.83335e-05 -0.000103059 -0.00017225 -2.06737e-05 -0.000190263 0.000143399 0.00051589 -0.000382901 -8.4186e-05 0.000262981 -1.83118e-06 -0.000260749 -0.00025507 
-0.000151305 1.80245e-05 -3.77289e-05 0.000108577 0.000148177 3.65655e-07 0.000137477 -0.00012696 -0.000382901 0.000370981 5.86423e-05 -0.000274795 9.27623e-05 0.000235282 0.000187243 
-3.37629e-05 4.33537e-05 3.87875e-06 -2.86992e-05 3.05659e-05 -2.03705e-05 2.10185e-05 -2.58004e-06 -8.4186e-05 5.86423e-05 6.51624e-05 -4.50279e-05 -0.000135554 3.86103e-05 6.32712e-05 
0.000112677 3.35107e-07 3.73709e-05 -9.52398e-05 -0.000128635 6.62059e-06 -0.000105299 0.000101282 0.000262981 -0.000274795 -4.50279e-05 0.000253852 -0.000165664 -0.000163827 -0.000148508 
-6.29231e-06 -0.000165461 -4.34035e-05 0.000208129 4.31875e-05 6.2376e-05 6.35404e-05 -0.000128037 -1.83118e-06 9.27623e-05 -0.000135554 -0.000165664 0.000793213 1.4661e-05 -4.72168e-05 
-9.90432e-05 1.1984e-05 -2.29497e-05 6.20603e-05 9.24758e-05 6.29314e-06 8.60064e-05 -7.56949e-05 -0.000260749 0.000235282 3.86103e-05 -0.000163827 1.4661e-05 0.000179232 0.000116565 
-0.000101799 2.49842e-05 -4.30295e-05 4.02207e-05 9.74465e-05 -7.02329e-06 0.00010678 -7.04645e-05 -0.00025507 0.000187243 6.32712e-05 -0.000148508 -4.72168e-05 0.000116565 0.000177426 
WEIGHT 0.0204718
ESPERANCE 0.16715 0.119455 0.117113 0.0776652 0.11504 0.420869 0.20346 0.448368 0.165565 0.138019 0.155884 0.435216 0.201198 0.239673 0.222472
COVARIANCE_MATRIX
0.00037176 -0.000184797 -2.91561e-05 7.17528e-05 -0.0001563 -3.61369e-05 -0.000208662 4.93222e-05 0.000395742 -0.000125817 -0.000283656 -2.28259e-05 0.000248155 -4.34549e-05 -0.000363095 
-0.000184797 0.000519567 5.03842e-05 -0.000214712 4.78613e-05 0.00011565 0.000105942 -4.79195e-05 -8.0503e-05 0.000241535 1.02725e-05 8.10337e-06 0.000295205 -2.94447e-05 1.73088e-05 
-2.91561e-05 5.03842e-05 7.98418e-05 -5.95286e-05 -3.50248e-05 -3.54463e-05 -1.11689e-05 1.42768e-05 -4.84634e-05 2.85348e-05 6.6247e-05 8.45009e-06 -4.06137e-05 -6.56638e-05 -4.68679e-05 
7.17528e-05 -0.000214712 -5.95286e-05 0.000282868 -4.02647e-05 0.000159546 -0.000119564 -9.49661e-06 2.58609e-05 -0.000114105 -2.26647e-05 0.00011989 -0.000145245 0.000188879 -7.29107e-05 
-0.0001563 4.78613e-05 -3.50248e-05 -4.02647e-05 0.000218972 -5.95178e-05 0.000124824 -5.12718e-05 -8.30397e-05 6.15497e-05 0.000207981 -0.000115337 4.56453e-05 -6.26345e-05 0.000253945 
-3.61369e-05 0.00011565 -3.54463e-05 0.000159546 -5.95178e-05 0.000507053 -0.000250173 -2.59874e-05 -5.24027e-05 -6.92673e-05 -0.000172917 0.000339691 -8.65847e-07 0.000411515 -0.000316592 
-0.000208662 0.000105942 -1.11689e-05 -0.000119564 0.000124824 -0.000250173 0.000785733 -0.000227141 -1.98303e-05 0.000158519 0.000557125 -0.000586421 0.000515086 -0.000183273 0.000937752 
4.93222e-05 -4.79195e-05 1.42768e-05 -9.49661e-06 -5.12718e-05 -2.59874e-05 -0.000227141 0.000138093 -9.24252e-05 -6.24993e-05 -0.000207917 0.000190125 -0.000292036 -1.40167e-05 -0.000270862 
0.000395742 -8.0503e-05 -4.84634e-05 2.58609e-05 -8.30397e-05 -5.24027e-05 -1.98303e-05 -9.24252e-05 0.000692804 -6.74021e-05 -0.000149336 -0.00027665 0.00075087 -0.000123832 -0.000159395 
-0.000125817 0.000241535 2.85348e-05 -0.000114105 6.15497e-05 -6.92673e-05 0.000158519 -6.24993e-05 -6.74021e-05 0.00038512 0.00012233 -0.000197724 9.91523e-05 4.75551e-05 0.000204198 
-0.000283656 1.02725e-05 6.6247e-05 -2.26647e-05 0.000207981 -0.000172917 0.000557125 -0.000207917 -0.000149336 0.00012233 0.000841278 -0.000467141 0.000163616 -8.98229e-05 0.000773691 
-2.28259e-05 8.10337e-06 8.45009e-06 0.00011989 -0.000115337 0.000339691 -0.000586421 0.000190125 -0.00027665 -0.000197724 -0.000467141 0.000735522 -0.000703045 0.000156282 -0.000667578 
0.000248155 0.000295205 -4.06137e-05 -0.000145245 4.56453e-05 -8.65847e-07 0.000515086 -0.000292036 0.00075087 9.91523e-05 0.000163616 -0.000703045 0.00184319 -0.000241365 0.000258464 
-4.34549e-05 -2.94447e-05 -6.56638e-05 0.000188879 -6.26345e-05 0.000411515 -0.000183273 -1.40167e-05 -0.000123832 4.75551e-05 -8.98229e-05 0.000156282 -0.000241365 0.000734746 -0.000168673 
-0.000363095 1.73088e-05 -4.68679e-05 -7.29107e-05 0.000253945 -0.000316592 0.000937752 -0.000270862 -0.000159395 0.000204198 0.000773691 -0.000667578 0.000258464 -0.000168673 0.00138519 
WEIGHT 0.0086923
ESPERANCE 0.114229 0.178889 0.0887159 0.0588862 0.0806707 0.412489 0.172239 0.458115 0.145609 0.174941 0.146722 0.413038 0.190019 0.244216 0.203308
COVARIANCE_MATRIX
0.000614157 -0.000209403 -9.3975e-07 -6.93538e-05 -3.55034e-05 -0.000588571 0.000224365 8.80823e-05 0.000393919 -8.40537e-05 -0.000125686 -0.000329313 0.000339613 -0.000500998 1.25506e-05 
-0.000209403 0.000670032 -0.000182437 8.98751e-05 -0.000235627 0.000683223 -0.00029353 -3.85992e-05 -3.70174e-05 0.00026385 -0.000469869 0.000460835 0.000546201 0.000248189 -0.000542136 
-9.3975e-07 -0.000182437 0.000144818 -3.60902e-05 3.8517e-05 -0.000228978 6.47237e-05 2.96836e-05 -6.75703e-05 -7.98385e-05 0.00023984 -9.5275e-05 -0.000305169 -0.000104027 0.000161542 
-6.93538e-05 8.98751e-05 -3.60902e-05 0.000147208 -3.19746e-06 8.5271e-05 5.9412e-05 -8.74596e-05 6.08995e-05 9.36136e-05 4.1484e-05 3.50535e-06 0.000199041 -4.19737e-05 4.31204e-05 
-3.55034e-05 -0.000235627 3.8517e-05 -3.19746e-06 0.000383233 -0.000220452 0.00020481 -0.000117952 0.000145897 -3.91707e-05 0.000547725 -0.000389045 -2.0971e-05 -2.48741e-05 0.000440935 
-0.000588571 0.000683223 -0.000228978 8.5271e-05 -0.000220452 0.00132273 -0.000613092 -0.000101743 -0.000286977 0.00024183 -0.000557948 0.000734031 0.000351074 0.00092221 -0.000694217 
0.000224365 -0.00029353 6.47237e-05 5.9412e-05 0.00020481 -0.000613092 0.00135778 -0.00042965 0.000779921 -0.000159676 0.00103398 -0.00114248 0.00102188 -0.000518092 0.00157269 
8.80823e-05 -3.85992e-05 2.96836e-05 -8.74596e-05 -0.000117952 -0.000101743 -0.00042965 0.000302294 -0.000365882 -2.99768e-05 -0.00043048 0.000346833 -0.000583994 -3.73976e-06 -0.000559538 
0.000393919 -3.70174e-05 -6.75703e-05 6.08995e-05 0.000145897 -0.000286977 0.000779921 -0.000365882 0.00104503 -3.94055e-05 0.000473636 -0.00081792 0.00128779 -0.000341306 0.000849745 
-8.40537e-05 0.00026385 -7.98385e-05 9.36136e-05 -3.91707e-05 0.00024183 -0.000159676 -2.99768e-05 -3.94055e-05 0.000305975 -0.000197404 0.000103691 0.00024187 0.000168807 -0.000280781 
-0.000125686 -0.000469869 0.00023984 4.1484e-05 0.000547725 -0.000557948 0.00103398 -0.00043048 0.000473636 -0.000197404 0.00168625 -0.00108656 0.000189885 -0.000236178 0.00161847 
-0.000329313 0.000460835 -9.5275e-05 3.50535e-06 -0.000389045 0.000734031 -0.00114248 0.000346833 -0.00081792 0.000103691 -0.00108656 0.00136282 -0.000891145 0.000247647 -0.00140783 
0.000339613 0.000546201 -0.000305169 0.000199041 -2.0971e-05 0.000351074 0.00102188 -0.000583994 0.00128779 0.00024187 0.000189885 -0.000891145 0.00302157 -0.000167132 0.000619525 
-0.000500998 0.000248189 -0.000104027 -4.19737e-05 -2.48741e-05 0.00092221 -0.000518092 -3.73976e-06 -0.000341306 0.000168807 -0.000236178 0.000247647 -0.000167132 0.00133267 -0.000382501 
1.25506e-05 -0.000542136 0.000161542 4.31204e-05 0.000440935 -0.000694217 0.00157269 -0.000559538 0.000849745 -0.000280781 0.00161847 -0.00140783 0.000619525 -0.000382501 0.00233827 
WEIGHT 0.007492
ESPERANCE 0.407879 0.13988 0.18355 0.200935 0.323075 0.462681 0.373726 0.441987 0.280621 0.196972 0.329133 0.459121 0.368148 0.302445 0.325314
COVARIANCE_MATRIX
0.000940069 -0.000397321 1.92531e-05 -0.00036303 -0.000997993 -0.000121791 0.000237055 -0.000216664 0.00118797 -0.000416537 -0.000714742 -0.000288639 0.000602201 -0.000425613 -3.63075e-05 
-0.000397321 0.000471308 -7.83551e-05 0.00034025 0.000792202 0.000453795 -0.000293966 -6.09705e-06 -0.000575646 0.000466167 0.000753072 0.000364993 -0.000442218 0.000432552 -3.31221e-05 
1.92531e-05 -7.83551e-05 0.000254135 -4.38906e-05 -0.000166333 -0.000112502 7.21397e-05 -4.51969e-05 0.000132904 -1.26304e-05 7.35266e-05 -0.000145119 7.18438e-05 -0.000205887 4.5276e-05 
-0.00036303 0.00034025 -4.38906e-05 0.000875547 0.00107466 0.00143718 0.000116313 -0.000404342 -0.000697871 0.000456336 0.000650057 0.00103715 0.000316044 0.000778742 1.92012e-05 
-0.000997993 0.000792202 -0.000166333 0.00107466 0.00233972 0.00192891 -0.00052785 -0.000187265 -0.00132661 0.00054789 0.00147617 0.00139047 -0.000108146 0.00142529 -0.000158687 
-0.000121791 0.000453795 -0.000112502 0.00143718 0.00192891 0.00357035 8.44527e-05 -0.000966749 -0.000613679 0.000200799 0.000959114 0.00244637 0.00104484 0.00177103 -0.000127356 
0.000237055 -0.000293966 7.21397e-05 0.000116313 -0.00052785 8.44527e-05 0.00142071 -0.000655937 7.84836e-05 -6.30865e-05 -0.000320271 -0.000445535 0.00114476 -7.06312e-05 0.000930966 
-0.000216664 -6.09705e-06 -4.51969e-05 -0.000404342 -0.000187265 -0.000966749 -0.000655937 0.000713847 -0.000129739 -0.000177009 -0.000213207 -0.000309006 -0.000823254 -0.00035723 -0.000380434 
0.00118797 -0.000575646 0.000132904 -0.000697871 -0.00132661 -0.000613679 7.84836e-05 -0.000129739 0.00223761 -0.000757899 -0.00131855 -0.000894424 0.00100583 -0.000644407 4.37368e-05 
-0.000416537 0.000466167 -1.26304e-05 0.000456336 0.00054789 0.000200799 -6.30865e-05 -0.000177009 -0.000757899 0.00142407 0.000770583 -0.000125879 -0.000580384 0.000540287 0.000103663 
-0.000714742 0.000753072 7.35266e-05 0.000650057 0.00147617 0.000959114 -0.000320271 -0.000213207 -0.00131855 0.000770583 0.00218772 0.000598528 -0.000866765 0.000634859 1.38974e-05 
-0.000288639 0.000364993 -0.000145119 0.00103715 0.00139047 0.00244637 -0.000445535 -0.000309006 -0.000894424 -0.000125879 0.000598528 0.00255895 2.39421e-05 0.00079731 -0.000658802 
0.000602201 -0.000442218 7.18438e-05 0.000316044 -0.000108146 0.00104484 0.00114476 -0.000823254 0.00100583 -0.000580384 -0.000866765 2.39421e-05 0.00247305 0.000214358 0.000530209 
-0.000425613 0.000432552 -0.000205887 0.000778742 0.00142529 0.00177103 -7.06312e-05 -0.00035723 -0.000644407 0.000540287 0.000634859 0.00079731 0.000214358 0.0019853 7.00899e-05 
-3.63075e-05 -3.31221e-05 4.5276e-05 1.92012e-05 -0.000158687 -0.000127356 0.000930966 -0.000380434 4.37368e-05 0.000103663 1.38974e-05 -0.000658802 0.000530209 7.00899e-05 0.00123868 
WEIGHT 0.0103968
ESPERANCE 0.191904 0.144047 0.0954832 0.119034 0.140299 0.429718 0.322811 0.350283 0.266685 0.165086 0.207459 0.330042 0.357076 0.265843 0.274521
COVARIANCE_MATRIX
0.000894018 -0.000396017 -3.64126e-05 8.98019e-05 0.00028646 -0.000433967 0.000623809 -0.000647714 0.000901234 -2.80358e-05 -4.81733e-05 -0.000488015 0.000108504 0.0003831 -6.45314e-05 
-0.000396017 0.000892951 -0.000224686 -0.000335138 -0.000180239 -0.000303656 3.84801e-05 0.000111488 -8.84997e-05 0.000285698 -2.55958e-05 -2.12378e-05 -0.000269761 -0.000281818 0.000103539 
-3.64126e-05 -0.000224686 0.00034975 -0.00019968 -9.70699e-05 -1.63583e-05 -0.000440424 0.000402688 -0.00024008 -8.84896e-05 1.68131e-05 0.000182132 -0.000251867 -0.000183747 -0.000159258 
8.98019e-05 -0.000335138 -0.00019968 0.00163083 0.000394178 0.00119719 0.00102836 -0.00130494 0.000463321 3.79847e-05 0.000105577 0.000274317 0.00133905 0.000697655 0.000249157 
0.00028646 -0.000180239 -9.70699e-05 0.000394178 0.000885149 -0.000164563 0.00091743 -0.000684626 0.000262486 0.000252554 0.000605004 -0.000645626 0.000214415 0.000781511 0.000137708 
-0.000433967 -0.000303656 -1.63583e-05 0.00119719 -0.000164563 0.00187295 -0.000121607 -0.00057776 -0.000175721 -0.000264725 -0.000252629 0.00116284 0.00122563 5.4706e-06 6.47278e-05 
0.000623809 3.84801e-05 -0.000440424 0.00102836 0.00091743 -0.000121607 0.00260688 -0.00218543 0.00116825 0.000364859 0.00046834 -0.00103009 0.00106206 0.00134723 0.000511952 
-0.000647714 0.000111488 0.000402688 -0.00130494 -0.000684626 -0.00057776 -0.00218543 0.00248172 -0.00145573 -0.000268873 -0.000167035 0.000405322 -0.00131245 -0.00119576 -0.000302165 
0.000901234 -8.84997e-05 -0.00024008 0.000463321 0.000262486 -0.000175721 0.00116825 -0.00145573 0.00161114 -1.11523e-05 -0.000232984 -0.000533911 0.000687465 0.000488062 3.21907e-05 
-2.80358e-05 0.000285698 -8.84896e-05 3.79847e-05 0.000252554 -0.000264725 0.000364859 -0.000268873 -1.11523e-05 0.000844164 0.00022242 -0.000432133 -0.000390961 0.000528314 0.000207547 
-4.81733e-05 -2.55958e-05 1.68131e-05 0.000105577 0.000605004 -0.000252629 0.00046834 -0.000167035 -0.000232984 0.00022242 0.00123531 -0.000721604 -0.000335629 0.000520524 0.000246591 
-0.000488015 -2.12378e-05 0.000182132 0.000274317 -0.000645626 0.00116284 -0.00103009 0.000405322 -0.000533911 -0.000432133 -0.000721604 0.00187279 8.9153e-05 -0.000801559 -0.000324712 
0.000108504 -0.000269761 -0.000251867 0.00133905 0.000214415 0.00122563 0.00106206 -0.00131245 0.000687465 -0.000390961 -0.000335629 8.9153e-05 0.00235373 -2.75348e-05 0.000134085 
0.0003831 -0.000281818 -0.000183747 0.000697655 0.000781511 5.4706e-06 0.00134723 -0.00119576 0.000488062 0.000528314 0.000520524 -0.000801559 -2.75348e-05 0.00198396 8.11671e-05 
-6.45314e-05 0.000103539 -0.000159258 0.000249157 0.000137708 6.47278e-05 0.000511952 -0.000302165 3.21907e-05 0.000207547 0.000246591 -0.000324712 0.000134085 8.11671e-05 0.000838675 
WEIGHT 0.00632128
ESPERANCE 0.354234 0.174917 0.124037 0.21553 0.251965 0.359325 0.291081 0.502325 0.23035 0.227988 0.289532 0.414277 0.249831 0.27351 0.268423
COVARIANCE_MATRIX
0.000436893 -0.00032631 0.000129749 -0.000137796 -0.000522192 -0.000158641 -2.10956e-05 -6.15729e-06 0.000625949 -0.000313482 -0.000371722 -5.81375e-05 0.000188245 -0.000265714 -0.000141578 
-0.00032631 0.000341218 -2.92131e-05 0.000161556 0.000431654 0.000175399 -9.54171e-05 1.68095e-05 -0.000416434 0.000274275 0.000288718 0.000191988 -7.72262e-05 9.25183e-05 -7.37008e-05 
0.000129749 -2.92131e-05 0.000209504 2.20783e-05 -0.000105703 0.000198987 -0.000133925 -6.63119e-05 0.000414535 -0.000127945 -0.000103969 0.000118811 0.000306139 -5.67853e-05 -0.000189593 
-0.000137796 0.000161556 2.20783e-05 0.000153275 0.000197998 0.000296899 -6.65261e-05 -2.60679e-05 -8.33614e-05 4.92803e-05 -1.85733e-05 0.000289671 0.000212955 6.46945e-05 -0.000163383 
-0.000522192 0.000431654 -0.000105703 0.000197998 0.000845761 0.000559818 -0.00024835 -6.65837e-06 -0.000387063 0.000188995 0.000365122 0.000178469 0.000204507 0.000568014 -5.68694e-05 
-0.000158641 0.000175399 0.000198987 0.000296899 0.000559818 0.0016781 -0.000461473 -0.000197121 0.000820536 -0.000538659 -0.000567689 0.000836928 0.00155145 0.000930773 -0.000582391 
-2.10956e-05 -9.54171e-05 -0.000133925 -6.65261e-05 -0.00024835 -0.000461473 0.000705263 -0.000170897 -0.000402045 0.000241664 8.74404e-05 -0.000430784 -0.00012967 -0.000331141 0.000755325 
-6.15729e-06 1.68095e-05 -6.63119e-05 -2.60679e-05 -6.65837e-06 -0.000197121 -0.000170897 0.000235799 -0.00026379 -2.21917e-05 4.94808e-05 0.000138952 -0.000477033 -7.39222e-05 -0.000258472 
0.000625949 -0.000416434 0.000414535 -8.33614e-05 -0.000387063 0.000820536 -0.000402045 -0.00026379 0.00205357 -0.000890136 -0.000895159 4.84973e-05 0.00164384 0.000301967 -0.000341261 
-0.000313482 0.000274275 -0.000127945 4.92803e-05 0.000188995 -0.000538659 0.000241664 -2.21917e-05 -0.000890136 0.000875121 0.000529233 -0.00039514 -0.000732691 -9.19176e-05 0.000358369 
-0.000371722 0.000288718 -0.000103969 -1.85733e-05 0.000365122 -0.000567689 8.74404e-05 4.94808e-05 -0.000895159 0.000529233 0.000947418 -0.0003469 -0.000959073 -0.000226819 0.000372615 
-5.81375e-05 0.000191988 0.000118811 0.000289671 0.000178469 0.000836928 -0.000430784 0.000138952 4.84973e-05 -0.00039514 -0.0003469 0.00124554 0.000359595 -5.85305e-05 -0.000951918 
0.000188245 -7.72262e-05 0.000306139 0.000212955 0.000204507 0.00155145 -0.00012967 -0.000477033 0.00164384 -0.000732691 -0.000959073 0.000359595 0.0027959 0.000567647 -0.000347565 
-0.000265714 9.25183e-05 -5.67853e-05 6.46945e-05 0.000568014 0.000930773 -0.000331141 -7.39222e-05 0.000301967 -9.19176e-05 -0.000226819 -5.85305e-05 0.000567647 0.00146678 -4.97958e-05 
-0.000141578 -7.37008e-05 -0.000189593 -0.000163383 -5.68694e-05 -0.000582391 0.000755325 -0.000258472 -0.000341261 0.000358369 0.000372615 -0.000951918 -0.000347565 -4.97958e-05 0.00148036 
WEIGHT 0.019213
ESPERANCE 0.405596 0.150569 0.170005 0.156859 0.28303 0.382621 0.369976 0.47258 0.23583 0.222241 0.338643 0.412894 0.265964 0.280763 0.332597
COVARIANCE_MATRIX
0.000303643 -0.000172947 9.5871e-05 -8.02838e-05 -0.000238913 7.2043e-05 -0.00018974 9.13683e-05 0.000619498 -0.00045447 -0.000287795 0.000273423 0.000293186 -0.000335517 -0.000236722 
-0.000172947 0.000233 -1.74741e-05 4.93889e-05 0.0001997 -0.000135793 -1.81279e-05 1.49698e-05 -0.000334093 0.000332375 0.000242422 -0.000118503 -0.000249713 2.12464e-05 4.69792e-05 
9.5871e-05 -1.74741e-05 0.00018458 -4.25895e-05 -0.000143425 -1.95137e-05 -4.76306e-05 2.2805e-05 0.000180194 -7.7386e-05 3.71642e-05 1.58216e-05 7.71214e-05 -0.000207749 -6.35097e-05 
-8.02838e-05 4.93889e-05 -4.25895e-05 0.000134636 1.94729e-05 -4.40878e-05 0.00010152 -7.45968e-05 -0.00017519 0.000211364 2.54574e-05 -1.92798e-05 -5.66819e-05 2.5842e-05 5.18341e-05 
-0.000238913 0.0001997 -0.000143425 1.94729e-05 0.000398058 -0.00010577 -9.32094e-05 4.05148e-05 -0.000446814 0.000347737 0.000299548 -0.000184883 -0.000304873 0.000187879 3.17864e-05 
7.2043e-05 -0.000135793 -1.95137e-05 -4.40878e-05 -0.00010577 0.000151908 -2.95237e-06 -2.19588e-05 0.00010866 -0.000162237 -0.000157118 0.000136784 2.17766e-05 0.000135782 -8.80074e-05 
-0.00018974 -1.81279e-05 -4.76306e-05 0.00010152 -9.32094e-05 -2.95237e-06 0.00056581 -0.000257189 -0.00041417 0.000211797 6.02372e-05 -0.000321939 0.000147138 0.000274715 0.000521574 
9.13683e-05 1.49698e-05 2.2805e-05 -7.45968e-05 4.05148e-05 -2.19588e-05 -0.000257189 0.000210148 0.000141993 -0.000218431 -2.12288e-05 0.00020883 -0.000142147 -0.000186107 -0.000189556 
0.000619498 -0.000334093 0.000180194 -0.00017519 -0.000446814 0.00010866 -0.00041417 0.000141993 0.00150308 -0.00087844 -0.00063828 0.000328337 0.00078003 -0.000554609 -0.000431717 
-0.00045447 0.000332375 -7.7386e-05 0.000211364 0.000347737 -0.000162237 0.000211797 -0.000218431 -0.00087844 0.00115898 0.000406735 -0.000585003 -0.000403418 0.000571838 0.000247914 
-0.000287795 0.000242422 3.71642e-05 2.54574e-05 0.000299548 -0.000157118 6.02372e-05 -2.12288e-05 -0.00063828 0.000406735 0.00061898 -0.000274198 -0.00044863 3.82919e-05 0.000159606 
0.000273423 -0.000118503 1.58216e-05 -1.92798e-05 -0.000184883 0.000136784 -0.000321939 0.00020883 0.000328337 -0.000585003 -0.000274198 0.000875145 -0.000178093 -0.000584152 -0.000481987 
0.000293186 -0.000249713 7.71214e-05 -5.66819e-05 -0.000304873 2.17766e-05 0.000147138 -0.000142147 0.00078003 -0.000403418 -0.00044863 -0.000178093 0.00115558 -0.000290021 4.11381e-05 
-0.000335517 2.12464e-05 -0.000207749 2.5842e-05 0.000187879 0.000135782 0.000274715 -0.000186107 -0.000554609 0.000571838 3.82919e-05 -0.000584152 -0.000290021 0.00136009 0.000288695 
-0.000236722 4.69792e-05 -6.35097e-05 5.18341e-05 3.17864e-05 -8.80074e-05 0.000521574 -0.000189556 -0.000431717 0.000247914 0.000159606 -0.000481987 4.11381e-05 0.000288695 0.000758788 
WEIGHT 0.0215388
ESPERANCE 0.15389 0.128776 0.107911 0.132225 0.0992905 0.493528 0.187778 0.431534 0.16102 0.131193 0.136413 0.479199 0.232344 0.283102 0.196111
COVARIANCE_MATRIX
0.000514237 -0.000358849 -5.32062e-05 0.000170154 -0.000289765 1.83349e-05 -5.94937e-05 -1.51876e-05 0.000470652 -0.000269509 -0.000166429 -0.00011615 0.000312996 8.75757e-05 -0.000233454 
-0.000358849 0.000610291 8.1804e-05 -0.000278372 0.000151727 -0.000112373 0.000193709 -1.47994e-05 -0.000171157 0.000394302 -5.29337e-05 1.01297e-05 0.000215395 -0.000394939 0.000170156 
-5.32062e-05 8.1804e-05 6.64556e-05 -5.1027e-05 -2.19297e-05 -1.03211e-05 2.15132e-05 -8.82811e-06 -1.91848e-05 4.598e-05 4.78363e-05 2.62882e-06 2.19903e-05 -6.62212e-05 8.06368e-06 
0.000170154 -0.000278372 -5.1027e-05 0.000188162 -7.4482e-05 4.16237e-05 -0.000147567 3.63082e-05 4.86095e-05 -0.000183021 1.34217e-06 6.71367e-05 -0.00022261 0.000154326 -0.000130162 
-0.000289765 0.000151727 -2.19297e-05 -7.4482e-05 0.000342923 -4.1371e-05 9.68451e-05 -4.40812e-05 -0.000187599 0.000196171 0.000292465 -0.000101576 -2.88416e-05 -4.30195e-05 0.000311368 
