DESCRIPTOR_NAME Steinhardt
FILTER_TYPE element
NUMBER_OF_DIMENSION 15
CUTOFF_RADIUS 4.000000
STEINHARDT_STYLE Mono
AVE_STYLE none
STEINHARDT_MODE Full
FILTER_VALUE Au
NUMBER_OF_CLUSTER 15
WEIGHT 0.0240828
ESPERANCE 0.309551 0.18209 0.0758908 0.140811 0.183751 0.508092 0.251114 0.454005 0.186257 0.164344 0.212117 0.519654 0.214216 0.307575 0.212478
COVARIANCE_MATRIX
6.65756e-05 -2.45784e-05 1.59015e-05 2.12435e-05 -8.83464e-05 6.83104e-06 -1.13078e-05 -1.34704e-05 0.000159388 -9.62845e-06 -0.000167161 2.31298e-05 0.000146822 -5.30888e-05 -7.57248e-05 
-2.45784e-05 5.06553e-05 1.35441e-05 -2.96115e-06 3.33924e-05 -1.98463e-05 -2.2996e-05 1.59183e-05 -4.95355e-05 1.19061e-05 7.66704e-05 2.85734e-05 -0.000105944 -3.31402e-05 7.44509e-07 
1.59015e-05 1.35441e-05 5.30348e-05 9.9473e-06 -3.70713e-05 -8.76233e-06 -1.42248e-05 2.65885e-06 3.683e-05 -2.04732e-06 -6.43985e-06 2.58906e-05 -1.81295e-06 -5.39913e-05 -3.98255e-05 
2.12435e-05 -2.96115e-06 9.9473e-06 2.65886e-05 -3.51123e-05 -4.76286e-06 4.48121e-06 -1.09691e-05 4.30207e-05 1.64657e-05 -4.96527e-05 2.36773e-05 4.96377e-05 -6.34905e-05 -3.08533e-05 
-8.83464e-05 3.33924e-05 -3.70713e-05 -3.51123e-05 0.000153274 -1.10112e-05 -1.61241e-05 2.11502e-05 -0.000191083 7.18871e-06 0.000253493 -4.87335e-05 -0.000201033 8.98814e-05 8.46312e-05 
6.83104e-06 -1.98463e-05 -8.76233e-06 -4.76286e-06 -1.10112e-05 1.61812e-05 -3.99074e-06 -3.93929e-07 7.74554e-06 -1.18417e-05 -3.88654e-05 4.81311e-06 5.85332e-06 3.34324e-05 -2.06243e-05 
-1.13078e-05 -2.2996e-05 -1.42248e-05 4.48121e-06 -1.61241e-05 -3.99074e-06 0.000116739 -2.9873e-05 -4.94351e-05 1.80036e-05 8.79284e-06 -6.69661e-05 0.000133936 -1.20019e-05 0.000151355 
-1.34704e-05 1.59183e-05 2.65885e-06 -1.09691e-05 2.11502e-05 -3.93929e-07 -2.9873e-05 2.01668e-05 -2.85247e-05 -1.20547e-05 2.94064e-05 1.76622e-05 -8.58773e-05 2.49724e-05 -2.27695e-05 
0.000159388 -4.95355e-05 3.683e-05 4.30207e-05 -0.000191083 7.74554e-06 -4.94351e-05 -2.85247e-05 0.00042361 -2.7444e-05 -0.000377517 3.0493e-05 0.000357735 -0.000118431 -0.000168628 
-9.62845e-06 1.19061e-05 -2.04732e-06 1.64657e-05 7.18871e-06 -1.18417e-05 1.80036e-05 -1.20547e-05 -2.7444e-05 9.16091e-05 2.13562e-05 -3.1926e-05 2.49019e-06 6.73513e-06 2.92652e-05 
-0.000167161 7.66704e-05 -6.43985e-06 -4.96527e-05 0.000253493 -3.88654e-05 8.79284e-06 2.94064e-05 -0.000377517 2.13562e-05 0.00053887 -8.95228e-05 -0.000360594 8.24364e-05 0.000190979 
2.31298e-05 2.85734e-05 2.58906e-05 2.36773e-05 -4.87335e-05 4.81311e-06 -6.69661e-05 1.76622e-05 3.0493e-05 -3.1926e-05 -8.95228e-05 0.00015507 -0.000106517 -0.000107353 -0.0001603 
0.000146822 -0.000105944 -1.81295e-06 4.96377e-05 -0.000201033 5.85332e-06 0.000133936 -8.58773e-05 0.000357735 2.49019e-06 -0.000360594 -0.000106517 0.000645544 -0.00012396 5.43268e-05 
-5.30888e-05 -3.31402e-05 -5.39913e-05 -6.34905e-05 8.98814e-05 3.34324e-05 -1.20019e-05 2.49724e-05 -0.000118431 6.73513e-06 8.24364e-05 -0.000107353 -0.00012396 0.000288279 7.05964e-05 
-7.57248e-05 7.44509e-07 -3.98255e-05 -3.08533e-05 8.46312e-05 -2.06243e-05 0.000151355 -2.27695e-05 -0.000168628 2.92652e-05 0.000190979 -0.0001603 5.43268e-05 7.05964e-05 0.000331244 
WEIGHT 0.00523498
ESPERANCE 0.342199 0.153878 0.0924536 0.133703 0.174578 0.427372 0.335828 0.40648 0.277789 0.205434 0.252591 0.34765 0.332713 0.286949 0.302408
COVARIANCE_MATRIX
0.00112775 -0.000620746 0.000170765 -6.53459e-05 -0.00124154 -0.000216445 1.61039e-05 -7.85197e-05 0.00134847 -0.000550774 -0.000895679 -0.000145898 0.000497935 -0.000311658 -0.000369439 
-0.000620746 0.000575609 -4.12709e-05 7.24912e-05 0.000768361 0.000157126 -7.85652e-05 5.09737e-05 -0.000650166 0.000384863 0.000561739 0.000154484 -0.000255594 0.000126177 0.000192227 
0.000170765 -4.12709e-05 0.000363028 -0.000321004 -0.000398625 -0.000400693 -0.000267005 0.000260144 0.000154615 -0.000133043 7.33252e-08 -3.95183e-05 -0.000427007 -0.00033755 -0.000150198 
-6.53459e-05 7.24912e-05 -0.000321004 0.00134576 0.000660729 0.00123876 0.000814029 -0.000945693 0.000363703 7.69092e-05 8.33567e-05 0.000296501 0.00161717 0.000697326 0.000188188 
-0.00124154 0.000768361 -0.000398625 0.000660729 0.00236814 0.00078235 0.000704821 -0.000673365 -0.00118634 0.000818558 0.00148978 -0.00019059 0.000414588 0.00107242 0.000582003 
-0.000216445 0.000157126 -0.000400693 0.00123876 0.00078235 0.00206165 0.000629523 -0.00107646 0.000247825 -0.000135456 8.78256e-05 0.00068202 0.00186838 0.00106118 0.000189757 
1.61039e-05 -7.85652e-05 -0.000267005 0.000814029 0.000704821 0.000629523 0.00211517 -0.00136094 0.000286759 0.000304338 0.000405152 -0.00114682 0.00185364 0.00117986 0.00108225 
-7.85197e-05 5.09737e-05 0.000260144 -0.000945693 -0.000673365 -0.00107646 -0.00136094 0.00137245 -0.000609083 -0.000123739 -0.000224037 0.000414554 -0.0018934 -0.000896705 -0.000530835 
0.00134847 -0.000650166 0.000154615 0.000363703 -0.00118634 0.000247825 0.000286759 -0.000609083 0.00222267 -0.000868704 -0.00116765 -0.000103607 0.00159535 -0.000285791 -0.000348648 
-0.000550774 0.000384863 -0.000133043 7.69092e-05 0.000818558 -0.000135456 0.000304338 -0.000123739 -0.000868704 0.00118352 0.000601667 -0.000566995 -0.000504834 0.000656258 0.000400494 
-0.000895679 0.000561739 7.33252e-08 8.33567e-05 0.00148978 8.78256e-05 0.000405152 -0.000224037 -0.00116765 0.000601667 0.00198373 -0.000524405 -0.000647744 0.000460177 0.000766127 
-0.000145898 0.000154484 -3.95183e-05 0.000296501 -0.00019059 0.00068202 -0.00114682 0.000414554 -0.000103607 -0.000566995 -0.000524405 0.0019678 -0.00031369 -0.00074943 -0.000842367 
0.000497935 -0.000255594 -0.000427007 0.00161717 0.000414588 0.00186838 0.00185364 -0.0018934 0.00159535 -0.000504834 -0.000647744 -0.00031369 0.00419546 0.000880374 0.000200316 
-0.000311658 0.000126177 -0.00033755 0.000697326 0.00107242 0.00106118 0.00117986 -0.000896705 -0.000285791 0.000656258 0.000460177 -0.00074943 0.000880374 0.00224885 0.000545833 
-0.000369439 0.000192227 -0.000150198 0.000188188 0.000582003 0.000189757 0.00108225 -0.000530835 -0.000348648 0.000400494 0.000766127 -0.000842367 0.000200316 0.000545833 0.00153607 
WEIGHT 0.00966353
ESPERANCE 0.320173 0.150787 0.0950898 0.0879766 0.140505 0.346769 0.299182 0.473446 0.18104 0.178844 0.252043 0.412413 0.143899 0.196068 0.294889
COVARIANCE_MATRIX
0.000254581 -0.000141089 5.2338e-05 5.13162e-05 -0.000241869 9.79987e-05 -0.000397164 0.000163378 0.000400092 -0.00011306 -0.000447501 0.000315006 7.05342e-05 -0.000109647 -0.000572892 
-0.000141089 0.000113467 6.14978e-06 -4.77735e-05 0.00010041 -5.7515e-05 0.000207315 -7.72079e-05 -0.000240087 0.000109323 0.000239126 -0.000176577 -9.27738e-05 0.000132286 0.000290807 
5.2338e-05 6.14978e-06 0.000109417 -1.70448e-05 -9.03959e-05 1.58702e-05 -0.000126556 5.5018e-05 4.21549e-05 3.32759e-05 -4.79903e-05 6.79171e-05 -8.3566e-05 2.77162e-05 -0.000190548 
5.13162e-05 -4.77735e-05 -1.70448e-05 6.61339e-05 -4.85908e-05 1.94185e-05 -4.77349e-05 -3.31542e-06 0.000105904 6.39037e-06 -0.000106911 5.06063e-05 9.26704e-05 -4.50101e-05 -7.85556e-05 
-0.000241869 0.00010041 -9.03959e-05 -4.85908e-05 0.00033061 -0.000111985 0.000389515 -0.00017969 -0.000323914 6.90382e-05 0.000490715 -0.000396744 0.000134527 6.52053e-05 0.000581249 
9.79987e-05 -5.7515e-05 1.58702e-05 1.94185e-05 -0.000111985 5.94037e-05 -0.000166801 7.57836e-05 0.000125735 -6.46915e-05 -0.000196363 0.000188471 -7.40826e-05 -4.33871e-05 -0.000239636 
-0.000397164 0.000207315 -0.000126556 -4.77349e-05 0.000389515 -0.000166801 0.000684153 -0.000297844 -0.000581036 0.000180706 0.00069311 -0.000543964 3.64794e-05 0.000129255 0.000968717 
0.000163378 -7.72079e-05 5.5018e-05 -3.31542e-06 -0.00017969 7.57836e-05 -0.000297844 0.000169223 0.000185247 -0.000108062 -0.000304911 0.000288475 -0.000166269 -7.00998e-05 -0.000396798 
0.000400092 -0.000240087 4.21549e-05 0.000105904 -0.000323914 0.000125735 -0.000581036 0.000185247 0.000783442 -0.000165537 -0.000686308 0.000343031 0.000436219 -0.000158928 -0.000860614 
-0.00011306 0.000109323 3.32759e-05 6.39037e-06 6.90382e-05 -6.46915e-05 0.000180706 -0.000108062 -0.000165537 0.000278152 0.000176255 -0.000250284 8.41408e-05 0.00021351 0.000230296 
-0.000447501 0.000239126 -4.79903e-05 -0.000106911 0.000490715 -0.000196363 0.00069311 -0.000304911 -0.000686308 0.000176255 0.000949482 -0.000649373 -3.21768e-05 0.000160552 0.00100442 
0.000315006 -0.000176577 6.79171e-05 5.06063e-05 -0.000396744 0.000188471 -0.000543964 0.000288475 0.000343031 -0.000250284 -0.000649373 0.00068874 -0.000400917 -0.000207898 -0.000756547 
7.05342e-05 -9.27738e-05 -8.3566e-05 9.26704e-05 0.000134527 -7.40826e-05 3.64794e-05 -0.000166269 0.000436219 8.41408e-05 -3.21768e-05 -0.000400917 0.00116199 -5.50564e-05 -4.63893e-05 
-0.000109647 0.000132286 2.77162e-05 -4.50101e-05 6.52053e-05 -4.33871e-05 0.000129255 -7.00998e-05 -0.000158928 0.00021351 0.000160552 -0.000207898 -5.50564e-05 0.000372508 0.000157077 
-0.000572892 0.000290807 -0.000190548 -7.85556e-05 0.000581249 -0.000239636 0.000968717 -0.000396798 -0.000860614 0.000230296 0.00100442 -0.000756547 -4.63893e-05 0.000157077 0.00145414 
WEIGHT 0.0212888
ESPERANCE 0.326035 0.170675 0.0898608 0.0966983 0.153588 0.430229 0.264197 0.473632 0.195882 0.167656 0.220383 0.472666 0.173489 0.252222 0.237941
COVARIANCE_MATRIX
6.91096e-05 -3.62997e-05 1.65939e-05 2.10016e-05 -7.58278e-05 1.34083e-05 -6.29951e-05 4.57447e-09 0.000166484 -2.46536e-05 -0.000144732 2.24488e-05 0.000167674 -3.64055e-05 -0.000141455 
-3.62997e-05 5.07203e-05 7.01218e-06 -7.54298e-06 3.26264e-05 -1.90494e-05 1.72974e-05 8.12963e-06 -8.83646e-05 2.69107e-05 7.92731e-05 1.74421e-05 -0.000137958 -1.15926e-05 5.42943e-05 
1.65939e-05 7.01218e-06 4.54656e-05 3.929e-06 -3.64651e-05 -4.51585e-06 -2.34777e-05 3.68148e-06 3.76628e-05 1.70657e-06 -3.66301e-06 1.21289e-05 8.10323e-06 -2.5934e-05 -4.79862e-05 
2.10016e-05 -7.54298e-06 3.929e-06 3.29699e-05 -3.13739e-05 -1.75053e-06 -8.58265e-06 -8.1639e-06 4.42865e-05 1.19106e-05 -4.82776e-05 2.29144e-05 5.80648e-05 -5.67313e-05 -4.2948e-05 
-7.58278e-05 3.26264e-05 -3.64651e-05 -3.13739e-05 0.000126374 -1.35764e-05 4.36753e-05 2.90482e-06 -0.000172372 1.80479e-05 0.000181171 -4.28967e-05 -0.000171464 5.85818e-05 0.000133346 
1.34083e-05 -1.90494e-05 -4.51585e-06 -1.75053e-06 -1.35764e-05 1.35222e-05 -1.39416e-05 6.78865e-07 2.88641e-05 -1.38301e-05 -4.07207e-05 5.67592e-06 2.98904e-05 1.70072e-05 -3.22961e-05 
-6.29951e-05 1.72974e-05 -2.34777e-05 -8.58265e-06 4.36753e-05 -1.39416e-05 0.00012541 -2.16954e-05 -0.000156074 2.90704e-05 0.000120775 -5.89527e-05 -6.1347e-05 2.45337e-05 0.000216451 
4.57447e-09 8.12963e-06 3.68148e-06 -8.1639e-06 2.90482e-06 6.78865e-07 -2.16954e-05 1.45402e-05 -1.74345e-06 -1.05969e-05 -3.92864e-06 2.006e-05 -4.54763e-05 4.37248e-06 -2.71637e-05 
0.000166484 -8.83646e-05 3.76628e-05 4.42865e-05 -0.000172372 2.88641e-05 -0.000156074 -1.74345e-06 0.000425447 -6.23863e-05 -0.000340458 3.02422e-05 0.000430366 -7.60809e-05 -0.000330869 
-2.46536e-05 2.69107e-05 1.70657e-06 1.19106e-05 1.80479e-05 -1.38301e-05 2.90704e-05 -1.05969e-05 -6.23863e-05 7.52511e-05 4.76169e-05 -2.08944e-05 -5.04348e-05 1.79219e-05 5.41259e-05 
-0.000144732 7.92731e-05 -3.66301e-06 -4.82776e-05 0.000181171 -4.07207e-05 0.000120775 -3.92864e-06 -0.000340458 4.76169e-05 0.000393837 -8.33638e-05 -0.000334 5.6128e-05 0.000291799 
2.24488e-05 1.74421e-05 1.21289e-05 2.29144e-05 -4.28967e-05 5.67592e-06 -5.89527e-05 2.006e-05 3.02422e-05 -2.08944e-05 -8.33638e-05 0.00012338 -7.96787e-05 -8.88385e-05 -0.000124059 
0.000167674 -0.000137958 8.10323e-06 5.80648e-05 -0.000171464 2.98904e-05 -6.1347e-05 -4.54763e-05 0.000430366 -5.04348e-05 -0.000334 -7.96787e-05 0.000678915 -6.44604e-05 -0.000214052 
-3.64055e-05 -1.15926e-05 -2.5934e-05 -5.67313e-05 5.85818e-05 1.70072e-05 2.45337e-05 4.37248e-06 -7.60809e-05 1.79219e-05 5.6128e-05 -8.88385e-05 -6.44604e-05 0.000207166 8.97163e-05 
-0.000141455 5.42943e-05 -4.79862e-05 -4.2948e-05 0.000133346 -3.22961e-05 0.000216451 -2.71637e-05 -0.000330869 5.41259e-05 0.000291799 -0.000124059 -0.000214052 8.97163e-05 0.000435637 
WEIGHT 0.0148838
ESPERANCE 0.338722 0.159517 0.0930391 0.103435 0.145199 0.425635 0.270554 0.46069 0.236888 0.179808 0.213781 0.433697 0.239562 0.257219 0.250907
COVARIANCE_MATRIX
0.000127883 -6.81089e-05 2.88265e-05 2.30316e-05 -0.000137449 1.07763e-05 -7.34269e-05 -2.55652e-05 0.000271747 -8.10918e-05 -0.000187515 3.86697e-06 0.000257184 -0.000111099 -0.000164688 
-6.81089e-05 0.000128524 3.76887e-05 -2.25504e-05 7.54472e-05 -4.51008e-05 -1.50355e-05 3.50555e-05 -0.000121253 6.22373e-05 0.000136158 4.21884e-05 -0.000182817 -2.62927e-05 4.52126e-05 
2.88265e-05 3.76887e-05 0.000175311 -2.59887e-05 -7.38767e-05 -3.5427e-05 -4.27415e-05 1.42678e-07 8.76657e-05 -3.72656e-05 0.000147695 -3.28818e-05 5.43922e-06 -8.21168e-05 -2.64461e-05 
2.30316e-05 -2.25504e-05 -2.59887e-05 0.000117929 -4.01812e-05 -1.85674e-05 2.09916e-05 -2.78867e-05 1.98056e-05 8.69945e-05 -8.5807e-05 2.45655e-05 9.72437e-05 -0.00010435 -6.03217e-05 
-0.000137449 7.54472e-05 -7.38767e-05 -4.01812e-05 0.000312848 -2.92558e-05 -1.48002e-05 2.73345e-05 -0.000239928 7.43354e-05 0.000301148 -6.25271e-05 -0.000225978 0.000124717 0.000106942 
1.07763e-05 -4.51008e-05 -3.5427e-05 -1.85674e-05 -2.92558e-05 6.95935e-05 -5.96496e-05 1.40982e-05 -1.1095e-05 -3.31508e-05 -0.000128823 0.000101345 -7.69023e-05 9.55384e-05 -0.000103392 
-7.34269e-05 -1.50355e-05 -4.27415e-05 2.09916e-05 -1.48002e-05 -5.96496e-05 0.000390519 -8.48463e-05 -0.000179219 7.44004e-05 0.000172891 -0.000251301 0.000169164 -1.52257e-05 0.000487739 
-2.55652e-05 3.50555e-05 1.42678e-07 -2.78867e-05 2.73345e-05 1.40982e-05 -8.48463e-05 7.16774e-05 -6.44885e-05 -4.04431e-05 -2.41564e-05 0.000109449 -0.000176465 3.37728e-05 -9.15978e-05 
0.000271747 -0.000121253 8.76657e-05 1.98056e-05 -0.000239928 -1.1095e-05 -0.000179219 -6.44885e-05 0.000684697 -0.000205377 -0.000324028 -7.39034e-05 0.000582112 -0.000261191 -0.000259194 
-8.10918e-05 6.22373e-05 -3.72656e-05 8.69945e-05 7.43354e-05 -3.31508e-05 7.44004e-05 -4.04431e-05 -0.000205377 0.000415686 7.67747e-05 -0.000142616 -0.000138374 0.00020415 0.000110217 
-0.000187515 0.000136158 0.000147695 -8.5807e-05 0.000301148 -0.000128823 0.000172891 -2.41564e-05 -0.000324028 7.67747e-05 0.000856216 -0.000319825 -0.000248403 5.11205e-05 0.000430951 
3.86697e-06 4.21884e-05 -3.28818e-05 2.45655e-05 -6.25271e-05 0.000101345 -0.000251301 0.000109449 -7.39034e-05 -0.000142616 -0.000319825 0.000553799 -0.000327417 -0.000154531 -0.000440214 
0.000257184 -0.000182817 5.43922e-06 9.72437e-05 -0.000225978 -7.69023e-05 0.000169164 -0.000176465 0.000582112 -0.000138374 -0.000248403 -0.000327417 0.00112812 -0.000413064 -2.47798e-05 
-0.000111099 -2.62927e-05 -8.21168e-05 -0.00010435 0.000124717 9.55384e-05 -1.52257e-05 3.37728e-05 -0.000261191 0.00020415 5.11205e-05 -0.000154531 -0.000413064 0.000742208 0.000123663 
-0.000164688 4.52126e-05 -2.64461e-05 -6.03217e-05 0.000106942 -0.000103392 0.000487739 -9.15978e-05 -0.000259194 0.000110217 0.000430951 -0.000440214 -2.47798e-05 0.000123663 0.000927624 
WEIGHT 0.00792258
ESPERANCE 0.312769 0.161129 0.0569333 0.218512 0.198461 0.558758 0.310075 0.378826 0.260457 0.178084 0.205401 0.483056 0.389238 0.30663 0.280193
COVARIANCE_MATRIX
0.000688931 -0.00035298 -8.33058e-05 -5.82836e-06 -0.000625848 -0.000185012 0.000968466 -0.000562014 0.00113173 -0.000351782 -0.00079581 -0.000680009 0.00138891 -0.000413415 0.000476683 
-0.00035298 0.000252052 3.80843e-05 -4.76754e-05 0.000365728 8.37131e-05 -0.000534056 0.00030807 -0.000516774 0.000181909 0.000440946 0.000293024 -0.000743816 0.000266288 -0.000159722 
-8.33058e-05 3.80843e-05 0.00030423 -1.19233e-05 -3.14162e-05 -1.87411e-05 1.67153e-06 4.20055e-05 -0.000145559 -8.22729e-06 0.000218174 1.22949e-06 -0.000192192 2.07921e-05 4.15697e-05 
-5.82836e-06 -4.76754e-05 -1.19233e-05 9.87864e-05 -6.96783e-05 -2.6902e-07 8.64523e-07 4.24446e-05 -9.3077e-05 0.000132203 -7.14241e-05 4.89293e-05 -1.12213e-05 -3.79701e-06 -9.31365e-05 
-0.000625848 0.000365728 -3.14162e-05 -6.96783e-05 0.000906073 1.87415e-05 -0.000806907 0.000421591 -0.00087101 0.000236998 0.00122616 0.000231285 -0.00114328 0.000392313 -0.000310116 
-0.000185012 8.37131e-05 -1.87411e-05 -2.6902e-07 1.87415e-05 0.000208729 -0.000405412 0.000197515 -0.000362393 9.35287e-05 -0.000173492 0.000544621 -0.000496387 0.000101913 -0.00022724 
0.000968466 -0.000534056 1.67153e-06 8.64523e-07 -0.000806907 -0.000405412 0.00165145 -0.000898942 0.00156952 -0.000554916 -0.000703063 -0.00130201 0.00222062 -0.000708279 0.00077251 
-0.000562014 0.00030807 4.20055e-05 4.24446e-05 0.000421591 0.000197515 -0.000898942 0.000578563 -0.000942823 0.000280984 0.000398665 0.000740021 -0.00121299 0.000382158 -0.000472204 
0.00113173 -0.000516774 -0.000145559 -9.3077e-05 -0.00087101 -0.000362393 0.00156952 -0.000942823 0.00212079 -0.000796166 -0.00124477 -0.00124758 0.0024096 -0.000772595 0.000986668 
-0.000351782 0.000181909 -8.22729e-06 0.000132203 0.000236998 9.35287e-05 -0.000554916 0.000280984 -0.000796166 0.00107228 0.000471656 0.00015937 -0.00103571 0.000618282 -0.000307044 
-0.00079581 0.000440946 0.000218174 -7.14241e-05 0.00122616 -0.000173492 -0.000703063 0.000398665 -0.00124477 0.000471656 0.00252835 -0.000264823 -0.00147359 0.000542405 -0.000172172 
-0.000680009 0.000293024 1.22949e-06 4.89293e-05 0.000231285 0.000544621 -0.00130201 0.000740021 -0.00124758 0.00015937 -0.000264823 0.00166854 -0.00160602 0.000272036 -0.000808478 
0.00138891 -0.000743816 -0.000192192 -1.12213e-05 -0.00114328 -0.000496387 0.00222062 -0.00121299 0.0024096 -0.00103571 -0.00147359 -0.00160602 0.00339947 -0.00120792 0.00105936 
-0.000413415 0.000266288 2.07921e-05 -3.79701e-06 0.000392313 0.000101913 -0.000708279 0.000382158 -0.000772595 0.000618282 0.000542405 0.000272036 -0.00120792 0.000796542 -0.000399579 
0.000476683 -0.000159722 4.15697e-05 -9.31365e-05 -0.000310116 -0.00022724 0.00077251 -0.000472204 0.000986668 -0.000307044 -0.000172172 -0.000808478 0.00105936 -0.000399579 0.00085259 
WEIGHT 0.010793
ESPERANCE 0.286808 0.170929 0.0553022 0.216966 0.20708 0.582757 0.252797 0.411126 0.194488 0.165665 0.18942 0.564835 0.297789 0.331651 0.211833
COVARIANCE_MATRIX
0.000229681 -0.000101799 -7.09309e-05 3.75847e-05 -0.000270186 -2.79798e-05 0.000320771 -0.000150616 0.000499117 -8.99065e-06 -0.000583806 -0.0001497 0.000709604 -0.000246655 0.000292504 
-0.000101799 7.80437e-05 1.39509e-05 -3.85348e-05 0.000145513 3.23599e-06 -0.000168476 8.69642e-05 -0.000176885 -2.23887e-05 0.000272242 4.35446e-05 -0.000322331 0.000138264 -8.77282e-05 
-7.09309e-05 1.39509e-05 0.000186431 3.34953e-06 -1.42646e-05 7.52887e-06 -5.38289e-06 2.83221e-05 -0.000216807 4.33369e-05 0.000191322 3.3743e-05 -0.000214693 5.57315e-05 -2.48975e-05 
3.75847e-05 -3.85348e-05 3.34953e-06 3.59922e-05 -6.3062e-05 -9.07972e-06 7.5077e-05 -3.58035e-05 4.96386e-05 7.50191e-05 -9.319e-05 -3.90188e-05 0.000125207 -4.57237e-05 2.53944e-05 
-0.000270186 0.000145513 -1.42646e-05 -6.3062e-05 0.000428147 -4.8527e-07 -0.000405398 0.000170808 -0.000483634 -1.04544e-05 0.000810307 7.24732e-05 -0.000750765 0.000271846 -0.000246082 
-2.79798e-05 3.23599e-06 7.52887e-06 -9.07972e-06 -4.8527e-07 4.10156e-05 -7.3405e-05 3.12433e-05 -0.000106444 -4.02971e-05 -3.01688e-05 0.000131061 -0.000170349 5.04131e-05 -0.000145321 
0.000320771 -0.000168476 -5.38289e-06 7.5077e-05 -0.000405398 -7.3405e-05 0.000584667 -0.000263041 0.00067095 4.70943e-05 -0.000681754 -0.000331844 0.00114328 -0.000426469 0.000539024 
-0.000150616 8.69642e-05 2.83221e-05 -3.58035e-05 0.000170808 3.12433e-05 -0.000263041 0.00014327 -0.000330877 -4.89017e-05 0.000307999 0.000167823 -0.000542105 0.000206468 -0.000267431 
0.000499117 -0.000176885 -0.000216807 4.96386e-05 -0.000483634 -0.000106444 0.00067095 -0.000330877 0.00126824 -4.90012e-05 -0.00115689 -0.000468549 0.00165293 -0.000556826 0.000859572 
-8.99065e-06 -2.23887e-05 4.33369e-05 7.50191e-05 -1.04544e-05 -4.02971e-05 4.70943e-05 -4.89017e-05 -4.90012e-05 0.000455188 0.000121171 -0.000201436 4.21383e-06 9.64645e-05 8.56012e-05 
-0.000583806 0.000272242 0.000191322 -9.319e-05 0.000810307 -3.01688e-05 -0.000681754 0.000307999 -0.00115689 0.000121171 0.00193159 3.51158e-05 -0.00153233 0.000531681 -0.000397698 
-0.0001497 4.35446e-05 3.3743e-05 -3.90188e-05 7.24732e-05 0.000131061 -0.000331844 0.000167823 -0.000468549 -0.000201436 3.51158e-05 0.000492403 -0.000736927 0.000210348 -0.000581554 
0.000709604 -0.000322331 -0.000214693 0.000125207 -0.000750765 -0.000170349 0.00114328 -0.000542105 0.00165293 4.21383e-06 -0.00153233 -0.000736927 0.00254336 -0.000917146 0.00120197 
-0.000246655 0.000138264 5.57315e-05 -4.57237e-05 0.000271846 5.04131e-05 -0.000426469 0.000206468 -0.000556826 9.64645e-05 0.000531681 0.000210348 -0.000917146 0.000414539 -0.000409907 
0.000292504 -8.77282e-05 -2.48975e-05 2.53944e-05 -0.000246082 -0.000145321 0.000539024 -0.000267431 0.000859572 8.56012e-05 -0.000397698 -0.000581554 0.00120197 -0.000409907 0.000940408 
WEIGHT 0.0135168
ESPERANCE 0.298793 0.176339 0.0830091 0.0935533 0.192602 0.412203 0.318147 0.442256 0.177828 0.195715 0.28607 0.387298 0.231898 0.272544 0.317544
COVARIANCE_MATRIX
0.000276772 -0.000138195 5.57172e-05 0.000123576 -0.000267506 4.48249e-05 -0.000187349 8.23906e-05 0.000399814 1.70463e-05 -0.000330152 0.000103961 9.38527e-05 7.54269e-06 -0.000256774 
-0.000138195 0.000188052 1.00478e-05 -5.70406e-05 0.000108818 -7.36184e-05 3.94395e-05 8.1355e-06 -0.000194174 8.41485e-05 0.000154487 -2.49318e-05 -0.000144327 7.52405e-06 6.86232e-05 
5.57172e-05 1.00478e-05 0.000217519 1.67068e-05 -0.000113636 -3.47701e-05 -4.13552e-05 2.11243e-05 7.6577e-05 9.92085e-05 3.55995e-05 -4.97262e-05 -2.17931e-05 -5.55789e-05 -4.58319e-05 
0.000123576 -5.70406e-05 1.67068e-05 0.000221507 -0.000165062 -6.24942e-06 -5.39406e-05 -9.44131e-06 0.0002314 4.94102e-05 -0.000165913 0.000127091 -1.69115e-06 -0.000120465 -0.000104735 
-0.000267506 0.000108818 -0.000113636 -0.000165062 0.000456486 -8.08681e-05 0.000105974 -6.00892e-05 -0.000358284 -0.000101762 0.000431872 -0.000162544 7.651e-05 -0.000145608 0.000211328 
4.48249e-05 -7.36184e-05 -3.47701e-05 -6.24942e-06 -8.08681e-05 0.00010693 -6.78159e-05 1.38553e-05 4.89846e-06 -1.60939e-05 -0.000151078 0.000131531 -8.5148e-05 0.000120115 -8.44692e-05 
-0.000187349 3.94395e-05 -4.13552e-05 -5.39406e-05 0.000105974 -6.78159e-05 0.000415154 -0.000199679 -0.000199173 -6.39987e-05 0.000289679 -0.00027904 0.000198016 -3.45044e-05 0.000376252 
8.23906e-05 8.1355e-06 2.11243e-05 -9.44131e-06 -6.00892e-05 1.38553e-05 -0.000199679 0.000175392 9.67811e-06 -1.8241e-05 -0.000139325 0.00014323 -0.0001695 5.33137e-05 -0.000144788 
0.000399814 -0.000194174 7.6577e-05 0.0002314 -0.000358284 4.89846e-06 -0.000199173 9.67811e-06 0.000878744 2.6938e-05 -0.000466374 -4.66235e-06 0.000327058 -3.27224e-05 -0.000304844 
1.70463e-05 8.41485e-05 9.92085e-05 4.94102e-05 -0.000101762 -1.60939e-05 -6.39987e-05 -1.8241e-05 2.6938e-05 0.000537616 -0.000202314 -0.000163787 6.26559e-05 0.000217333 -0.000120036 
-0.000330152 0.000154487 3.55995e-05 -0.000165913 0.000431872 -0.000151078 0.000289679 -0.000139325 -0.000466374 -0.000202314 0.000838315 -0.000267949 -0.000112715 -0.000284105 0.000393116 
0.000103961 -2.49318e-05 -4.97262e-05 0.000127091 -0.000162544 0.000131531 -0.00027904 0.00014323 -4.66235e-06 -0.000163787 -0.000267949 0.000656113 -0.000477991 -0.00017816 -0.000243937 
9.38527e-05 -0.000144327 -2.17931e-05 -1.69115e-06 7.651e-05 -8.5148e-05 0.000198016 -0.0001695 0.000327058 6.26559e-05 -0.000112715 -0.000477991 0.00118565 -0.000166098 -3.07495e-05 
7.54269e-06 7.52405e-06 -5.55789e-05 -0.000120465 -0.000145608 0.000120115 -3.45044e-05 5.33137e-05 -3.27224e-05 0.000217333 -0.000284105 -0.00017816 -0.000166098 0.000896268 -0.000138428 
-0.000256774 6.86232e-05 -4.58319e-05 -0.000104735 0.000211328 -8.44692e-05 0.000376252 -0.000144788 -0.000304844 -0.000120036 0.000393116 -0.000243937 -3.07495e-05 -0.000138428 0.000621546 
WEIGHT 0.0190528
ESPERANCE 0.297473 0.183142 0.0744319 0.139272 0.20502 0.50005 0.268857 0.444445 0.172878 0.185567 0.254067 0.476711 0.236138 0.317701 0.256437
COVARIANCE_MATRIX
0.000131757 -4.45356e-05 1.39137e-05 5.22871e-05 -0.00015346 1.21368e-05 -3.59691e-05 -1.14125e-05 0.000285757 3.93263e-05 -0.000250502 3.24539e-05 0.000138177 -2.40874e-05 -0.000110373 
-4.45356e-05 0.000137375 3.56895e-05 -1.6785e-06 5.66897e-05 -6.70954e-05 -5.92586e-05 4.78398e-05 -4.51558e-05 3.18827e-05 0.000131524 4.25207e-05 -0.000202819 -8.17066e-05 1.67163e-05 
1.39137e-05 3.56895e-05 0.000161708 2.7425e-05 -6.10802e-05 -3.48593e-05 -1.59059e-05 4.15074e-06 4.61867e-05 2.88733e-05 8.4542e-05 1.58759e-05 -7.54882e-05 -0.000114366 1.81368e-06 
5.22871e-05 -1.6785e-06 2.7425e-05 9.35528e-05 -8.46198e-05 -2.43383e-05 4.90209e-06 -2.2831e-05 0.000114742 6.87318e-05 -8.44034e-05 6.09124e-05 2.50097e-05 -0.000145504 -2.72456e-05 
-0.00015346 5.66897e-05 -6.10802e-05 -8.46198e-05 0.000291097 -3.24297e-05 -4.22903e-05 2.30004e-05 -0.000251482 -9.30449e-05 0.000395502 -0.000101438 -0.000128058 3.06581e-05 9.91011e-05 
1.21368e-05 -6.70954e-05 -3.48593e-05 -2.43383e-05 -3.24297e-05 7.31393e-05 -2.24424e-05 -3.43145e-06 -3.6482e-05 -1.97248e-05 -0.000118228 5.28644e-05 -2.22759e-05 0.000131548 -8.41214e-05 
-3.59691e-05 -5.92586e-05 -1.59059e-05 4.90209e-06 -4.22903e-05 -2.24424e-05 0.000379597 -0.000120092 -0.00015049 -1.10041e-05 6.1774e-05 -0.000181923 0.000450844 -0.00013873 0.000336764 
-1.14125e-05 4.78398e-05 4.15074e-06 -2.2831e-05 2.30004e-05 -3.43145e-06 -0.000120092 8.79272e-05 -2.36087e-05 -3.32059e-05 -7.37666e-06 6.31323e-05 -0.000216697 9.22453e-05 -9.30472e-05 
0.000285757 -4.51558e-05 4.61867e-05 0.000114742 -0.000251482 -3.6482e-05 -0.00015049 -2.36087e-05 0.000830321 8.47819e-05 -0.000445249 -2.50859e-05 0.000326646 -0.000123274 -0.000154801 
3.93263e-05 3.18827e-05 2.88733e-05 6.87318e-05 -9.30449e-05 -1.97248e-05 -1.10041e-05 -3.32059e-05 8.47819e-05 0.000410366 -0.000184123 -0.000118799 4.16748e-05 0.000136361 -5.39098e-05 
-0.000250502 0.000131524 8.4542e-05 -8.44034e-05 0.000395502 -0.000118228 6.1774e-05 -7.37666e-06 -0.000445249 -0.000184123 0.000884098 -0.000150597 -0.000221556 -0.000261445 0.00029892 
3.24539e-05 4.25207e-05 1.58759e-05 6.09124e-05 -0.000101438 5.28644e-05 -0.000181923 6.31323e-05 -2.50859e-05 -0.000118799 -0.000150597 0.000462614 -0.000460569 -0.000166931 -0.00026247 
0.000138177 -0.000202819 -7.54882e-05 2.50097e-05 -0.000128058 -2.22759e-05 0.000450844 -0.000216697 0.000326646 4.16748e-05 -0.000221556 -0.000460569 0.00123665 -0.000122321 0.000300364 
-2.40874e-05 -8.17066e-05 -0.000114366 -0.000145504 3.06581e-05 0.000131548 -0.00013873 9.22453e-05 -0.000123274 0.000136361 -0.000261445 -0.000166931 -0.000122321 0.000795292 -0.000193558 
-0.000110373 1.67163e-05 1.81368e-06 -2.72456e-05 9.91011e-05 -8.41214e-05 0.000336764 -9.30472e-05 -0.000154801 -5.39098e-05 0.00029892 -0.00026247 0.000300364 -0.000193558 0.000554797 
WEIGHT 0.00956908
ESPERANCE 0.340449 0.141098 0.105404 0.0871035 0.111408 0.356838 0.261788 0.491206 0.210824 0.157572 0.210487 0.452427 0.133264 0.177559 0.233094
COVARIANCE_MATRIX
1.0003e-06 -8.25658e-10 -9.46865e-10 1.49601e-10 7.45104e-10 1.88863e-10 -5.20013e-10 2.60625e-10 8.46327e-10 -1.33386e-09 -9.04318e-10 4.07311e-10 1.03517e-09 -1.71997e-09 -1.05661e-09 
-8.25658e-10 1.00276e-06 3.68049e-09 -1.9962e-10 -3.08519e-09 -5.35869e-10 1.59181e-09 -1.2568e-09 -2.44483e-09 5.1719e-09 2.95093e-09 -1.49761e-09 -2.02383e-09 6.43943e-09 2.83085e-09 
-9.46865e-10 3.68049e-09 1.00537e-06 -5.77625e-12 -4.64029e-09 -6.33511e-10 2.0004e-09 -2.0149e-09 -2.93398e-09 7.5323e-09 3.88194e-09 -2.11995e-09 -1.45717e-09 9.20648e-09 3.17462e-09 
1.49601e-10 -1.9962e-10 -5.77625e-12 1.00017e-06 -7.69905e-11 8.61424e-11 -1.87138e-10 -1.03264e-10 3.67576e-10 -1.32699e-11 -2.47894e-10 3.94033e-11 8.65293e-10 -1.16567e-10 -5.54008e-10 
7.45104e-10 -3.08519e-09 -4.64029e-09 -7.69905e-11 1.00405e-06 5.05481e-10 -1.63823e-09 1.79438e-09 2.35636e-09 -6.51e-09 -3.23522e-09 1.81441e-09 8.31672e-10 -7.90675e-09 -2.47237e-09 
1.88863e-10 -5.35869e-10 -6.33511e-10 8.61424e-11 5.05481e-10 1.00012e-06 -3.32308e-10 1.83317e-10 5.35453e-10 -8.91999e-10 -5.84436e-10 2.69397e-10 6.19588e-10 -1.14179e-09 -6.60436e-10 
-5.20013e-10 1.59181e-09 2.0004e-09 -1.87138e-10 -1.63823e-09 -3.32308e-10 1.00095e-06 -6.32979e-10 -1.50385e-09 2.81425e-09 1.72017e-09 -8.31559e-10 -1.51305e-09 3.55053e-09 1.80306e-09 
2.60625e-10 -1.2568e-09 -2.0149e-09 -1.03264e-10 1.79438e-09 1.83317e-10 -6.32979e-10 1.00082e-06 8.68804e-10 -2.82446e-09 -1.30162e-09 7.72203e-10 -4.41435e-12 -3.38821e-09 -8.4044e-10 
8.46327e-10 -2.44483e-09 -2.93398e-09 3.67576e-10 2.35636e-09 5.35453e-10 -1.50385e-09 8.68804e-10 1.00241e-06 -4.13019e-09 -2.66065e-09 1.24043e-09 2.70622e-09 -5.26727e-09 -2.95425e-09 
-1.33386e-09 5.1719e-09 7.5323e-09 -1.32699e-11 -6.51e-09 -8.91999e-10 2.81425e-09 -2.82446e-09 -4.13019e-09 1.01057e-06 5.45558e-09 -2.9763e-09 -2.07331e-09 1.29238e-08 4.47441e-09 
-9.04318e-10 2.95093e-09 3.88194e-09 -2.47894e-10 -3.23522e-09 -5.84436e-10 1.72017e-09 -1.30162e-09 -2.66065e-09 5.45558e-09 1.00317e-06 -1.58782e-09 -2.32984e-09 6.81553e-09 3.10937e-09 
4.07311e-10 -1.49761e-09 -2.11995e-09 3.94033e-11 1.81441e-09 2.69397e-10 -8.31559e-10 7.72203e-10 1.24043e-09 -2.9763e-09 -1.58782e-09 1.00085e-06 7.69084e-10 -3.66066e-09 -1.37736e-09 
1.03517e-09 -2.02383e-09 -1.45717e-09 8.65293e-10 8.31672e-10 6.19588e-10 -1.51305e-09 -4.41435e-12 2.70622e-09 -2.07331e-09 -2.32984e-09 7.69084e-10 1.00492e-06 -3.05569e-09 -3.74608e-09 
-1.71997e-09 6.43943e-09 9.20648e-09 -1.16567e-10 -7.90675e-09 -1.14179e-09 3.55053e-09 -3.38821e-09 -5.26727e-09 1.29238e-08 6.81553e-09 -3.66066e-09 -3.05569e-09 1.01586e-06 5.80043e-09 
-1.05661e-09 2.83085e-09 3.17462e-09 -5.54008e-10 -2.47237e-09 -6.60436e-10 1.80306e-09 -8.4044e-10 -2.95425e-09 4.47441e-09 3.10937e-09 -1.37736e-09 -3.74608e-09 5.80043e-09 1.00372e-06 
WEIGHT 0.00945303
ESPERANCE 0.28403 0.183484 0.0742824 0.133973 0.231313 0.483724 0.305726 0.421711 0.180082 0.202968 0.290226 0.408169 0.298296 0.316684 0.298814
COVARIANCE_MATRIX
0.000401997 -0.000140472 4.5851e-06 0.000139377 -0.000424971 4.92031e-05 -6.11871e-05 7.11808e-05 0.000496722 9.38436e-06 -0.00046252 0.000120286 5.65913e-05 4.97442e-05 -0.000158758 
-0.000140472 0.000219897 1.21323e-05 -1.30737e-05 0.000131755 -9.97e-05 -8.3729e-05 9.06309e-05 -0.000153235 4.1736e-05 0.000219531 4.45378e-05 -0.000295923 -6.94027e-05 7.24774e-05 
4.5851e-06 1.21323e-05 0.000255846 3.65517e-05 -6.28273e-05 -5.86013e-05 2.38192e-05 1.70858e-05 -6.83631e-07 3.41945e-06 0.000147637 -1.5582e-05 -0.000101183 -0.000137778 4.94786e-05 
0.000139377 -1.30737e-05 3.65517e-05 0.000184379 -0.000185256 -3.27097e-05 -4.50987e-05 4.21302e-05 0.000185606 1.66678e-05 -0.000105053 0.000174996 -0.00015704 -0.000153101 -2.33997e-05 
-0.000424971 0.000131755 -6.28273e-05 -0.000185256 0.000614431 -0.000112839 5.76911e-05 -0.000117421 -0.000382519 -4.96178e-05 0.000641392 -0.000331716 8.23493e-05 -7.05655e-05 0.000180333 
4.92031e-05 -9.97e-05 -5.86013e-05 -3.27097e-05 -0.000112839 0.000189665 -0.000138763 2.55425e-05 -9.71145e-05 -1.13517e-05 -0.000221774 0.00025199 -0.00011931 0.000164077 -0.000167593 
-6.11871e-05 -8.3729e-05 2.38192e-05 -4.50987e-05 5.76911e-05 -0.000138763 0.000661528 -0.000337023 3.89916e-05 2.33821e-05 8.25332e-05 -0.000548651 0.000867654 -0.000188197 0.000320938 
7.11808e-05 9.06309e-05 1.70858e-05 4.21302e-05 -0.000117421 2.55425e-05 -0.000337023 0.000329395 -9.9968e-05 -9.31006e-05 -9.3005e-05 0.000316212 -0.00050297 0.000147345 -0.000149387 
0.000496722 -0.000153235 -6.83631e-07 0.000185606 -0.000382519 -9.71145e-05 3.89916e-05 -9.9968e-05 0.00124554 4.20301e-05 -0.000578376 -0.000222724 0.000439495 -8.11044e-05 1.51193e-05 
9.38436e-06 4.1736e-05 3.41945e-06 1.66678e-05 -4.96178e-05 -1.13517e-05 2.33821e-05 -9.31006e-05 4.20301e-05 0.000719242 -0.000274058 -0.000389121 0.000193257 0.000334965 -0.00010382 
-0.00046252 0.000219531 0.000147637 -0.000105053 0.000641392 -0.000221774 8.25332e-05 -9.3005e-05 -0.000578376 -0.000274058 0.00130556 -0.000171597 -0.000426949 -0.000493055 0.000351072 
0.000120286 4.45378e-05 -1.5582e-05 0.000174996 -0.000331716 0.00025199 -0.000548651 0.000316212 -0.000222724 -0.000389121 -0.000171597 0.00127481 -0.00115423 -0.000263109 -0.000292362 
5.65913e-05 -0.000295923 -0.000101183 -0.00015704 8.23493e-05 -0.00011931 0.000867654 -0.00050297 0.000439495 0.000193257 -0.000426949 -0.00115423 0.00208304 3.56659e-05 0.000185346 
4.97442e-05 -6.94027e-05 -0.000137778 -0.000153101 -7.05655e-05 0.000164077 -0.000188197 0.000147345 -8.11044e-05 0.000334965 -0.000493055 -0.000263109 3.56659e-05 0.00103044 -0.000343264 
-0.000158758 7.24774e-05 4.94786e-05 -2.33997e-05 0.000180333 -0.000167593 0.000320938 -0.000149387 1.51193e-05 -0.00010382 0.000351072 -0.000292362 0.000185346 -0.000343264 0.000606594 
WEIGHT 0.0126519
ESPERANCE 0.337964 0.161895 0.084073 0.146969 0.163695 0.489051 0.299286 0.420792 0.266271 0.182212 0.213082 0.425338 0.33419 0.294944 0.280668
COVARIANCE_MATRIX
0.000290214 -0.000148721 4.58532e-05 3.8394e-05 -0.000332248 -3.91892e-05 0.000120604 -0.000164906 0.000562062 -0.000185894 -0.000325255 -0.000136492 0.000448329 -0.000228237 4.3806e-06 
-0.000148721 0.000218695 4.17923e-05 -2.91699e-05 0.000215945 -3.54079e-05 -0.000170676 0.000121728 -0.000220079 8.41922e-05 0.000223315 0.000171619 -0.000267991 -8.08764e-05 -8.0331e-05 
4.58532e-05 4.17923e-05 0.000205643 -4.40759e-06 -8.03735e-05 -6.74322e-05 1.1789e-05 -1.43846e-05 0.000143956 -0.000111088 0.000137001 -3.18175e-05 6.55544e-05 -0.000181917 -5.47123e-07 
3.8394e-05 -2.91699e-05 -4.40759e-06 0.000132613 -7.85549e-05 -3.4985e-05 5.12445e-06 -5.18435e-06 1.87777e-05 0.00011353 -8.97158e-05 2.67719e-05 5.51572e-05 -8.78674e-05 -0.000113236 
-0.000332248 0.000215945 -8.03735e-05 -7.85549e-05 0.000610368 -3.82828e-05 -0.000160038 0.000146711 -0.000546043 0.000191712 0.000660113 -3.71383e-06 -0.000470359 0.000200938 1.97391e-05 
-3.91892e-05 -3.54079e-05 -6.74322e-05 -3.4985e-05 -3.82828e-05 0.000156827 -0.000170726 5.05529e-05 -0.00011101 2.20487e-05 -0.000213622 0.000246403 -0.00023966 0.000199176 -8.67947e-05 
0.000120604 -0.000170676 1.1789e-05 5.12445e-06 -0.000160038 -0.000170726 0.000688747 -0.000218639 0.000118989 -0.000118993 0.000141796 -0.000629566 0.000748573 -0.000159934 0.000418375 
-0.000164906 0.000121728 -1.43846e-05 -5.18435e-06 0.000146711 5.05529e-05 -0.000218639 0.000187771 -0.000313053 6.77817e-05 5.0764e-05 0.000252582 -0.000396965 0.000155663 -0.000136448 
0.000562062 -0.000220079 0.000143956 1.87777e-05 -0.000546043 -0.00011101 0.000118989 -0.000313053 0.00128108 -0.000471137 -0.000583914 -0.000265212 0.000855714 -0.000546799 7.27482e-05 
-0.000185894 8.41922e-05 -0.000111088 0.00011353 0.000191712 2.20487e-05 -0.000118993 6.77817e-05 -0.000471137 0.000739463 0.000136496 -7.46014e-05 -0.000454941 0.000421144 -5.08249e-05 
-0.000325255 0.000223315 0.000137001 -8.97158e-05 0.000660113 -0.000213622 0.000141796 5.0764e-05 -0.000583914 0.000136496 0.00147433 -0.000435494 -0.000385653 3.54066e-05 0.000308111 
-0.000136492 0.000171619 -3.18175e-05 2.67719e-05 -3.71383e-06 0.000246403 -0.000629566 0.000252582 -0.000265212 -7.46014e-05 -0.000435494 0.0010531 -0.000651348 -0.000147788 -0.000572541 
0.000448329 -0.000267991 6.55544e-05 5.51572e-05 -0.000470359 -0.00023966 0.000748573 -0.000396965 0.000855714 -0.000454941 -0.000385653 -0.000651348 0.00154831 -0.000695007 0.000223516 
-0.000228237 -8.08764e-05 -0.000181917 -8.78674e-05 0.000200938 0.000199176 -0.000159934 0.000155663 -0.000546799 0.000421144 3.54066e-05 -0.000147788 -0.000695007 0.00116389 8.2581e-05 
4.3806e-06 -8.0331e-05 -5.47123e-07 -0.000113236 1.97391e-05 -8.67947e-05 0.000418375 -0.000136448 7.27482e-05 -5.08249e-05 0.000308111 -0.000572541 0.000223516 8.2581e-05 0.000758461 
WEIGHT 0.00454139
ESPERANCE 0.277757 0.177617 0.0830727 0.0871877 0.204039 0.364152 0.361806 0.413634 0.186573 0.204675 0.309254 0.325712 0.248808 0.268015 0.334725
COVARIANCE_MATRIX
0.000577499 -0.000286976 0.000125967 0.000128467 -0.000529135 -0.000130809 -0.000510329 0.00052363 0.000193806 -4.6886e-05 -0.000365418 0.000333107 -0.000473977 -0.000242514 -0.000253043 
-0.000286976 0.000310372 -3.83417e-05 -9.25365e-05 0.000284958 0.000206826 0.000183501 -0.000228647 -5.14465e-05 0.000192671 0.000135754 -0.000239147 0.00039934 0.000373467 7.27704e-06 
0.000125967 -3.83417e-05 0.000282778 -8.84636e-06 -0.000181883 -0.000191678 -0.000152141 0.000151071 1.04468e-06 0.000174639 -4.077e-05 -1.083e-05 -0.000179306 -0.00022894 -4.96817e-05 
0.000128467 -9.25365e-05 -8.84636e-06 0.000225791 -0.00011422 7.15653e-05 -9.46016e-05 1.93235e-05 0.000168691 -4.02896e-05 -9.65564e-05 0.000176789 -6.91141e-05 -2.08436e-05 -9.91365e-05 
-0.000529135 0.000284958 -0.000181883 -0.00011422 0.00101748 0.000664531 0.000349305 -0.000589514 -3.77001e-05 -8.79426e-06 0.000538263 -0.000379207 0.00114947 0.000529293 3.71865e-05 
-0.000130809 0.000206826 -0.000191678 7.15653e-05 0.000664531 0.00163283 -0.000153756 -0.000365272 0.000174964 -4.9299e-05 0.000195105 0.000232559 0.00107016 0.00127989 -0.000405318 
-0.000510329 0.000183501 -0.000152141 -9.46016e-05 0.000349305 -0.000153756 0.00078703 -0.000631028 -6.93211e-05 -6.11593e-06 0.000328888 -0.000541437 0.000378965 0.000180286 0.000431014 
0.00052363 -0.000228647 0.000151071 1.93235e-05 -0.000589514 -0.000365272 -0.000631028 0.000882085 -0.000268638 -9.32175e-05 -0.000351783 0.000497291 -0.000845343 -0.000554376 -5.14112e-05 
0.000193806 -5.14465e-05 1.04468e-06 0.000168691 -3.77001e-05 0.000174964 -6.93211e-05 -0.000268638 0.000967133 9.07693e-05 -0.000348256 -0.000251891 0.000593957 0.000432648 -0.000455607 
-4.6886e-05 0.000192671 0.000174639 -4.02896e-05 -8.79426e-06 -4.9299e-05 -6.11593e-06 -9.32175e-05 9.07693e-05 0.000655076 -0.00016019 -0.000390997 0.000251298 0.000254744 -9.58537e-05 
-0.000365418 0.000135754 -4.077e-05 -9.65564e-05 0.000538263 0.000195105 0.000328888 -0.000351783 -0.000348256 -0.00016019 0.000836402 -0.000262893 0.000115194 2.14633e-05 0.000241777 
0.000333107 -0.000239147 -1.083e-05 0.000176789 -0.000379207 0.000232559 -0.000541437 0.000497291 -0.000251891 -0.000390997 -0.000262893 0.00116033 -0.000803228 -0.000491128 -0.000129215 
-0.000473977 0.00039934 -0.000179306 -6.91141e-05 0.00114947 0.00107016 0.000378965 -0.000845343 0.000593957 0.000251298 0.000115194 -0.000803228 0.00266816 0.00108172 -0.000427291 
-0.000242514 0.000373467 -0.00022894 -2.08436e-05 0.000529293 0.00127989 0.000180286 -0.000554376 0.000432648 0.000254744 2.14633e-05 -0.000491128 0.00108172 0.00219506 -0.000550801 
-0.000253043 7.27704e-06 -4.96817e-05 -9.91365e-05 3.71865e-05 -0.000405318 0.000431014 -5.14112e-05 -0.000455607 -9.58537e-05 0.000241777 -0.000129215 -0.000427291 -0.000550801 0.000956553 
WEIGHT 0.0184177
ESPERANCE 0.30976 0.175025 0.0845347 0.0935436 0.176166 0.423943 0.288471 0.462727 0.17031 0.182365 0.259482 0.438819 0.183565 0.266535 0.283173
COVARIANCE_MATRIX
9.86545e-05 -4.85498e-05 2.15735e-05 3.89301e-05 -0.000102445 2.66976e-05 -0.000103858 3.01426e-05 0.000190296 -7.6913e-06 -0.000174114 7.28838e-05 6.42266e-05 -8.44958e-06 -0.000174531 
-4.85498e-05 9.2527e-05 2.67032e-05 -1.43208e-05 3.2247e-05 -4.26031e-05 1.90268e-05 5.25816e-06 -8.64544e-05 5.53834e-05 9.18083e-05 -8.11112e-06 -0.000130449 -2.47504e-06 4.88496e-05 
2.15735e-05 2.67032e-05 0.000126431 -3.54651e-06 -6.64335e-05 -1.38797e-05 -4.43778e-05 1.69197e-05 3.09642e-05 5.68193e-05 3.01931e-05 -7.70476e-06 -5.49978e-05 4.599e-06 -7.26348e-05 
3.89301e-05 -1.43208e-05 -3.54651e-06 9.605e-05 -6.18245e-05 -3.12226e-06 -8.01429e-06 -2.15199e-05 8.74744e-05 2.82743e-05 -7.72041e-05 7.26747e-05 2.71305e-05 -0.000109266 -4.46892e-05 
