DESCRIPTOR_NAME Steinhardt
FILTER_TYPE element
NUMBER_OF_DIMENSION 15
CUTOFF_RADIUS 4.000000
STEINHARDT_STYLE Mono
AVE_STYLE none
STEINHARDT_MODE Full
FILTER_VALUE Au
NUMBER_OF_CLUSTER 15
WEIGHT 0.00799616
ESPERANCE 0.0807157 0.0388165 0.0985789 0.0530884 0.114819 0.357147 0.197161 0.442436 0.130854 0.133878 0.165508 0.385828 0.187855 0.187858 0.2334
COVARIANCE_MATRIX
0.000456723 -0.000210264 0.00016686 -0.000222889 0.00030279 0.000344502 -0.00031739 -2.13838e-05 0.000176787 -5.25261e-05 -0.000114068 0.00038119 2.91054e-05 5.76186e-05 -0.000327872 
-0.000210264 0.000282069 -0.000137965 0.000221719 -0.000194915 -0.000277319 -6.27915e-05 7.41777e-05 -4.01704e-05 0.000201886 -4.07883e-05 -0.000238201 -0.000107824 -1.25831e-05 -2.79553e-05 
0.00016686 -0.000137965 0.000260095 -0.000168982 5.23337e-05 0.000204382 2.99744e-06 -4.01393e-05 -4.48365e-05 -4.23731e-05 0.000150574 0.000164489 2.86554e-05 1.91127e-05 -7.71331e-05 
-0.000222889 0.000221719 -0.000168982 0.000289286 -0.000196265 -0.000300294 -4.33709e-05 7.76163e-05 -2.61913e-05 0.000165883 -3.85008e-05 -0.000260614 -0.000108239 -1.64893e-05 3.30951e-06 
0.00030279 -0.000194915 5.23337e-05 -0.000196265 0.000365884 0.000258167 -2.44188e-05 -7.9366e-05 0.000154899 -8.70578e-05 -3.46905e-05 0.000195968 0.000238339 2.96115e-05 -3.91314e-05 
0.000344502 -0.000277319 0.000204382 -0.000300294 0.000258167 0.000449656 -5.37523e-05 -8.76934e-05 3.9924e-05 -0.00013893 -9.70153e-05 0.000452285 1.79149e-05 0.000120771 -0.000114537 
-0.00031739 -6.27915e-05 2.99744e-06 -4.33709e-05 -2.44188e-05 -5.37523e-05 0.000890117 -0.000221549 -7.81718e-05 -0.000124587 0.000400426 -0.000366864 0.000406689 2.47255e-06 0.000820175 
-2.13838e-05 7.41777e-05 -4.01393e-05 7.76163e-05 -7.9366e-05 -8.76934e-05 -0.000221549 0.000121515 -9.88397e-05 4.48911e-05 -0.000114745 3.24497e-05 -0.000164229 -5.18415e-05 -0.000198608 
0.000176787 -4.01704e-05 -4.48365e-05 -2.61913e-05 0.000154899 3.9924e-05 -7.81718e-05 -9.88397e-05 0.000486168 -3.88873e-05 -2.21152e-05 -4.83618e-05 0.000153359 4.65178e-05 4.21662e-05 
-5.25261e-05 0.000201886 -4.23731e-05 0.000165883 -8.70578e-05 -0.00013893 -0.000124587 4.48911e-05 -3.88873e-05 0.000407863 -8.31556e-05 -0.000201729 -6.11984e-05 0.000170465 -0.000132883 
-0.000114068 -4.07883e-05 0.000150574 -3.85008e-05 -3.46905e-05 -9.70153e-05 0.000400426 -0.000114745 -2.21152e-05 -8.31556e-05 0.000604204 -0.000319311 0.000238593 -9.03231e-05 0.000327593 
0.00038119 -0.000238201 0.000164489 -0.000260614 0.000195968 0.000452285 -0.000366864 3.24497e-05 -4.83618e-05 -0.000201729 -0.000319311 0.000705145 -0.000254607 -3.05509e-06 -0.000396765 
2.91054e-05 -0.000107824 2.86554e-05 -0.000108239 0.000238339 1.79149e-05 0.000406689 -0.000164229 0.000153359 -6.11984e-05 0.000238593 -0.000254607 0.000716784 -9.79826e-05 0.000295212 
5.76186e-05 -1.25831e-05 1.91127e-05 -1.64893e-05 2.96115e-05 0.000120771 2.47255e-06 -5.18415e-05 4.65178e-05 0.000170465 -9.03231e-05 -3.05509e-06 -9.79826e-05 0.000462741 -4.97638e-05 
-0.000327872 -2.79553e-05 -7.71331e-05 3.30951e-06 -3.91314e-05 -0.000114537 0.000820175 -0.000198608 4.21662e-05 -0.000132883 0.000327593 -0.000396765 0.000295212 -4.97638e-05 0.000979888 
WEIGHT 0.00666424
ESPERANCE 0.038149 0.034873 0.039501 0.192591 0.0994915 0.543513 0.149259 0.375773 0.133714 0.133871 0.184798 0.489092 0.229897 0.289699 0.203315
COVARIANCE_MATRIX
0.000268139 1.74368e-05 4.63288e-05 -2.30267e-05 0.000372846 -0.000206724 0.000648723 -0.000201763 0.000363563 8.66867e-05 0.000567348 -0.000596383 0.000748103 -0.000203519 0.00042322 
1.74368e-05 0.000167431 9.42899e-06 1.34675e-05 2.03193e-05 -4.92657e-05 4.69619e-05 -1.16647e-05 3.9257e-05 0.00031839 2.77859e-05 -0.000197106 2.37025e-05 0.000148147 7.7153e-05 
4.63288e-05 9.42899e-06 0.000157374 -2.83385e-05 8.76212e-05 -4.77866e-05 0.000140466 -7.56474e-05 0.000246274 2.42557e-05 0.000162133 -0.000185276 0.000165419 -3.69928e-05 0.000258971 
-2.30267e-05 1.34675e-05 -2.83385e-05 4.3379e-05 -4.43551e-05 -9.67955e-06 -5.78902e-05 5.71498e-05 -4.68929e-05 3.39454e-05 -8.47718e-05 3.40289e-05 -5.90209e-05 2.56298e-05 -4.25725e-05 
0.000372846 2.03193e-05 8.76212e-05 -4.43551e-05 0.000705979 -0.000347768 0.00106645 -0.00034402 0.000613217 0.000131829 0.00106515 -0.00100763 0.00122305 -0.00034183 0.000724018 
-0.000206724 -4.92657e-05 -4.77866e-05 -9.67955e-06 -0.000347768 0.000221483 -0.000580551 0.000158454 -0.000334225 -0.000155041 -0.000507787 0.000592239 -0.000655191 0.000150968 -0.000405292 
0.000648723 4.69619e-05 0.000140466 -5.78902e-05 0.00106645 -0.000580551 0.00187283 -0.000575691 0.000989574 0.000260634 0.00162019 -0.00167482 0.00217343 -0.000618396 0.00125642 
-0.000201763 -1.16647e-05 -7.56474e-05 5.71498e-05 -0.00034402 0.000158454 -0.000575691 0.000243956 -0.000355795 -0.000126998 -0.000518732 0.000539154 -0.000664098 0.000202044 -0.000413435 
0.000363563 3.9257e-05 0.000246274 -4.68929e-05 0.000613217 -0.000334225 0.000989574 -0.000355795 0.000892369 0.000172103 0.000847868 -0.0010147 0.00128705 -0.000349682 0.000901735 
8.66867e-05 0.00031839 2.42557e-05 3.39454e-05 0.000131829 -0.000155041 0.000260634 -0.000126998 0.000172103 0.000949094 0.000115709 -0.000602214 0.00023386 0.000284106 0.000206759 
0.000567348 2.77859e-05 0.000162133 -8.47718e-05 0.00106515 -0.000507787 0.00162019 -0.000518732 0.000847868 0.000115709 0.00183052 -0.00151445 0.00173689 -0.000542621 0.00122826 
-0.000596383 -0.000197106 -0.000185276 3.40289e-05 -0.00100763 0.000592239 -0.00167482 0.000539154 -0.0010147 -0.000602214 -0.00151445 0.00177879 -0.00191555 0.000369204 -0.00123129 
0.000748103 2.37025e-05 0.000165419 -5.90209e-05 0.00122305 -0.000655191 0.00217343 -0.000664098 0.00128705 0.00023386 0.00173689 -0.00191555 0.00280839 -0.000826275 0.0014557 
-0.000203519 0.000148147 -3.69928e-05 2.56298e-05 -0.00034183 0.000150968 -0.000618396 0.000202044 -0.000349682 0.000284106 -0.000542621 0.000369204 -0.000826275 0.000547355 -0.000470461 
0.00042322 7.7153e-05 0.000258971 -4.25725e-05 0.000724018 -0.000405292 0.00125642 -0.000413435 0.000901735 0.000206759 0.00122826 -0.00123129 0.0014557 -0.000470461 0.00129036 
WEIGHT 0.00485409
ESPERANCE 0.0652728 0.0773984 0.0663582 0.0856966 0.108454 0.377505 0.194743 0.421423 0.163219 0.155751 0.189423 0.348091 0.218 0.231915 0.235283
COVARIANCE_MATRIX
0.000873768 -0.000165251 0.000387944 1.18357e-05 0.000716721 0.000607352 0.000438105 -0.000471901 0.000740902 -1.65643e-05 0.000576714 -9.39048e-05 0.000835187 0.000263917 0.000312006 
-0.000165251 0.000825369 -0.000600848 0.000251555 -0.000212792 0.000457394 -0.000611343 3.47355e-05 6.36944e-05 0.000100019 -0.000243197 0.000284823 8.43112e-05 0.000123651 -0.000444874 
0.000387944 -0.000600848 0.000918582 -0.000209924 0.00038061 -0.000253095 0.00075658 -0.000193791 0.000131991 -1.27895e-05 0.000456405 -0.000148494 0.000178745 -0.000186444 0.000469473 
1.18357e-05 0.000251555 -0.000209924 0.000247396 -8.38644e-06 0.000240441 -0.000177575 -2.75889e-05 7.16859e-05 5.99287e-05 -9.82629e-05 0.000155024 6.08066e-05 0.000100108 -0.000135944 
0.000716721 -0.000212792 0.00038061 -8.38644e-06 0.000956553 0.000590688 0.000853783 -0.000579555 0.000658014 6.75459e-05 0.000826956 -0.000374962 0.000987373 0.000460937 0.000609194 
0.000607352 0.000457394 -0.000253095 0.000240441 0.000590688 0.00232927 -0.000143439 -0.00086043 0.000735818 0.000190328 0.000413742 0.000534636 0.000964819 0.00153067 5.6153e-05 
0.000438105 -0.000611343 0.00075658 -0.000177575 0.000853783 -0.000143439 0.00262746 -0.00095477 0.000867328 -0.000151721 0.00143126 -0.0012039 0.00137815 -5.23993e-05 0.00203646 
-0.000471901 3.47355e-05 -0.000193791 -2.75889e-05 -0.000579555 -0.00086043 -0.00095477 0.000774758 -0.000762981 -1.61364e-06 -0.000753402 0.000262559 -0.00100069 -0.000484489 -0.000799635 
0.000740902 6.36944e-05 0.000131991 7.16859e-05 0.000658014 0.000735818 0.000867328 -0.000762981 0.00130981 -0.000187935 0.000733487 -0.000418427 0.00134097 0.000273925 0.000793299 
-1.65643e-05 0.000100019 -1.27895e-05 5.99287e-05 6.75459e-05 0.000190328 -0.000151721 -1.61364e-06 -0.000187935 0.000624649 -0.000240512 -5.5804e-05 3.3461e-05 0.000414781 -0.000172131 
0.000576714 -0.000243197 0.000456405 -9.82629e-05 0.000826956 0.000413742 0.00143126 -0.000753402 0.000733487 -0.000240512 0.00159176 -0.000734997 0.000906926 0.000220778 0.00126788 
-9.39048e-05 0.000284823 -0.000148494 0.000155024 -0.000374962 0.000534636 -0.0012039 0.000262559 -0.000418427 -5.5804e-05 -0.000734997 0.001275 -0.000770374 -2.42095e-05 -0.00101233 
0.000835187 8.43112e-05 0.000178745 6.08066e-05 0.000987373 0.000964819 0.00137815 -0.00100069 0.00134097 3.3461e-05 0.000906926 -0.000770374 0.00230552 0.000392926 0.000951497 
0.000263917 0.000123651 -0.000186444 0.000100108 0.000460937 0.00153067 -5.23993e-05 -0.000484489 0.000273925 0.000414781 0.000220778 -2.42095e-05 0.000392926 0.00197166 -7.36301e-06 
0.000312006 -0.000444874 0.000469473 -0.000135944 0.000609194 5.6153e-05 0.00203646 -0.000799635 0.000793299 -0.000172131 0.00126788 -0.00101233 0.000951497 -7.36301e-06 0.00212731 
WEIGHT 0.0200687
ESPERANCE 0.0605771 0.0676461 0.0700962 0.128504 0.127132 0.480968 0.201529 0.394195 0.138634 0.13974 0.191492 0.42642 0.255868 0.261687 0.23865
COVARIANCE_MATRIX
0.0003754 1.27342e-06 9.22878e-05 2.6121e-05 -4.29718e-06 -2.69031e-05 -0.000259636 3.37457e-05 0.000329096 -1.04359e-05 0.00013526 -3.00935e-05 -0.000169683 1.29698e-05 -0.000119466 
1.27342e-06 0.000287905 5.62178e-06 9.02689e-05 -6.88371e-05 -7.70041e-05 2.22955e-05 1.9891e-05 1.13102e-05 0.000112935 2.96468e-05 6.62589e-05 -0.000120025 -0.000174831 4.13646e-05 
9.22878e-05 5.62178e-06 0.000220379 1.62203e-05 -8.60886e-05 -2.85677e-05 -6.19291e-05 2.21093e-05 5.32673e-05 5.04303e-05 0.000160287 -5.05183e-05 -8.51646e-05 -2.20361e-05 -2.63764e-05 
2.6121e-05 9.02689e-05 1.62203e-05 8.01085e-05 -4.24249e-05 -4.64222e-05 -2.27221e-05 4.0712e-05 1.58585e-05 5.8171e-05 -6.73545e-06 1.42604e-05 -6.73612e-05 -3.61278e-05 -8.84721e-06 
-4.29718e-06 -6.88371e-05 -8.60886e-05 -4.24249e-05 0.000171279 -2.19567e-05 6.40126e-05 -3.50317e-05 5.57119e-05 -5.87404e-05 7.73239e-05 -0.000125778 0.000196276 -4.33347e-06 3.15706e-05 
-2.69031e-05 -7.70041e-05 -2.85677e-05 -4.64222e-05 -2.19567e-05 7.75461e-05 -6.88759e-05 -1.02789e-05 -5.02494e-05 -3.20451e-05 -9.94604e-05 9.60669e-05 -7.05031e-05 8.11992e-05 -6.08285e-05 
-0.000259636 2.22955e-05 -6.19291e-05 -2.27221e-05 6.40126e-05 -6.88759e-05 0.000495877 -0.000112345 -0.000163766 -4.7061e-05 0.000112655 -0.000190078 0.000441751 -0.000187023 0.000296432 
3.37457e-05 1.9891e-05 2.21093e-05 4.0712e-05 -3.50317e-05 -1.02789e-05 -0.000112345 9.65087e-05 -5.90011e-05 -1.68344e-05 -4.15132e-05 6.20892e-05 -0.000128395 3.70975e-05 -7.88637e-05 
0.000329096 1.13102e-05 5.32673e-05 1.58585e-05 5.57119e-05 -5.02494e-05 -0.000163766 -5.90011e-05 0.000615279 -1.0767e-05 4.65873e-05 -0.000137314 3.56797e-05 -1.25686e-05 3.27e-05 
-1.04359e-05 0.000112935 5.04303e-05 5.8171e-05 -5.87404e-05 -3.20451e-05 -4.7061e-05 -1.68344e-05 -1.0767e-05 0.000619154 -0.000104307 -0.000191573 -5.75399e-05 0.000215926 -5.1272e-06 
0.00013526 2.96468e-05 0.000160287 -6.73545e-06 7.73239e-05 -9.94604e-05 0.000112655 -4.15132e-05 4.65873e-05 -0.000104307 0.00065198 -0.000210444 -5.89285e-05 -0.000153562 0.000131503 
-3.00935e-05 6.62589e-05 -5.05183e-05 1.42604e-05 -0.000125778 9.60669e-05 -0.000190078 6.20892e-05 -0.000137314 -0.000191573 -0.000210444 0.000440143 -0.000340377 -0.000105197 -0.000175562 
-0.000169683 -0.000120025 -8.51646e-05 -6.73612e-05 0.000196276 -7.05031e-05 0.000441751 -0.000128395 3.56797e-05 -5.75399e-05 -5.89285e-05 -0.000340377 0.000934872 -0.000226411 0.000165864 
1.29698e-05 -0.000174831 -2.20361e-05 -3.61278e-05 -4.33347e-06 8.11992e-05 -0.000187023 3.70975e-05 -1.25686e-05 0.000215926 -0.000153562 -0.000105197 -0.000226411 0.000615061 -0.000154101 
-0.000119466 4.13646e-05 -2.63764e-05 -8.84721e-06 3.15706e-05 -6.08285e-05 0.000296432 -7.88637e-05 3.27e-05 -5.1272e-06 0.000131503 -0.000175562 0.000165864 -0.000154101 0.000489361 
WEIGHT 0.00675906
ESPERANCE 0.0520949 0.0681139 0.0760322 0.0867038 0.174589 0.390754 0.33225 0.333469 0.198843 0.16913 0.243517 0.272438 0.324619 0.268204 0.281936
COVARIANCE_MATRIX
0.000531242 -6.44134e-05 1.38902e-05 0.000189514 4.38718e-05 3.80507e-05 -0.000123713 -1.39869e-05 0.000213698 6.39101e-05 4.79616e-05 9.97825e-05 -8.97901e-05 -9.28481e-05 8.50021e-05 
-6.44134e-05 0.000304825 3.76653e-05 4.16188e-05 -3.81996e-05 -0.000179595 9.33949e-05 4.44384e-05 -8.33219e-05 0.000118979 0.000165088 -0.000117648 -0.000201372 -1.10828e-05 7.03763e-05 
1.38902e-05 3.76653e-05 0.000346541 -0.000200144 -0.000225512 -0.00027006 -4.28124e-05 0.000182494 -1.06328e-05 4.92002e-05 -3.3338e-06 -0.000121575 -0.000324677 -4.59739e-05 7.22729e-05 
0.000189514 4.16188e-05 -0.000200144 0.000724754 8.50828e-05 0.000468282 -0.000168818 -7.07034e-05 6.50706e-05 0.000104333 -7.83911e-06 0.00037126 0.000328042 -0.000105849 -5.07649e-06 
4.38718e-05 -3.81996e-05 -0.000225512 8.50828e-05 0.000480249 1.61641e-05 0.000197508 -0.000227762 -2.23077e-05 6.99981e-05 0.000232413 -0.000122411 0.000231455 5.9033e-05 -1.62155e-05 
3.80507e-05 -0.000179595 -0.00027006 0.000468282 1.61641e-05 0.000849082 -0.000427122 -8.01743e-05 6.89301e-05 -0.000126949 -0.000150168 0.000608404 0.000521908 -0.000146556 -0.000142194 
-0.000123713 9.33949e-05 -4.28124e-05 -0.000168818 0.000197508 -0.000427122 0.000617196 -0.000293496 -1.85087e-05 0.000132303 0.000115083 -0.000527348 9.16779e-05 0.000226329 5.18059e-05 
-1.39869e-05 4.44384e-05 0.000182494 -7.07034e-05 -0.000227762 -8.01743e-05 -0.000293496 0.000445345 -0.00023262 -0.00010807 2.36987e-05 0.000137117 -0.000368543 -0.000100005 9.99449e-05 
0.000213698 -8.33219e-05 -1.06328e-05 6.50706e-05 -2.23077e-05 6.89301e-05 -1.85087e-05 -0.00023262 0.000572015 -3.93735e-05 -0.000349293 -3.52775e-06 0.000302623 1.60427e-05 -0.000164227 
6.39101e-05 0.000118979 4.92002e-05 0.000104333 6.99981e-05 -0.000126949 0.000132303 -0.00010807 -3.93735e-05 0.000592005 -5.24815e-05 -0.00020927 -0.000170132 0.000241203 4.10121e-05 
4.79616e-05 0.000165088 -3.3338e-06 -7.83911e-06 0.000232413 -0.000150168 0.000115083 2.36987e-05 -0.000349293 -5.24815e-05 0.000987161 -0.000253279 -0.000543514 3.42151e-05 0.000228034 
9.97825e-05 -0.000117648 -0.000121575 0.00037126 -0.000122411 0.000608404 -0.000527348 0.000137117 -3.52775e-06 -0.00020927 -0.000253279 0.00095973 0.000106046 -0.000452329 6.53486e-06 
-8.97901e-05 -0.000201372 -0.000324677 0.000328042 0.000231455 0.000521908 9.16779e-05 -0.000368543 0.000302623 -0.000170132 -0.000543514 0.000106046 0.00156213 -0.000427022 -0.000317412 
-9.28481e-05 -1.10828e-05 -4.59739e-05 -0.000105849 5.9033e-05 -0.000146556 0.000226329 -0.000100005 1.60427e-05 0.000241203 3.42151e-05 -0.000452329 -0.000427022 0.00119667 -0.000334523 
8.50021e-05 7.03763e-05 7.22729e-05 -5.07649e-06 -1.62155e-05 -0.000142194 5.18059e-05 9.99449e-05 -0.000164227 4.10121e-05 0.000228034 6.53486e-06 -0.000317412 -0.000334523 0.000674077 
WEIGHT 0.00999124
ESPERANCE 0.0412857 0.0915645 0.0663312 0.0723959 0.103616 0.380339 0.224855 0.416549 0.159575 0.1468 0.196223 0.338479 0.232547 0.22862 0.264341
COVARIANCE_MATRIX
0.000352026 -3.65966e-05 1.47612e-05 -4.00459e-07 6.15058e-05 1.14481e-07 -0.000197953 5.75948e-05 0.000104809 7.01628e-07 -2.93457e-05 3.10905e-05 -2.49074e-05 -5.18959e-06 -0.000149405 
-3.65966e-05 0.000186613 -6.53171e-06 8.03152e-05 3.47306e-06 -7.57624e-05 -6.90452e-06 3.03905e-05 -3.1537e-05 4.35728e-05 1.02351e-05 9.32705e-05 1.8377e-05 -0.000214927 -8.77128e-05 
1.47612e-05 -6.53171e-06 0.000166732 -1.51533e-05 -4.28196e-05 -1.9664e-05 -3.45304e-05 2.63074e-05 -1.28841e-05 6.07802e-05 5.63497e-05 -5.81758e-05 -4.37454e-06 2.43599e-05 -3.67367e-05 
-4.00459e-07 8.03152e-05 -1.51533e-05 0.000108059 -2.27169e-05 -4.71995e-05 -1.28712e-06 1.53571e-05 2.20898e-05 9.56203e-06 -4.91554e-06 4.64421e-05 -3.34119e-05 -7.9105e-05 -5.27973e-06 
6.15058e-05 3.47306e-06 -4.28196e-05 -2.27169e-05 0.000225398 -9.28783e-05 8.89705e-05 -4.26084e-05 4.77858e-05 3.28285e-05 0.000116853 -0.000189253 0.000252581 -8.06574e-05 -3.78025e-05 
1.14481e-07 -7.57624e-05 -1.9664e-05 -4.71995e-05 -9.28783e-05 0.000137467 -0.000187063 5.70032e-05 -8.65745e-05 -3.42504e-05 -0.000147672 0.000197469 -0.00018839 0.000138313 -8.58498e-05 
-0.000197953 -6.90452e-06 -3.45304e-05 -1.28712e-06 8.89705e-05 -0.000187063 0.000765021 -0.000377305 0.000342781 -4.71329e-05 0.000381792 -0.000577864 0.000462326 -0.000116639 0.000581306 
5.75948e-05 3.03905e-05 2.63074e-05 1.53571e-05 -4.26084e-05 5.70032e-05 -0.000377305 0.00027077 -0.000308714 1.87707e-05 -0.000180108 0.000295913 -0.000250027 2.44836e-05 -0.000294015 
0.000104809 -3.1537e-05 -1.28841e-05 2.20898e-05 4.77858e-05 -8.65745e-05 0.000342781 -0.000308714 0.000656269 -0.000101324 0.000111432 -0.000353818 0.000323117 -4.09914e-05 0.000338771 
7.01628e-07 4.35728e-05 6.07802e-05 9.56203e-06 3.28285e-05 -3.42504e-05 -4.71329e-05 1.87707e-05 -0.000101324 0.000393513 -8.98205e-05 -0.000135512 0.000110005 5.47614e-05 -0.000118518 
-2.93457e-05 1.02351e-05 5.63497e-05 -4.91554e-06 0.000116853 -0.000147672 0.000381792 -0.000180108 0.000111432 -8.98205e-05 0.000601692 -0.000367215 8.59834e-06 -7.59088e-05 0.000335086 
3.10905e-05 9.32705e-05 -5.81758e-05 4.64421e-05 -0.000189253 0.000197469 -0.000577864 0.000295913 -0.000353818 -0.000135512 -0.000367215 0.000800394 -0.000556612 -0.000116589 -0.000395679 
-2.49074e-05 1.8377e-05 -4.37454e-06 -3.34119e-05 0.000252581 -0.00018839 0.000462326 -0.000250027 0.000323117 0.000110005 8.59834e-06 -0.000556612 0.00110595 -0.00027062 8.22284e-07 
-5.18959e-06 -0.000214927 2.43599e-05 -7.9105e-05 -8.06574e-05 0.000138313 -0.000116639 2.44836e-05 -4.09914e-05 5.47614e-05 -7.59088e-05 -0.000116589 -0.00027062 0.000732817 -8.92761e-05 
-0.000149405 -8.77128e-05 -3.67367e-05 -5.27973e-06 -3.78025e-05 -8.58498e-05 0.000581306 -0.000294015 0.000338771 -0.000118518 0.000335086 -0.000395679 8.22284e-07 -8.92761e-05 0.000936566 
WEIGHT 0.0133591
ESPERANCE 0.0681037 0.0323761 0.105931 0.0442765 0.131792 0.354318 0.272386 0.406605 0.149298 0.137427 0.213109 0.332379 0.239688 0.211459 0.280635
COVARIANCE_MATRIX
0.000275608 -3.16291e-06 -1.52051e-05 1.73576e-05 5.08409e-05 4.94605e-05 -0.000332344 0.000140351 3.3997e-05 9.10775e-07 -0.00013063 0.000241239 -8.63261e-05 -0.000224472 -0.000141784 
-3.16291e-06 0.000102111 9.77852e-06 2.79199e-05 -3.33004e-05 1.95699e-06 -8.93708e-06 -1.91762e-05 3.85734e-05 0.000133899 -3.59681e-05 -4.26664e-05 -1.6393e-05 7.42486e-05 7.00921e-06 
-1.52051e-05 9.77852e-06 0.000163387 -9.61e-06 -9.81812e-05 -1.94418e-05 -2.02548e-05 3.23081e-05 -6.40635e-05 7.04108e-05 8.63163e-05 -3.0074e-05 -1.41298e-05 -7.84213e-05 -5.64669e-06 
1.73576e-05 2.79199e-05 -9.61e-06 0.000124017 8.65306e-06 -2.9163e-05 -5.14441e-06 -4.96488e-06 5.28677e-05 6.52849e-05 -2.11891e-05 -3.40633e-05 5.96868e-06 2.02693e-05 7.16775e-06 
5.08409e-05 -3.33004e-05 -9.81812e-05 8.65306e-06 0.000202807 -8.65036e-05 6.54035e-05 -3.63782e-05 6.40239e-05 -3.06401e-05 8.88415e-05 -0.000138975 0.000123251 3.50686e-06 3.35133e-06 
4.94605e-05 1.95699e-06 -1.94418e-05 -2.9163e-05 -8.65036e-05 0.000144789 -0.000234547 9.53369e-05 -7.10213e-05 -5.45622e-05 -0.000193408 0.000320517 -0.00016721 -4.24346e-05 -0.000124758 
-0.000332344 -8.93708e-06 -2.02548e-05 -5.14441e-06 6.54035e-05 -0.000234547 0.00077859 -0.00038353 0.000190564 2.66086e-05 0.00041823 -0.000742844 0.000406023 0.000299618 0.000377992 
0.000140351 -1.91762e-05 3.23081e-05 -4.96488e-06 -3.63782e-05 9.53369e-05 -0.00038353 0.000262943 -0.000231329 -4.46248e-05 -0.000197631 0.000390974 -0.000236117 -0.000197826 -0.000145056 
3.3997e-05 3.85734e-05 -6.40635e-05 5.28677e-05 6.40239e-05 -7.10213e-05 0.000190564 -0.000231329 0.000519219 4.14961e-05 7.22438e-06 -0.000324132 0.000292585 0.000159583 3.12679e-05 
9.10775e-07 0.000133899 7.04108e-05 6.52849e-05 -3.06401e-05 -5.45622e-05 2.66086e-05 -4.46248e-05 4.14961e-05 0.0003961 -3.37137e-05 -0.00017703 3.58867e-05 8.97563e-05 1.57329e-05 
-0.00013063 -3.59681e-05 8.63163e-05 -2.11891e-05 8.88415e-05 -0.000193408 0.00041823 -0.000197631 7.22438e-06 -3.37137e-05 0.000671075 -0.000533277 3.63826e-05 0.000120738 0.000235303 
0.000241239 -4.26664e-05 -3.0074e-05 -3.40633e-05 -0.000138975 0.000320517 -0.000742844 0.000390974 -0.000324132 -0.00017703 -0.000533277 0.000980739 -0.000504389 -0.000359543 -0.000309201 
-8.63261e-05 -1.6393e-05 -1.41298e-05 5.96868e-06 0.000123251 -0.00016721 0.000406023 -0.000236117 0.000292585 3.58867e-05 3.63826e-05 -0.000504389 0.000859437 -0.000106878 1.67897e-05 
-0.000224472 7.42486e-05 -7.84213e-05 2.02693e-05 3.50686e-06 -4.24346e-05 0.000299618 -0.000197826 0.000159583 8.97563e-05 0.000120738 -0.000359543 -0.000106878 0.000801299 -3.35679e-05 
-0.000141784 7.00921e-06 -5.64669e-06 7.16775e-06 3.35133e-06 -0.000124758 0.000377992 -0.000145056 3.12679e-05 1.57329e-05 0.000235303 -0.000309201 1.67897e-05 -3.35679e-05 0.000509158 
WEIGHT 0.0163003
ESPERANCE 0.068709 0.0670296 0.0739845 0.129692 0.108299 0.493531 0.151741 0.410403 0.120951 0.133213 0.156426 0.469227 0.197549 0.273359 0.199239
COVARIANCE_MATRIX
0.000185584 7.7848e-06 3.74147e-05 1.0663e-05 6.25226e-06 -4.65679e-06 -0.000234309 2.00609e-05 0.000214527 5.76469e-06 1.3256e-05 9.38522e-06 -7.32563e-05 6.03617e-06 -0.000162838 
7.7848e-06 0.000230213 -1.19351e-06 7.37836e-05 -2.36406e-05 -6.35929e-05 -4.20439e-06 1.69406e-05 3.70316e-05 5.85175e-05 -5.11697e-06 7.85091e-05 -5.73219e-05 -0.00021102 1.73969e-05 
3.74147e-05 -1.19351e-06 0.000192291 5.03169e-06 -0.000105784 -1.07884e-05 -5.74819e-05 8.90951e-06 2.66035e-05 1.79309e-05 0.000166073 -2.22776e-05 -8.67937e-05 -1.95528e-05 -3.41327e-05 
1.0663e-05 7.37836e-05 5.03169e-06 5.63334e-05 -2.00999e-05 -3.38599e-05 -2.48616e-05 2.65355e-05 9.53014e-06 5.14447e-05 -1.6415e-05 1.478e-05 -4.6808e-05 -4.21042e-05 -2.04745e-05 
6.25226e-06 -2.36406e-05 -0.000105784 -2.00999e-05 0.000165799 -2.57342e-05 9.7559e-05 -3.51369e-05 8.63512e-05 -3.20127e-05 6.31671e-05 -0.000113255 0.00027248 -3.42058e-05 0.000101135 
-4.65679e-06 -6.35929e-05 -1.07884e-05 -3.38599e-05 -2.57342e-05 5.16321e-05 -6.50093e-05 -7.21522e-07 -4.89377e-05 -2.19636e-05 -8.38182e-05 6.01362e-05 -9.62949e-05 8.34477e-05 -7.55807e-05 
-0.000234309 -4.20439e-06 -5.74819e-05 -2.48616e-05 9.7559e-05 -6.50093e-05 0.00063407 -0.000110716 -0.000144342 -7.13654e-05 0.000276977 -0.000226906 0.000517316 -0.000160721 0.000526064 
2.00609e-05 1.69406e-05 8.90951e-06 2.65355e-05 -3.51369e-05 -7.21522e-07 -0.000110716 6.09333e-05 -4.65733e-05 -1.63739e-05 -7.80349e-05 6.75735e-05 -0.000126416 1.73461e-05 -0.000116349 
0.000214527 3.70316e-05 2.66035e-05 9.53014e-06 8.63512e-05 -4.89377e-05 -0.000144342 -4.65733e-05 0.000549336 -3.85842e-06 8.41785e-05 -0.000119121 0.000127453 -8.02455e-05 0.000104575 
5.76469e-06 5.85175e-05 1.79309e-05 5.14447e-05 -3.20127e-05 -2.19636e-05 -7.13654e-05 -1.63739e-05 -3.85842e-06 0.000598715 -8.14973e-05 -0.000202126 -7.04594e-05 0.000272747 -5.65512e-05 
1.3256e-05 -5.11697e-06 0.000166073 -1.6415e-05 6.31671e-05 -8.38182e-05 0.000276977 -7.80349e-05 8.41785e-05 -8.14973e-05 0.000624486 -0.000254047 0.000309422 -0.000170625 0.000269891 
9.38522e-06 7.85091e-05 -2.22776e-05 1.478e-05 -0.000113255 6.01362e-05 -0.000226906 6.75735e-05 -0.000119121 -0.000202126 -0.000254047 0.000373339 -0.000379092 -0.000130473 -0.000246203 
-7.32563e-05 -5.73219e-05 -8.67937e-05 -4.6808e-05 0.00027248 -9.62949e-05 0.000517316 -0.000126416 0.000127453 -7.04594e-05 0.000309422 -0.000379092 0.000927128 -0.000197885 0.000408217 
6.03617e-06 -0.00021102 -1.95528e-05 -4.21042e-05 -3.42058e-05 8.34477e-05 -0.000160721 1.73461e-05 -8.02455e-05 0.000272747 -0.000170625 -0.000130473 -0.000197885 0.000565005 -0.000186921 
-0.000162838 1.73969e-05 -3.41327e-05 -2.04745e-05 0.000101135 -7.55807e-05 0.000526064 -0.000116349 0.000104575 -5.65512e-05 0.000269891 -0.000246203 0.000408217 -0.000186921 0.000720671 
WEIGHT 0.0145544
ESPERANCE 0.049965 0.066556 0.063331 0.124393 0.15354 0.461911 0.258076 0.368088 0.160442 0.149509 0.223304 0.368247 0.310327 0.256627 0.267156
COVARIANCE_MATRIX
0.000534272 -5.17567e-05 8.99661e-05 5.52772e-05 -3.7232e-05 -2.4787e-05 -0.000241603 8.85192e-05 0.000251993 -3.18011e-05 0.000166238 -1.69162e-05 -0.000328279 0.000153012 -7.92525e-05 
-5.17567e-05 0.000347167 2.36737e-06 0.000101244 -9.18472e-05 -9.70872e-05 7.69454e-05 2.40569e-05 -4.10437e-05 0.000121415 0.000132238 3.21389e-06 -0.000191543 -0.000109717 0.000143827 
8.99661e-05 2.36737e-06 0.000205726 3.2097e-05 -8.10934e-05 -1.95055e-05 -8.99272e-05 7.17759e-05 -5.60601e-06 7.97039e-05 8.72512e-05 -2.80221e-05 -0.000144668 3.99896e-05 -9.25717e-06 
5.52772e-05 0.000101244 3.2097e-05 0.000104854 -8.48673e-05 -4.17049e-05 -4.50421e-05 7.35349e-05 2.44241e-06 4.86114e-05 2.10363e-06 3.40795e-05 -0.000118011 -2.68754e-05 2.72851e-05 
-3.7232e-05 -9.18472e-05 -8.10934e-05 -8.48673e-05 0.000253326 -8.60745e-05 0.000203029 -0.00013326 9.37007e-05 -2.81901e-05 0.000149418 -0.000274267 0.000257219 4.37433e-06 3.46633e-05 
-2.4787e-05 -9.70872e-05 -1.95055e-05 -4.17049e-05 -8.60745e-05 0.000157716 -0.000213191 5.8745e-05 -8.75196e-05 -7.0436e-05 -0.000174435 0.000268243 -0.000111426 4.76772e-05 -0.00012365 
-0.000241603 7.69454e-05 -8.99272e-05 -4.50421e-05 0.000203029 -0.000213191 0.000670881 -0.000315319 8.5725e-05 6.68339e-05 0.00016051 -0.000500442 0.000604275 -0.000198962 0.00026311 
8.85192e-05 2.40569e-05 7.17759e-05 7.35349e-05 -0.00013326 5.8745e-05 -0.000315319 0.000260883 -0.000170319 -6.43026e-05 -6.0733e-05 0.000250466 -0.000322533 8.03935e-05 -8.97571e-05 
0.000251993 -4.10437e-05 -5.60601e-06 2.44241e-06 9.37007e-05 -8.75196e-05 8.5725e-05 -0.000170319 0.000556699 1.10195e-05 -2.84052e-05 -0.000259511 0.000188743 3.30037e-05 4.03504e-05 
-3.18011e-05 0.000121415 7.97039e-05 4.86114e-05 -2.81901e-05 -7.0436e-05 6.68339e-05 -6.43026e-05 1.10195e-05 0.000539285 -4.95283e-05 -0.000233215 -5.89305e-06 0.000117092 3.31785e-05 
0.000166238 0.000132238 8.72512e-05 2.10363e-06 0.000149418 -0.000174435 0.00016051 -6.0733e-05 -2.84052e-05 -4.95283e-05 0.000860931 -0.000337074 -0.00035668 4.37381e-06 0.000208409 
-1.69162e-05 3.21389e-06 -2.80221e-05 3.40795e-05 -0.000274267 0.000268243 -0.000500442 0.000250466 -0.000259511 -0.000233215 -0.000337074 0.000802767 -0.0005092 -6.13663e-05 -0.000215455 
-0.000328279 -0.000191543 -0.000144668 -0.000118011 0.000257219 -0.000111426 0.000604275 -0.000322533 0.000188743 -5.89305e-06 -0.00035668 -0.0005092 0.00132086 -0.000379683 7.94634e-05 
0.000153012 -0.000109717 3.99896e-05 -2.68754e-05 4.37433e-06 4.76772e-05 -0.000198962 8.03935e-05 3.30037e-05 0.000117092 4.37381e-06 -6.13663e-05 -0.000379683 0.000718922 -0.00026547 
-7.92525e-05 0.000143827 -9.25717e-06 2.72851e-05 3.46633e-05 -0.00012365 0.00026311 -8.97571e-05 4.03504e-05 3.31785e-05 0.000208409 -0.000215455 7.94634e-05 -0.00026547 0.000504015 
WEIGHT 0.0206156
ESPERANCE 0.0841276 0.0634452 0.0938922 0.076969 0.12126 0.433116 0.183652 0.424566 0.128587 0.133375 0.164322 0.426814 0.201124 0.235266 0.223018
COVARIANCE_MATRIX
0.0001891 -1.436e-05 1.14886e-05 1.16054e-05 4.01457e-05 7.27214e-06 -0.000291244 3.75155e-05 0.000219746 9.63413e-06 -4.30471e-05 4.17443e-05 -8.92462e-05 1.94745e-05 -0.000221782 
-1.436e-05 0.000194594 -1.58572e-05 7.72278e-05 -1.30719e-05 -4.94957e-05 2.41675e-05 1.68201e-06 1.02573e-05 5.63274e-05 -8.66237e-06 5.57878e-05 -3.38124e-05 -0.00015526 2.14543e-05 
1.14886e-05 -1.58572e-05 0.000177613 1.65084e-06 -0.00011956 -2.34172e-06 -5.44686e-05 2.28499e-05 -4.87907e-05 3.18875e-05 0.000148388 -1.03507e-05 -0.000105919 8.88038e-06 -6.92201e-05 
1.16054e-05 7.72278e-05 1.65084e-06 8.21991e-05 -1.5911e-05 -3.27055e-05 -2.59099e-05 1.9496e-05 1.66166e-05 5.82655e-05 -1.81338e-05 1.27427e-05 -4.13262e-05 -3.21637e-05 -2.26374e-05 
4.01457e-05 -1.30719e-05 -0.00011956 -1.5911e-05 0.000172936 -2.69963e-05 1.79551e-05 -2.21196e-05 0.000112378 -3.761e-05 -2.30401e-06 -7.75803e-05 0.000234991 -6.05628e-05 3.33476e-05 
7.27214e-06 -4.94957e-05 -2.34172e-06 -3.27055e-05 -2.69963e-05 5.01262e-05 -7.26728e-05 3.45974e-06 -2.32329e-05 -8.4454e-06 -8.09581e-05 6.7884e-05 -0.000103023 8.71079e-05 -7.66883e-05 
-0.000291244 2.41675e-05 -5.44686e-05 -2.59099e-05 1.79551e-05 -7.26728e-05 0.000698052 -0.000140651 -0.000209427 -6.27691e-05 0.000268739 -0.000252108 0.000440293 -0.000148032 0.000600321 
3.75155e-05 1.68201e-06 2.28499e-05 1.9496e-05 -2.21196e-05 3.45974e-06 -0.000140651 7.91167e-05 -5.60046e-05 -2.47201e-05 -7.21298e-05 8.08493e-05 -0.000119266 -2.30058e-06 -0.000138464 
0.000219746 1.02573e-05 -4.87907e-05 1.66166e-05 0.000112378 -2.32329e-05 -0.000209427 -5.60046e-05 0.000576952 3.26635e-06 -2.41382e-05 -8.55524e-05 6.50427e-05 4.13469e-06 -2.94314e-06 
9.63413e-06 5.63274e-05 3.18875e-05 5.82655e-05 -3.761e-05 -8.4454e-06 -6.27691e-05 -2.47201e-05 3.26635e-06 0.00046115 -6.27373e-05 -0.00013961 -5.9184e-05 0.000233796 -5.77574e-05 
-4.30471e-05 -8.66237e-06 0.000148388 -1.81338e-05 -2.30401e-06 -8.09581e-05 0.000268739 -7.21298e-05 -2.41382e-05 -6.27373e-05 0.000561761 -0.000239409 0.000206918 -0.000149295 0.000236149 
4.17443e-05 5.57878e-05 -1.03507e-05 1.27427e-05 -7.75803e-05 6.7884e-05 -0.000252108 8.08493e-05 -8.55524e-05 -0.00013961 -0.000239409 0.000352924 -0.000349038 -8.32624e-05 -0.000264432 
-8.92462e-05 -3.38124e-05 -0.000105919 -4.13262e-05 0.000234991 -0.000103023 0.000440293 -0.000119266 6.50427e-05 -5.9184e-05 0.000206918 -0.000349038 0.000863794 -0.00022641 0.000304888 
1.94745e-05 -0.00015526 8.88038e-06 -3.21637e-05 -6.05628e-05 8.71079e-05 -0.000148032 -2.30058e-06 4.13469e-06 0.000233796 -0.000149295 -8.32624e-05 -0.00022641 0.000561341 -0.000146088 
-0.000221782 2.14543e-05 -6.92201e-05 -2.26374e-05 3.33476e-05 -7.66883e-05 0.000600321 -0.000138464 -2.94314e-06 -5.77574e-05 0.000236149 -0.000264432 0.000304888 -0.000146088 0.000760289 
WEIGHT 0.0126286
ESPERANCE 0.0359392 0.11333 0.0327325 0.0993612 0.0802664 0.452919 0.134232 0.42972 0.129827 0.153747 0.15527 0.408711 0.19942 0.279397 0.193961
COVARIANCE_MATRIX
0.000195577 -3.56708e-05 1.62025e-05 -1.9055e-05 0.000194339 -9.4712e-05 0.000409431 -0.000138943 0.000316923 -2.50468e-05 0.000328365 -0.000341702 0.000482852 -0.000131599 0.000362913 
-3.56708e-05 0.000269961 -1.48188e-05 0.000123883 -4.3733e-05 -0.000101846 -9.23668e-05 6.36546e-05 -6.0226e-05 8.63673e-05 -3.5543e-05 0.000217567 -0.000133791 -0.00035474 -0.000129592 
1.62025e-05 -1.48188e-05 9.25669e-05 -5.69038e-06 3.70648e-05 -1.70176e-05 5.32452e-05 -3.22231e-05 0.000118243 1.95759e-06 5.97246e-05 -8.00253e-05 8.9952e-05 -2.68813e-06 0.000110696 
-1.9055e-05 0.000123883 -5.69038e-06 0.000109568 -3.53304e-05 -6.85862e-05 -4.66242e-05 5.03955e-05 -2.58335e-05 5.49311e-05 -3.87227e-05 8.26797e-05 -7.21366e-05 -0.000139572 -5.51671e-05 
0.000194339 -4.3733e-05 3.70648e-05 -3.53304e-05 0.000346508 -0.000133744 0.000492768 -0.000162666 0.000347415 -2.00407e-07 0.00049508 -0.000483698 0.000674232 -0.000144294 0.000368564 
-9.4712e-05 -0.000101846 -1.70176e-05 -6.85862e-05 -0.000133744 0.000139191 -0.000243594 4.49895e-05 -0.000179335 -4.55562e-05 -0.000217024 0.000184646 -0.000289701 0.000226666 -0.000180103 
0.000409431 -9.23668e-05 5.32452e-05 -4.66242e-05 0.000492768 -0.000243594 0.00110218 -0.000358779 0.000758972 -2.2396e-05 0.000825886 -0.000888234 0.00126176 -0.000323435 0.000969859 
-0.000138943 6.36546e-05 -3.22231e-05 5.03955e-05 -0.000162666 4.49895e-05 -0.000358779 0.000171577 -0.000297374 -1.81129e-05 -0.00026708 0.000295463 -0.000415491 8.28185e-05 -0.000352121 
0.000316923 -6.0226e-05 0.000118243 -2.58335e-05 0.000347415 -0.000179335 0.000758972 -0.000297374 0.000802602 -2.58803e-05 0.000528121 -0.000650861 0.000930244 -0.00026192 0.000824454 
-2.50468e-05 8.63673e-05 1.95759e-06 5.49311e-05 -2.00407e-07 -4.55562e-05 -2.2396e-05 -1.81129e-05 -2.58803e-05 0.000461759 -9.37042e-05 -0.000169851 3.86244e-05 0.000100956 -6.11771e-05 
0.000328365 -3.5543e-05 5.97246e-05 -3.87227e-05 0.00049508 -0.000217024 0.000825886 -0.00026708 0.000528121 -9.37042e-05 0.00102204 -0.000697198 0.000807226 -0.000315424 0.000801339 
-0.000341702 0.000217567 -8.00253e-05 8.26797e-05 -0.000483698 0.000184646 -0.000888234 0.000295463 -0.000650861 -0.000169851 -0.000697198 0.00108099 -0.00114513 -0.000147633 -0.000794364 
0.000482852 -0.000133791 8.9952e-05 -7.21366e-05 0.000674232 -0.000289701 0.00126176 -0.000415491 0.000930244 3.86244e-05 0.000807226 -0.00114513 0.00193157 -0.000359078 0.000887762 
-0.000131599 -0.00035474 -2.68813e-06 -0.000139572 -0.000144294 0.000226666 -0.000323435 8.28185e-05 -0.00026192 0.000100956 -0.000315424 -0.000147633 -0.000359078 0.00097209 -0.000246115 
0.000362913 -0.000129592 0.000110696 -5.51671e-05 0.000368564 -0.000180103 0.000969859 -0.000352121 0.000824454 -6.11771e-05 0.000801339 -0.000794364 0.000887762 -0.000246115 0.00127269 
WEIGHT 0.00605299
ESPERANCE 0.0467368 0.0508668 0.0931263 0.0592595 0.129829 0.324811 0.31396 0.37357 0.189359 0.158119 0.231849 0.2616 0.255901 0.242097 0.292646
COVARIANCE_MATRIX
0.000432948 -1.80766e-05 -1.48135e-05 1.06697e-05 0.0001872 3.00564e-05 -5.41037e-05 -3.40875e-05 0.000119607 5.58373e-05 8.06025e-05 -3.98188e-05 0.00013652 -8.351e-05 -6.92943e-05 
-1.80766e-05 0.00046939 -0.000217193 0.000197783 -0.000149797 0.000118921 -0.000283322 0.000108511 0.000117093 5.19703e-05 -6.90412e-05 3.88332e-05 -1.56211e-06 -0.00013475 1.94507e-05 
-1.48135e-05 -0.000217193 0.000390197 -0.000183379 3.35347e-05 -0.000101686 0.000210011 -3.40613e-05 -0.000126306 9.1633e-05 2.41261e-05 -6.98592e-05 0.000121485 6.30775e-05 -7.22588e-05 
1.06697e-05 0.000197783 -0.000183379 0.000292391 -0.000190694 -7.81389e-05 -0.000292893 0.000175035 5.20493e-05 -1.03785e-05 -7.94332e-05 8.05068e-05 -0.000151542 -0.000271314 2.90342e-05 
0.0001872 -0.000149797 3.35347e-05 -0.000190694 0.000573415 -2.96547e-06 0.00044926 -0.000321602 4.10335e-05 0.000134141 0.000316033 -0.000328709 0.000160572 0.000443881 -2.94703e-07 
3.00564e-05 0.000118921 -0.000101686 -7.81389e-05 -2.96547e-06 0.000513027 -0.000104856 -8.44989e-05 9.10066e-05 -0.000124426 -2.95924e-05 0.000210911 0.000243424 0.000152264 -8.78315e-05 
-5.41037e-05 -0.000283322 0.000210011 -0.000292893 0.00044926 -0.000104856 0.00101449 -0.000707436 0.000234574 0.000242974 0.000229308 -0.000628564 0.000338026 0.000709998 0.000158643 
-3.40875e-05 0.000108511 -3.40613e-05 0.000175035 -0.000321602 -8.44989e-05 -0.000707436 0.000689258 -0.000413282 -0.00018338 -0.000163114 0.000447622 -0.000325139 -0.000568043 -3.74131e-05 
0.000119607 0.000117093 -0.000126306 5.20493e-05 4.10335e-05 9.10066e-05 0.000234574 -0.000413282 0.00067041 -1.74407e-05 -0.000105648 -0.000307452 0.000405869 0.000228875 -6.80947e-05 
5.58373e-05 5.19703e-05 9.1633e-05 -1.03785e-05 0.000134141 -0.000124426 0.000242974 -0.00018338 -1.74407e-05 0.000529075 -1.39636e-05 -0.000291551 -4.11352e-05 0.000250446 6.36854e-05 
8.06025e-05 -6.90412e-05 2.41261e-05 -7.94332e-05 0.000316033 -2.95924e-05 0.000229308 -0.000163114 -0.000105648 -1.39636e-05 0.000679532 -0.000266575 -0.000313975 0.000190287 0.000148952 
-3.98188e-05 3.88332e-05 -6.98592e-05 8.05068e-05 -0.000328709 0.000210911 -0.000628564 0.000447622 -0.000307452 -0.000291551 -0.000266575 0.000873156 -0.000290708 -0.000584107 -7.98395e-05 
0.00013652 -1.56211e-06 0.000121485 -0.000151542 0.000160572 0.000243424 0.000338026 -0.000325139 0.000405869 -4.11352e-05 -0.000313975 -0.000290708 0.00136508 1.82979e-05 -0.000287574 
-8.351e-05 -0.00013475 6.30775e-05 -0.000271314 0.000443881 0.000152264 0.000709998 -0.000568043 0.000228875 0.000250446 0.000190287 -0.000584107 1.82979e-05 0.00145358 -0.000199422 
-6.92943e-05 1.94507e-05 -7.22588e-05 2.90342e-05 -2.94703e-07 -8.78315e-05 0.000158643 -3.74131e-05 -6.80947e-05 6.36854e-05 0.000148952 -7.98395e-05 -0.000287574 -0.000199422 0.00065326 
WEIGHT 0.0221539
ESPERANCE 0.0565301 0.0660822 0.0865745 0.0753983 0.148679 0.402061 0.284396 0.379164 0.163931 0.147056 0.226743 0.325886 0.288251 0.24386 0.280084
COVARIANCE_MATRIX
0.000399618 -4.32376e-05 2.73384e-05 4.25961e-05 3.80301e-05 -1.5734e-05 -0.000212135 7.59603e-05 0.000172797 -1.01421e-05 7.78783e-06 8.98364e-05 -7.96384e-05 -0.000161588 -4.68674e-05 
-4.32376e-05 0.000234277 2.28632e-06 7.62417e-05 -4.22182e-05 -6.15539e-05 2.61371e-05 8.46328e-06 -2.39586e-05 0.000119975 4.94572e-05 8.85182e-06 -9.99615e-05 -7.46615e-05 4.149e-05 
2.73384e-05 2.28632e-06 0.000205004 1.88075e-05 -9.33522e-05 -3.13113e-05 -3.2087e-05 5.89795e-05 -6.14449e-05 7.22573e-05 8.54821e-05 -4.33399e-05 -2.07168e-05 -6.5937e-05 -1.46056e-05 
4.25961e-05 7.62417e-05 1.88075e-05 0.000120295 -4.88261e-05 -3.72431e-05 -3.44849e-05 3.90083e-05 2.41231e-05 5.83984e-05 -1.15835e-05 2.02243e-05 -5.46154e-05 -4.43292e-05 2.50534e-06 
3.80301e-05 -4.22182e-05 -9.33522e-05 -4.88261e-05 0.000226571 -9.13641e-05 9.20573e-05 -4.90217e-05 3.0159e-05 -1.42563e-05 0.000108 -0.000149393 0.000103739 -2.76995e-05 3.81775e-05 
-1.5734e-05 -6.15539e-05 -3.13113e-05 -3.72431e-05 -9.13641e-05 0.000153419 -0.000158525 3.05853e-05 -1.28007e-05 -7.81399e-05 -0.00015411 0.000224763 -7.06943e-05 5.2038e-05 -0.000101784 
-0.000212135 2.61371e-05 -3.2087e-05 -3.44849e-05 9.20573e-05 -0.000158525 0.000473591 -0.000227629 3.35126e-05 4.43045e-05 0.000187037 -0.000424286 0.000261288 9.10359e-05 0.000203347 
7.59603e-05 8.46328e-06 5.89795e-05 3.90083e-05 -4.90217e-05 3.05853e-05 -0.000227629 0.000218914 -0.00018581 -3.3037e-05 -5.15929e-05 0.00020717 -0.000166576 -8.92549e-05 -4.25924e-05 
0.000172797 -2.39586e-05 -6.14449e-05 2.41231e-05 3.0159e-05 -1.28007e-05 3.35126e-05 -0.00018581 0.000557606 -2.27745e-05 -0.000144113 -0.000143984 0.000209246 5.96118e-05 -5.28178e-05 
-1.01421e-05 0.000119975 7.22573e-05 5.83984e-05 -1.42563e-05 -7.81399e-05 4.43045e-05 -3.3037e-05 -2.27745e-05 0.000439423 -4.42382e-05 -0.000144578 -1.94998e-05 2.46428e-05 3.06562e-05 
7.78783e-06 4.94572e-05 8.54821e-05 -1.15835e-05 0.000108 -0.00015411 0.000187037 -5.15929e-05 -0.000144113 -4.42382e-05 0.000683944 -0.00030996 -0.000267105 4.41342e-05 0.000156325 
8.98364e-05 8.85182e-06 -4.33399e-05 2.02243e-05 -0.000149393 0.000224763 -0.000424286 0.00020717 -0.000143984 -0.000144578 -0.00030996 0.000674553 -0.00030837 -0.000184518 -0.000151475 
-7.96384e-05 -9.99615e-05 -2.07168e-05 -5.46154e-05 0.000103739 -7.06943e-05 0.000261288 -0.000166576 0.000209246 -1.94998e-05 -0.000267105 -0.00030837 0.0009148 -0.000284853 -6.08463e-05 
-0.000161588 -7.46615e-05 -6.5937e-05 -4.43292e-05 -2.76995e-05 5.2038e-05 9.10359e-05 -8.92549e-05 5.96118e-05 2.46428e-05 4.41342e-05 -0.000184518 -0.000284853 0.000831494 -0.000183707 
-4.68674e-05 4.149e-05 -1.46056e-05 2.50534e-06 3.81775e-05 -0.000101784 0.000203347 -4.25924e-05 -5.28178e-05 3.06562e-05 0.000156325 -0.000151475 -6.08463e-05 -0.000183707 0.000553119 
WEIGHT 0.0263019
ESPERANCE 0.068061 0.0648786 0.0906008 0.0768718 0.13236 0.420172 0.236038 0.406199 0.139409 0.137091 0.198895 0.38263 0.247783 0.233573 0.260987
COVARIANCE_MATRIX
0.000237398 -2.1889e-05 1.24362e-05 1.95475e-05 4.08304e-05 -2.94657e-07 -0.000218432 4.81381e-05 0.000171027 1.71677e-05 -5.43958e-06 4.48991e-05 -8.70046e-05 -2.75648e-05 -0.000123862 
-2.1889e-05 0.000206862 -5.19884e-06 8.13241e-05 -3.32276e-05 -5.44518e-05 2.36173e-05 8.30518e-06 -8.41148e-06 8.5296e-05 1.21769e-05 3.93993e-05 -5.64064e-05 -0.00012727 3.6276e-05 
1.24362e-05 -5.19884e-06 0.000179466 7.14913e-06 -9.25151e-05 -1.73233e-05 -3.756e-05 3.25652e-05 -4.32879e-05 6.05591e-05 0.000107546 -3.39827e-05 -3.45998e-05 -3.84255e-05 -3.23023e-05 
1.95475e-05 8.13241e-05 7.14913e-06 0.00010155 -2.91593e-05 -4.00173e-05 -2.45506e-05 3.0469e-05 1.54748e-05 7.0827e-05 -1.49745e-05 5.06862e-06 -4.77557e-05 -3.04741e-05 -2.2764e-06 
