DESCRIPTOR_NAME ACE
NAME_OF_YAML_INPUT input.yaml 
DESCRIPTORS_FILTERING_TYPE element
NUMBER_OF_DIMENSION 87
FILTER_VALUE Au
NUMBER_OF_CLUSTER 5
WEIGHT 0.079928362960997562
ESPERANCE 1.8293327634854779 3.228343319502077 1.7820753941908709 -1.1143502821576767 -1.4283847966804979 1.5123057925311219 3.5046541244813278 1.3742248630705398 -2.2348137593360997 -2.573953311203319 3.3464674937759353 -1.5057639856111266e-05 1.3375199500719264e-05 5.9057194356846434 -1.0167922151577681e-05 1.4398980829411354e-05 3.2599920414937773 2.2715103492193346e-05 -8.8090332763242534e-06 -2.0385358174273867 2.521555235876143e-05 -2.0833033371639801e-05 10.422205726141092 -1.3888359325882937e-05 2.2983673114779616e-05 5.75314713692946 -3.0074946752530645e-06 9.8947518647238502e-06 -3.5975081825726152 1.5048123420091876e-06 -6.3473122910758128e-06 3.1758396846473036 -8.2446260597754493e-05 5.6285473156856219e-05 -1.9857988215767624 -7.9561795978561593e-05 5.6543900346935065e-05 1.2418448796680492 -8.0325110879843353e-05 7.1658663984487371e-05 6.1218370871369263 -2.7677815218498561e-05 2.4426071667620111e-05 3.4720453892935897e-08 -9.2699514221595731e-08 10.80356721991701 -1.8663322849509483e-05 2.6273813212946358e-05 -4.8713525249784157e-05 -4.5395284029909218e-08 3.5325320242114948e-08 4.3197353907497729e-05 -1.0101746606029635e-07 19.065719419087159 -2.5399126615561564e-05 4.193813411267606e-05 -3.287620374856346e-05 -6.2381617122468759e-09 4.650362077434876e-05 -1.3089978891936862e-07 33.64649136929463 -4.4870590693572888e-05 7.4242547049205629e-05 1.2637283414797438e-07 -2.1526733356158973e-07 11.198969958506227 -5.0875728231389311e-05 3.5356525316061963e-09 19.763448796680514 -3.4257208721855664e-05 -8.9541913790360127e-05 1.9620711479715356e-09 34.877710871369288 -4.6450796440485052e-05 -6.034501785918402e-05 -0.0001575952841765322 1.2314902794176153e-09 61.550813443983408 -8.2059988414627714e-05 -0.00010629989420412437 1.1196770344682996e-09 108.62263817427383 -0.00014496845492374186 2.2415459709532053e-09 20.486872282157659 -9.3517607877636146e-05 6.5060164689660991e-09
COVARIANCE_MATRIX
1.0367102653604434e-05 5.7739300797162471e-06 -1.605174710593821e-05 -1.859921756051029e-05 1.9646960060536124e-05 4.725373527873135e-05 8.234837149773576e-06 -5.2821738169315185e-05 -3.7981104133950833e-05 4.7137248652536908e-05 3.4316002361598372e-05 -1.3236709856423395e-07 -4.162875994696309e-08 4.0850773924622519e-05 -6.2802603879750679e-08 -6.672586800060978e-08 -1.2681784479812642e-05 2.6328780159663962e-07 -2.7151931025667525e-08 -4.4464619193333373e-05 2.5866295940806268e-07 2.5967554738477994e-08 3.7305194964273976e-05 7.3202520436734733e-09 -1.0664828377908068e-07 -4.1605293498734389e-05 2.2447223745533758e-07 -5.3914052082585777e-08 -6.6557349254799201e-05 2.1514726001290452e-07 -6.659307146707002e-10 -5.7394796389937984e-05 -2.5522364212737571e-07 -7.2895155345628735e-08 -1.5492311638298165e-05 -2.6099159721070011e-07 -1.1401861344657017e-07 4.1153548257846712e-05 -2.5368339396175165e-07 -1.8966160494851574e-07 9.4281194190733441e-05 -2.4377960478341682e-07 -7.5891484259316195e-08 4.3749037998734827e-10 1.9311170174490213e-10 0.00013027171797317511 -1.1578247948691411e-07 -1.2180689072068941e-07 -4.2861432285671901e-07 -5.3026914625258728e-10 2.2670423499365384e-10 -1.3433341783883943e-07 3.20253401060219e-10 0.00016617534467588363 1.2661324405587654e-08 -1.9422624797321428e-07 -2.034675375026159e-07 -2.8210383071966356e-10 -2.1550642568974748e-07 5.3861925192038584e-10 0.00018080455165165864 2.3255938281563248e-08 -3.4435340987049122e-07 -7.1096564591441489e-10 1.3787881460716185e-09 0.00023024861496943888 -4.4896434730055891e-07 3.8124839653393586e-11 0.00034018195477763732 -2.1345225595999601e-07 -7.8937382892934522e-07 1.9834030590386776e-11 0.00048359328779945239 2.1823607003150828e-08 -3.7510824533629629e-07 -1.3878824455884116e-06 9.7653393385382495e-12 0.00064739111637471811 4.0182903148175691e-08 -6.5919022822446161e-07 3.7200936362746755e-12 0.00077884434429848165 7.3860805398893024e-08 -4.1859044849156546e-12 0.00052717301601694149 -8.2684386425608384e-07 7.0174204160507482e-11 
5.7739300797162471e-06 6.7755280680429441e-06 -3.226697657065038e-06 -3.1687773206383113e-06 1.5053660403918662e-05 2.3727032223962988e-05 -4.1692924464111692e-06 -4.1419366931354534e-05 -3.4813154574818081e-05 1.2367931821421524e-05 2.1173281929374434e-05 -1.0230102084369372e-07 1.7657376955466083e-08 2.9237410503951423e-05 -5.067789451419303e-08 1.8758302618240847e-08 4.314604758527017e-06 1.9866551483074522e-07 -1.1407708218690404e-08 -1.231100741102924e-05 1.9860094149562872e-07 -2.5461893269392763e-08 3.7306954436046288e-05 -3.4184023875179052e-08 4.3351346379741566e-08 -1.6520203130074885e-07 7.4047497682817867e-08 4.3751767485210855e-08 -1.6706756904322956e-05 7.6613539708527584e-08 4.8415691083158109e-09 -1.1362230820405633e-05 -4.5119099122717853e-07 1.4043548636157509e-07 -1.8933312976703987e-06 -4.4427563779463507e-07 9.1790207955436105e-08 7.2447147562884003e-06 -4.3912878718067783e-07 7.7454280613073669e-08 5.8227217553072362e-05 -1.8843069835227909e-07 3.2359649220986718e-08 4.2681155334695125e-10 -4.8598927002793797e-10 8.779222831562803e-05 -9.3426098434765048e-08 3.4222821589423004e-08 -3.3130144650916173e-07 -3.3231967263742245e-10 3.8691736030908004e-10 5.7277544824074872e-08 -4.0618368232477187e-10 0.00012862431396153673 -6.2910435161450887e-08 7.924788614417666e-08 -1.642270788430386e-07 -3.6133123334807022e-11 6.0736652640381186e-08 -4.0370903015816569e-10 0.00018077241454176154 -1.1081963837141019e-07 1.4024468320083274e-07 4.2902597598006636e-10 -4.3538489981241137e-10 0.00014232795864396259 -3.4707219516621329e-07 2.9619394737806942e-11 0.0002236307699695249 -1.7223035206720905e-07 -6.1022940612431706e-07 1.5435838268503074e-11 0.00034623137802035093 -1.157764542511567e-07 -3.0275360253564e-07 -1.0729159139583809e-06 8.0060027963176791e-12 0.00052591478192868667 -2.0394348298929662e-07 -5.3219169508310464e-07 4.6551354573785808e-12 0.00077854178199411605 -3.5925673736080827e-07 5.7660419453653493e-12 0.00032617903972727676 -6.3927021947425251e-07 5.4520837658404853e-11 
-1.605174710593821e-05 -3.226697657065038e-06 4.8602104512663253e-05 5.6955112642344338e-05 -2.4653756947366525e-05 -9.7185194150582722e-05 -4.1994626729567357e-05 6.4009424058125654e-05 3.1372993888534939e-05 -0.00013024727483583259 -5.8740330547338975e-05 1.5922159603826901e-07 2.1121004330854871e-07 -5.7797039362614258e-05 6.6906617571567356e-08 3.0361555163385701e-07 5.8293447742979641e-05 -3.3654754954701862e-07 5.2911492810884474e-08 0.00012184204714794849 -3.1846291739431454e-07 -1.8776819503135497e-07 -2.087125412441252e-05 -1.3573615007912273e-07 5.201436257049821e-07 0.000148067435775899 -5.7978431903238463e-07 3.1603763109636392e-07 0.00018762242264458242 -5.346871227966686e-07 -6.2241050351088211e-11 0.00017073731273841705 -4.668857505540999e-07 6.9528085706658838e-07 4.9769612647509469e-05 -4.2099501040693551e-07 7.0342661979046714e-07 -0.00012531526457912229 -4.2970914848513593e-07 9.4757889885528892e-07 -0.00016121393325011605 2.9319543269309472e-07 3.8558658249511738e-07 -2.6777588112252496e-10 -2.2177062439367494e-09 -0.00020068341072984226 1.2341453528344685e-07 5.541894613452282e-07 5.1546499490050799e-07 8.7879940876929873e-10 3.7330185732737604e-10 6.8248144410818681e-07 -2.4319947248112753e-09 -0.00020594880599507563 -2.4682771892291977e-07 9.4822750925128411e-07 2.1668239832749965e-07 9.0782268610366547e-10 9.8105338018799165e-07 -3.2006671994662222e-09 -0.0001012641517845754 -4.3825724665451403e-07 1.680297435720908e-06 3.8930100663123958e-09 -6.2760259107754066e-09 -0.00039330528193385093 5.3989645611781177e-07 -4.5807345713371081e-11 -0.00054094399516881541 2.2764380720034006e-07 9.4919203842341501e-07 -2.3667001701780104e-11 -0.00068379066528124577 -4.4882499675245223e-07 3.9968638959348415e-07 1.6687695130976475e-06 -1.0251488415798624e-11 -0.00072764817210447348 -7.9693711306545976e-07 7.0174296028255989e-07 1.3936112643049459e-12 -0.0004366529777035545 -1.4150175175325028e-06 3.3728134847308836e-11 -0.00089954302309877543 9.941725913718906e-07 -8.4309784047123764e-11 
-1.859921756051029e-05 -3.1687773206383113e-06 5.6955112642344338e-05 6.9414876268934837e-05 -2.7440870150100714e-05 -0.00011389613994235638 -5.1159112695167179e-05 7.2275633322360235e-05 3.4825516117697753e-05 -0.00015345043047785 -6.8051479296362029e-05 1.6648827132455246e-07 2.7623951274243853e-07 -6.5921061570014408e-05 6.3615030565611274e-08 3.8650061774810457e-07 7.0812792277267933e-05 -3.670879212150675e-07 4.189127660244733e-08 0.00014558121346230273 -3.4150190333497744e-07 -2.6773095412930582e-07 -2.0498281371877379e-05 -1.8221412704285476e-07 6.5066878688672674e-07 0.00017838670848676841 -6.9068632171783485e-07 3.702314908570902e-07 0.00022457792474516632 -6.2753153457740866e-07 -3.3781540009428261e-08 0.00020431937086537786 -6.646141079929639e-07 8.8414530754807633e-07 6.0069405892667089e-05 -5.9954110019781189e-07 9.0348456224320806e-07 -0.00015048749273104798 -6.0589010455935831e-07 1.2310618306505979e-06 -0.00018673816430736401 3.0663224156530102e-07 5.0433096435552161e-07 -2.4875321526741606e-10 -2.8611961887249265e-09 -0.00023056669057695275 1.1748169258376291e-07 7.0548934010062575e-07 5.3902255408061691e-07 9.8232360467932173e-10 5.3332878860731038e-10 8.9259477216755246e-07 -3.1120365896053259e-09 -0.00023185310987345275 -3.3158372432845028e-07 1.1862838599573069e-06 2.0609044236651751e-07 1.1032510899494818e-09 1.2488562646190421e-06 -4.0330818202148169e-09 -9.9452926916546782e-05 -5.8838848166968954e-07 2.1019708208602665e-06 4.8681123591451041e-09 -7.705705637860118e-09 -0.00045550178938930184 5.6474097489054328e-07 -4.879485228792337e-11 -0.0006230502833270774 2.1695343879847567e-07 9.9275150085640079e-07 -2.5001780920930753e-11 -0.00077972334382052919 -6.0338322160288854e-07 3.8059668710995415e-07 1.7451393338222129e-06 -1.0188152356445728e-11 -0.00081023708334360741 -1.0707120861695163e-06 6.6765984821488942e-07 3.6845064556488673e-12 -0.00042884039254834219 -1.8999651165445714e-06 4.4316834922695594e-11 -0.0010416254128000561 1.0401071348872073e-06 -8.9810104262102562e-11 
1.9646960060536124e-05 1.5053660403918662e-05 -2.4653756947366525e-05 -2.7440870150100714e-05 4.6848145124636263e-05 9.22131088637592e-05 4.9156172941925707e-06 -0.00012157883318792717 -9.1784715293744917e-05 8.051850046576329e-05 7.2016509887157544e-05 -3.3213498581672539e-07 3.9435875098303224e-09 9.1080427666603657e-05 -1.6900421056712717e-07 -2.8920832277197753e-08 -1.0210117759473853e-05 6.3351258805361388e-07 -8.5276794921348492e-08 -7.2216055456207661e-05 6.3455469519294374e-07 -6.6155947084043992e-08 9.7259776844062451e-05 -6.3237847685479969e-08 -4.4457032466153488e-08 -5.2919627011242744e-05 3.8640067702570135e-07 -3.1696605496231512e-08 -0.0001055253294566552 3.9244297889699269e-07 -4.7241815091532992e-08 -8.7893681180695814e-05 -1.027355328538215e-06 1.6102850979479788e-07 -2.1485629700177281e-05 -1.0120683610983222e-06 6.7328194141815902e-08 6.1057883655171166e-05 -9.9181835593808408e-07 8.8188937706712264e-09 0.00019797064428518779 -6.115913935066732e-07 7.515045598098604e-09 1.1677500918656552e-09 -5.9611061348550206e-10 0.00028327197388474648 -3.1134210086261076e-07 -5.2817887788134846e-08 -1.0754239391696476e-06 -1.2024840472641152e-09 8.5816072528889261e-10 1.3181331057424687e-08 -3.3848475308307106e-10 0.00038341896285669992 -1.1709953585153574e-07 -8.0376823869444684e-08 -5.4741163245600918e-07 -4.0612864636042242e-10 -9.3226973596627111e-08 -6.2669705041366533e-11 0.0004713928797630892 -2.0527641838381726e-07 -1.4315599903510032e-07 -1.4222081263025063e-10 9.981483078393321e-10 0.00048373490403333256 -1.12617510338609e-06 9.4022015223681253e-11 0.00073237513945627547 -5.7355363915697264e-07 -1.9802743828341698e-06 4.9296678598996774e-11 0.00107868490691827 -2.1681491780480175e-07 -1.008443989486603e-06 -3.4821239620132455e-06 2.5514930411897081e-11 0.001526885943324667 -3.8009996404049373e-07 -1.7730833049833369e-06 1.3582142423826368e-11 0.0020306356503297161 -6.6633423353329709e-07 7.4501832284528869e-12 0.0011081623691210555 -2.073711297993883e-06 1.7305834148036029e-10 
4.725373527873135e-05 2.3727032223962988e-05 -9.7185194150582722e-05 -0.00011389613994235638 9.22131088637592e-05 0.00025291232877023466 6.4672127395120678e-05 -0.00024369034078359526 -0.00016178690536085811 0.00028114404581925235 0.00017307287211074175 -6.3468499577271325e-07 -3.2919781623553707e-07 0.00019620092940989336 -2.9530491740798946e-07 -4.9738786971400476e-07 -9.3485047095125885e-05 1.2760775559121075e-06 -1.4011741627862999e-07 -0.00026084954613639577 1.2457737212770673e-06 2.5805154824251624e-07 0.00015332610956973877 1.3082380225429981e-07 -8.1098982410891561e-07 -0.00027185938075997325 1.3114614408996447e-06 -4.2580767225642207e-07 -0.00039455950056899825 1.2384843509159599e-06 3.0473337229641878e-08 -0.00034788889336003159 -6.3542092430268741e-07 -7.6715553784933646e-07 -9.6553535041820794e-05 -7.0396379454142051e-07 -9.4079851590128103e-07 0.00025148452285470312 -6.7926562338120996e-07 -1.4384012116207359e-06 0.00047540509239152236 -1.1687932260997203e-06 -6.0061608067954479e-07 1.8370166095093826e-09 2.6608445047757238e-09 0.00063898512182985752 -5.4441390936266656e-07 -9.0797776820494964e-07 -2.055005838612789e-06 -2.7506095865467099e-09 4.8355037725315961e-10 -1.0631212503828562e-06 3.2733139434666804e-09 0.00077453697050188582 2.3542372065519038e-07 -1.4777821829845441e-06 -9.5658803891399227e-07 -1.8734151620991299e-09 -1.6068591561933335e-06 4.6379454493963061e-09 0.00074324802758698983 4.2101507226837414e-07 -2.6192909441654482e-06 -5.899161418950131e-09 1.0082454897484446e-08 0.0011607719126054995 -2.1523591756916686e-06 1.8182933814445665e-10 0.0016824092534432945 -1.003647036994372e-06 -3.7843524147488145e-06 9.4572832429050334e-11 0.0023225805727119051 4.2352847286479353e-07 -1.7635206598905338e-06 -6.6537650084057523e-06 4.553788275559492e-11 0.0029571195271045608 7.5757728580246687e-07 -3.0986884752697837e-06 1.2985112649594549e-11 0.0032021960626917685 1.3548790724869546e-06 -4.3399250564783109e-11 0.0026571080377348908 -3.9635962380202277e-06 3.3467584145482898e-10 
8.234837149773576e-06 -4.1692924464111692e-06 -4.1994626729567357e-05 -5.1159112695167179e-05 4.9156172941925707e-06 6.4672127395120678e-05 4.8287240830977584e-05 -7.6340884393863652e-06 1.6039239405726604e-05 0.00011372411539973499 3.0095050751812128e-05 -4.475268685490094e-08 -2.824901771225872e-07 1.8997678178130574e-05 -2.6333337384990557e-09 -3.7422785651244603e-07 -6.1910475805995131e-05 1.3348962935491206e-07 1.210438301854595e-08 -0.0001024681301140133 1.1059761461142568e-07 3.217992020427821e-07 -2.6898338140183309e-05 1.9300238750611529e-07 -5.9851611493739609e-07 -0.00014310239416642285 5.1667465356833425e-07 -2.665537625005925e-07 -0.00016062761587768806 4.4610315747035424e-07 1.4117902085676119e-07 -0.00015082784749601439 9.483498657997066e-07 -7.7629719518365779e-07 -4.5776543366608723e-05 8.5296939862806125e-07 -7.9281334964608824e-07 0.00011229491049630702 8.2707772651483422e-07 -1.1386883500496792e-06 8.2494073009899951e-05 -8.2342724542365112e-08 -5.1593981196607147e-07 -2.8459614779246023e-10 3.4010895137291043e-09 8.3342673790051777e-05 -5.0485321393936726e-09 -6.8319706284933329e-07 -1.4473093491223265e-07 -5.752642846503432e-10 -1.0284867313088238e-09 -9.131089373571469e-07 3.4539733045071691e-09 3.6882122395964143e-05 3.5202203372407835e-07 -1.0916672608262951e-06 -8.4395874911723176e-09 -1.1023846377291941e-09 -1.2094157787438028e-06 4.0582118466088006e-09 -0.00013017879676796337 6.237612674083664e-07 -1.9338198874049947e-06 -4.9138838568343246e-09 6.7321297812588099e-09 0.00020101769320018652 -1.5150738374255249e-07 1.2616941957586962e-11 0.0002412261431373427 -9.6621826309609082e-09 -2.6630024105272782e-07 6.2265240179179275e-12 0.00022464772279609605 6.4206018191946839e-07 -1.6188807078247009e-08 -4.6806481948422452e-07 6.1100171975354901e-13 4.0263346210291634e-05 1.1376929545599275e-06 -2.7048819818693466e-08 -9.2212729025823557e-12 -0.00056000132093455776 2.0159208299970993e-06 -4.8144382063070678e-11 0.00045918141390678663 -2.7876916469625487e-07 2.3215191130675287e-11 
-5.2821738169315185e-05 -4.1419366931354534e-05 6.4009424058125654e-05 7.2275633322360235e-05 -0.00012157883318792717 -0.00024369034078359526 -7.6340884393863652e-06 0.00033824954863270268 0.0002669091711449872 -0.00018958888107580796 -0.00019355464050915098 7.6806268847992185e-07 2.3690325568084937e-08 -0.00024655063551295628 3.7276150484355976e-07 9.515785827274474e-08 2.3225306171656938e-05 -1.5076099397146293e-06 1.5858372597076561e-07 0.00019133867775114087 -1.4915094242651037e-06 9.3307034013359623e-08 -0.00026755513987982246 1.0518040489621786e-07 1.5172406951560042e-07 0.00013320459259551294 -9.3973308726205795e-07 1.0891836795953367e-07 0.00027987032759325763 -9.3625543852341338e-07 1.3130304024319659e-07 0.00022830199829706788 2.3834766816867334e-06 -1.3366934309312654e-07 5.7732717256796453e-05 2.329411029861982e-06 1.2014675329672668e-07 -0.00016069631343971355 2.2496651401598872e-06 3.0542502192503419e-07 -0.00053188979811669927 1.4148069163685617e-06 4.2330936278471706e-08 -3.0616306121182957e-09 2.0305994666826611e-09 -0.00076433362316075712 6.8732057759405646e-07 1.7360032358739252e-07 2.487393338310963e-06 2.6981849195105997e-09 -2.4719802520401844e-09 7.4933731482235158e-08 1.2092813844927297e-09 -0.0010415633417392952 1.9614212466626239e-07 2.7483804059338446e-07 1.2080178415427088e-06 6.447855601599461e-10 3.0650119986652223e-07 2.8896769356527514e-10 -0.0012964538924681054 3.4264775595851214e-07 4.8862995483084318e-07 -9.5726878115936726e-11 -2.7381415744689954e-09 -0.0012992023908355572 2.6061169158172792e-06 -2.2417355822943693e-10 -0.0019730677526543939 1.2672985197803788e-06 4.581872956563541e-06 -1.1648095732583458e-10 -0.0029183323549429262 3.6565776169729281e-07 2.2273905656492525e-06 8.055476936954643e-06 -5.8911362681658118e-11 -0.0041565260471217785 6.3888341431683459e-07 3.9148283143220531e-06 -3.0006199077661123e-11 -0.0055835218088807143 1.1161713532648428e-06 -1.5200861330541679e-11 -0.0029752472975713212 4.8005040689700204e-06 -4.1263964136470727e-10 
-3.7981104133950833e-05 -3.4813154574818081e-05 3.1372993888534939e-05 3.4825516117697753e-05 -9.1784715293744917e-05 -0.00016178690536085811 1.6039239405726604e-05 0.0002669091711449872 0.00022996522279685272 -8.4045309377386637e-05 -0.00013916864759601241 5.0094917560167304e-07 -1.0650013026268542e-08 -0.00018644728660277923 2.2543811272327137e-07 -3.9705128470579426e-09 -1.0018774980940396e-05 -1.0262213076703202e-06 2.3270246434702227e-08 0.00010632571074444317 -1.0015541657426524e-06 2.6036822721553069e-08 -0.00022483350295483833 8.6745864659752557e-08 -5.1833230426443792e-08 3.9472445170365175e-05 -4.9908065506991996e-07 -9.1743608187545653e-08 0.00015145266185306717 -4.8490698289498288e-07 2.0457220053739863e-08 0.00011151025673979416 2.0050413357292348e-06 -2.3480863730063727e-07 2.6773215550420889e-05 1.9547872816631296e-06 2.7940110459002465e-08 -7.7971580742824695e-05 1.887571266488437e-06 1.8371870933622788e-07 -0.000382413766220141 9.2327471653704058e-07 -2.0248973132444397e-08 -2.4516960970791973e-09 2.6930221736608791e-09 -0.00056626389916495865 4.1634734072692233e-07 -7.3742079575997571e-09 1.6228425783839505e-06 1.5804128871493503e-09 -2.3213394777401169e-09 -3.6155813017112236e-08 2.0102090435635566e-09 -0.0008080372871631001 1.6123058391825372e-07 -9.5784807710503116e-08 7.3129864052525078e-07 -4.9994851113538916e-11 -1.3957664190512864e-08 1.5048394100072161e-09 -0.0010891576208274661 2.8276171404375745e-07 -1.6890753234363011e-07 -1.8478439033442791e-09 3.6343225819917315e-10 -0.00093401968223067843 1.7016166259975539e-06 -1.5270811304749299e-10 -0.0014489946024489916 7.6889184558376136e-07 2.9909572893775914e-06 -7.8332855424744348e-11 -0.0022059880305001648 2.9961242340325171e-07 1.3505535138262938e-06 5.2572335919612645e-06 -3.8695929189121821e-11 -0.0032746106814097549 5.2548612575137439e-07 2.3722239478999705e-06 -1.9842540944776207e-11 -0.0046896082813863522 9.2162863290094118e-07 -1.9053032482522573e-11 -0.0021388371017110586 3.1360720980213623e-06 -2.8111613990741174e-10 
4.7137248652536908e-05 1.2367931821421524e-05 -0.00013024727483583259 -0.00015345043047785 8.051850046576329e-05 0.00028114404581925235 0.00011372411539973499 -0.00018958888107580796 -8.4045309377386637e-05 0.00039160662297784142 0.00017263540257275178 -6.9498135713680444e-07 -4.9527180302911182e-07 0.00017510410568330454 -3.4141406855276907e-07 -7.5879507436129583e-07 -0.00015396594502443148 1.3537777270651017e-06 -2.3849436641058373e-07 -0.00033281958781040266 1.3340109342050662e-06 3.6823390502257813e-07 8.0037176636766675e-05 2.2750912055157837e-07 -1.2696927204247156e-06 -0.00039891512499888078 1.7260530676954018e-06 -7.1431611084742034e-07 -0.00050969016095308249 1.6345139196087431e-06 5.5939595318589761e-08 -0.00046671344834710125 2.2315367061760405e-07 -1.2003318376738426e-06 -0.00013139842904405903 7.8082935347986997e-08 -1.280709115773047e-06 0.00033816575781732454 5.8067868417543983e-08 -1.9195225897594498e-06 0.00047419061325948246 -1.2790514766955677e-06 -9.0419616669728676e-07 1.1718435773274522e-09 6.1848636959249386e-09 0.00059979337859540941 -6.2853005792260435e-07 -1.3853479746313903e-06 -2.2494167805122143e-06 -3.4266661713760057e-09 -9.4965763978621438e-10 -1.6008658291693829e-06 6.589157596674059e-09 0.00063966730081506883 4.1190695314893084e-07 -2.3145089742171244e-06 -1.1048956529035354e-06 -3.1551137791608912e-09 -2.4523401768757138e-06 8.2541840225876801e-09 0.00038862851084106462 7.3435147534734763e-07 -4.1019538248375708e-06 -1.0625001356089861e-08 1.5786966581507352e-08 0.0011578035494891632 -2.3539818998111199e-06 1.8932529144703842e-10 0.0016096199765134891 -1.1571008117418272e-06 -4.1398573224433217e-06 9.9863204928442841e-11 0.0020743459679475247 7.4566972760587356e-07 -2.0340770145178505e-06 -7.2805988477727837e-06 4.8465301070049134e-11 0.0023065189084161774 1.3295199692346242e-06 -3.5757097157650098e-06 9.7648470018463449e-12 0.0016769557396808042 2.3703175998655224e-06 -7.7378263245517294e-11 0.0026502308725359445 -4.3322989591650369e-06 3.4843301160585988e-10 
3.4316002361598372e-05 2.1173281929374434e-05 -5.8740330547338975e-05 -6.8051479296362029e-05 7.2016509887157544e-05 0.00017307287211074175 3.0095050751812128e-05 -0.00019355464050915098 -0.00013916864759601241 0.00017263540257275178 0.00012671602276448393 -4.8580982123154526e-07 -1.5214905156333842e-07 0.00014969348887615576 -2.305889511642047e-07 -2.4398386518200942e-07 -4.6342186169866318e-05 9.6610220219813212e-07 -9.9471596882901797e-08 -0.0001627384461150463 9.4925519440399443e-07 9.4848612462663491e-08 0.00013680016787796329 2.6168446886606561e-08 -3.8951294302192532e-07 -0.00015217404003856679 8.2228326645549675e-07 -1.9599527776807362e-07 -0.00024357581254055543 7.8818380349949166e-07 -1.5404324040895805e-09 -0.00021002957846669295 -9.403861951822108e-07 -2.6309472428643027e-07 -5.6669802191835449e-05 -9.6169683832312974e-07 -4.1436524382696978e-07 0.00015057787612995653 -9.351991989249493e-07 -6.9166282912299451e-07 0.00034539902141340521 -8.9471041585776027e-07 -2.7737519328803296e-07 1.6045959210023767e-09 7.0651250809823524e-10 0.00047731811286651324 -4.2510944920475114e-07 -4.453900491511108e-07 -1.5730856533782256e-06 -1.9459391051057807e-09 8.3126957348392593e-10 -4.9097520099839781e-07 1.1712828618373396e-09 0.00060902430592999434 4.5197314283963023e-08 -7.0937340045715734e-07 -7.47058129477027e-07 -1.0356133760471864e-09 -7.880024275856078e-07 1.9680022431900058e-09 0.00066302104392968364 8.3100281571426065e-08 -1.2576855554951859e-06 -2.6005383566524839e-09 5.0366109096596737e-09 0.00084351951226115226 -1.6477672785643336e-06 1.398925896277041e-10 0.0012463847662788161 -7.8371067959664842e-07 -2.8971254654386001e-06 7.2782990594580785e-11 0.0017720883558767938 7.7779105264093909e-08 -1.3772505863250513e-06 -5.0937523453836725e-06 3.5845067434965784e-11 0.0023728928934446691 1.4337345184822527e-07 -2.4202958828639753e-06 1.3674009553191855e-11 0.0028560729521048241 2.6381098882897189e-07 -1.5263121604698331e-11 0.0019313162873793501 -3.0346348025423696e-06 2.5749216775210526e-10 
-1.3236709856423395e-07 -1.0230102084369372e-07 1.5922159603826901e-07 1.6648827132455246e-07 -3.3213498581672539e-07 -6.3468499577271325e-07 -4.475268685490094e-08 7.6806268847992185e-07 5.0094917560167304e-07 -6.9498135713680444e-07 -4.8580982123154526e-07 1.0033089197732607e-06 -2.8940124151327869e-10 -6.1569499061910361e-07 1.8089659913557165e-09 -4.7680462428328404e-13 5.7046043806236628e-08 -6.0204268112733591e-09 9.4642731850245326e-10 4.5384819015271194e-07 -6.1706668445642397e-09 9.2460761674798091e-10 -6.6131942632967971e-07 1.0223639119706077e-09 -2.5219348242894388e-10 3.3311041467636916e-07 -3.2249162884817396e-09 -5.6309692737979108e-10 6.5294923602271214e-07 -3.379360309246767e-09 -2.0129624678261223e-10 5.6571587537059685e-07 1.1073050430833829e-08 -4.3522523786903758e-09 1.1741543828167993e-07 1.1165991091993066e-08 -3.4512994937710116e-09 -3.729465361272425e-07 1.1317517758068788e-08 -3.0181467877042979e-09 -1.3372018037766013e-06 6.0892506913614456e-09 -5.2984439837605354e-10 -8.8431546903467463e-12 6.8531805953208318e-13 -1.9151658548038537e-06 3.3280903318756803e-09 1.1530891818280747e-12 1.0710406268470949e-08 1.2668788630712215e-11 -4.6433723194335216e-12 -9.348159180590146e-10 2.052190899353996e-13 -2.5973237437098792e-06 1.8801207606160961e-09 -4.6390523673941661e-10 5.8546320055067311e-09 6.6085565618057243e-12 -4.6814226845898402e-14 7.8370595419680331e-13 -3.2076019613825356e-06 3.3080332393760669e-09 -8.1560996362925687e-10 3.4410696337507318e-12 -1.5753902208788896e-12 -3.2716241041777282e-06 1.1205773650974084e-08 -8.8622794921937554e-13 -4.9553172294909127e-06 6.1229566532209105e-09 1.9709874770331605e-08 -4.7265569517802066e-13 -7.3052880365195899e-06 3.4575480883936528e-09 1.0771225515855198e-08 3.4667764958945409e-08 -2.5490441925921719e-13 -1.0359568507988012e-05 6.0834696495403562e-09 1.8948261692193355e-08 -1.4387854034848828e-13 -1.3826860912060478e-05 1.0703722320910648e-08 -9.3090223988473185e-14 -7.5044056983579009e-06 2.0621497182301312e-08 -1.6310345833126817e-12 
-4.162875994696309e-08 1.7657376955466083e-08 2.1121004330854871e-07 2.7623951274243853e-07 3.9435875098303224e-09 -3.2919781623553707e-07 -2.824901771225872e-07 2.3690325568084937e-08 -1.0650013026268542e-08 -4.9527180302911182e-07 -1.5214905156333842e-07 -2.8940124151327869e-10 1.0051943901162677e-06 -1.02082297593513e-07 -9.3167927342026392e-10 5.5629316164740071e-09 3.1165016447282001e-07 -1.3816919195484924e-09 -3.7085810689814872e-09 5.5094818015794503e-07 -7.2542921740710216e-10 -8.997507802479028e-09 1.1414885484700638e-07 -2.9469633439281065e-09 6.1018079885323922e-09 7.1401454480899322e-07 -4.3560927954452764e-09 -3.5542751778053503e-09 8.7291288030996182e-07 -2.37851938052549e-09 -9.1473405432412836e-09 7.5698775721513712e-07 -6.4686470183564702e-09 3.8636728389160187e-09 2.622985072828595e-07 -3.6574670366423041e-09 7.8717681703366562e-09 -6.0865526190983781e-07 -2.2012474664141151e-09 1.7391288019725693e-08 -4.1712872910500352e-07 -5.2744707637386332e-10 9.4875104840022076e-09 3.7510656757923861e-12 -5.2074595492944519e-11 -4.3201683717469227e-07 -1.7009225497703901e-09 1.0160790918411161e-08 -9.3371406089259919e-10 4.7154702991704688e-12 1.5057514793294629e-11 1.6783111506068852e-08 -5.0524860490560559e-11 -2.2493613688958146e-07 -5.3819084568573095e-09 1.1144495374793163e-08 -3.0088863521534014e-09 1.6508723763997571e-11 1.7974700202046853e-08 -4.8002540504311329e-11 5.5423454875376222e-07 -9.5206390241015007e-09 1.971617015300738e-08 5.763981852792951e-11 -4.5164485044571987e-11 -1.0164355073983393e-06 -9.612813549785402e-10 -3.4425245401401839e-15 -1.2386890695681259e-06 -3.1052865876023215e-09 -1.7017286249391599e-09 2.1599179274691493e-14 -1.2038883201863174e-06 -9.8287333068704985e-09 -5.4931828720939068e-09 -3.0125067370687212e-09 7.8811616041643885e-14 -3.8727238264304413e-07 -1.738711330873642e-08 -9.7173091948669137e-09 2.4990781419091645e-13 2.3910245142144432e-06 -3.0757968150109637e-08 8.0698664846344301e-13 -2.3223363076935327e-06 -1.7519249649098534e-09 -6.5295140363283518e-15 
4.0850773924622519e-05 2.9237410503951423e-05 -5.7797039362614258e-05 -6.5921061570014408e-05 9.1080427666603657e-05 0.00019620092940989336 1.8997678178130574e-05 -0.00024655063551295628 -0.00018644728660277923 0.00017510410568330454 0.00014969348887615576 -6.1569499061910361e-07 -1.02082297593513e-07 0.00018657940316702578 -2.9612900935459356e-07 -1.8124353045182333e-07 -3.3097992457912373e-05 1.2156308099135645e-06 -1.0890633675221226e-07 -0.00016626786054427467 1.2006405484496433e-06 3.6997398673709722e-08 0.0001888867111151667 -3.9214938890001834e-08 -2.6514550256830173e-07 -0.00013480039572355849 8.6151424573471493e-07 -9.3944568708863497e-08 -0.00024572540237688769 8.3614620633150904e-07 6.8182327301197794e-09 -0.00020633823868418256 -1.6528986968263359e-06 2.2928985295636702e-08 -5.3537699417985238e-05 -1.6589485244724375e-06 -1.9911265067435696e-07 0.00014628824574122376 -1.6260211168233348e-06 -4.6979516329135971e-07 0.00041137529686245114 -1.1339624295792391e-06 -1.8579149933631439e-07 2.1960079057956247e-09 -2.6395478056365927e-10 0.00058184167610750444 -5.4593255552024094e-07 -3.3089451169229493e-07 -1.9937425845915555e-06 -2.3247463959043074e-09 1.4406040829397614e-09 -3.2886818429608559e-07 2.9255776538146591e-10 0.00077264911801243168 -7.4785887189980496e-08 -4.8233464712869832e-07 -9.5946968982924243e-07 -9.7990236824733943e-10 -5.8508967770012117e-07 1.0019727536467315e-09 0.00091539096857354535 -1.2866128722405276e-07 -8.5562882864691726e-07 -1.5141585829422812e-09 3.658247334425409e-09 0.0010048764851218143 -2.0884720983460576e-06 1.775882661986049e-10 0.0015090887022255121 -1.0064437162162443e-06 -3.6719831041558285e-06 9.2441961997333727e-11 0.0021971190575871681 -1.4240182844680884e-07 -1.7688262157739262e-06 -6.4561232180492796e-06 4.6264980387488483e-11 0.0030555357378771048 -2.4522249558901313e-07 -3.1087042681529765e-06 2.0575263754478581e-11 0.0039428963352352887 -4.2203063388302385e-07 -2.9510231558533205e-12 0.0023013143652712625 -3.8464107437984614e-06 3.268803139956214e-10 
-6.2802603879750679e-08 -5.067789451419303e-08 6.6906617571567356e-08 6.3615030565611274e-08 -1.6900421056712717e-07 -2.9530491740798946e-07 -2.6333337384990557e-09 3.7276150484355976e-07 2.2543811272327137e-07 -3.4141406855276907e-07 -2.305889511642047e-07 1.8089659913557165e-09 -9.3167927342026392e-10 -2.9612900935459356e-07 1.0011281017454104e-06 -7.8883938489494226e-10 1.1318703491965558e-08 -2.9486718413987424e-09 1.1740663385160209e-09 1.8727451858409225e-07 -3.1456353160560303e-09 1.9336568049412655e-09 -3.2767852452743347e-07 9.7846080519765328e-10 -9.0269400709336331e-10 1.2633797745815491e-07 -1.1787885883515411e-09 4.5778732836695762e-10 2.6252519069848166e-07 -1.5828044718563211e-09 1.4085829174595493e-09 2.3737073135135794e-07 6.3832472637072838e-09 -2.7044749765352325e-09 3.759331516780425e-08 6.0064500354253106e-09 -2.9612438509032163e-09 -1.4313783785982244e-07 5.8711603207325433e-09 -4.253280352998558e-09 -6.3494913804337433e-07 3.3276907979594513e-09 -1.7021856747137609e-09 -4.822252259137918e-12 6.9625156716467665e-12 -9.1648303792535249e-07 2.0728010545114919e-09 -1.4397868417545268e-09 5.8543579991870864e-09 6.2409125383348778e-12 -4.0566950747094757e-12 -3.0093821648798713e-09 6.6097239375621166e-12 -1.2583953316520184e-06 1.7937264293089309e-09 -1.6509481020105082e-09 3.6493882349654045e-09 1.4747912529605064e-12 -2.5475279636069105e-09 6.3788127372448858e-12 -1.5898874423802318e-06 3.1631158368579894e-09 -2.9168029744760053e-09 -5.105367655424524e-12 3.6141099142606715e-12 -1.554112660724767e-06 6.1214911958812685e-09 -4.6624959084365964e-13 -2.3667335387185283e-06 3.8086562322966408e-09 1.076943006382e-08 -2.5349758610336915e-13 -3.5157861016292398e-06 3.2883288294034695e-09 6.7055050398575721e-09 1.894648433090906e-08 -1.4821658632097745e-13 -5.0424477120436481e-06 5.7986923503387328e-09 1.180573494449969e-08 -1.1545753509248478e-13 -6.8555521418773931e-06 1.0225576045737242e-08 -1.6478916868062855e-13 -3.5661528459655453e-06 1.1260901854439988e-08 -8.5803918105975894e-13 
-6.672586800060978e-08 1.8758302618240847e-08 3.0361555163385701e-07 3.8650061774810457e-07 -2.8920832277197753e-08 -4.9738786971400476e-07 -3.7422785651244603e-07 9.515785827274474e-08 -3.9705128470579426e-09 -7.5879507436129583e-07 -2.4398386518200942e-07 -4.7680462428328404e-13 5.5629316164740071e-09 -1.8124353045182333e-07 -7.8883938489494226e-10 1.0061342633240795e-06 4.3554989453671305e-07 -1.9413021577713045e-09 -3.5082731458058197e-09 7.8009077748618702e-07 -1.2727614438245873e-09 -9.2368719153673457e-09 1.2116519892217402e-07 -3.1889088176269355e-09 7.1379724642145102e-09 1.0145590110347072e-06 -5.4777343202859684e-09 -2.810759670818151e-09 1.2279461377970799e-06 -3.4459017554850921e-09 -9.0256597371010406e-09 1.0886254020871212e-06 -7.6777508207772394e-09 5.2067358638035402e-09 3.5861502885477391e-07 -4.7867550331093026e-09 9.1135144542935435e-09 -8.5096322936810295e-07 -3.3390635572829081e-09 1.8980587645973157e-08 -6.6916020693938638e-07 4.0640847148130439e-12 1.0160496083367796e-08 3.6900651378653932e-12 -5.7060345745427852e-11 -7.2534075667420752e-07 -1.4382038777735652e-09 1.1203671878994111e-08 1.1439504000955412e-12 6.4412962276223147e-12 1.6326703335369477e-11 1.7974673189592022e-08 -5.5753703504931667e-11 -4.7466905095539609e-07 -5.8220217716651815e-09 1.3033450861288003e-08 -2.5469883113192052e-09 1.8495415765216352e-11 1.9821299336642219e-08 -5.4702333090902282e-11 5.8771586778699002e-07 -1.030245181840528e-08 2.3063892147331143e-08 6.5978221065689451e-11 -5.8164365068332927e-11 -1.6312977171636758e-06 1.6501766076235301e-11 -7.9838651181279214e-14 -2.0471610118173654e-06 -2.6220744005012388e-09 1.8061936808099591e-11 -1.9012732361903603e-14 -2.141229758701971e-06 -1.062930172482578e-08 -4.6436265002864321e-09 1.2372983853246022e-11 5.9988014393787572e-14 -1.175335852380702e-06 -1.8809270616774058e-08 -8.2236706935278235e-09 2.5093790821339799e-13 2.5332041584512629e-06 -3.3284277762665012e-08 8.7098842895216022e-13 -3.7285369415486364e-06 4.6841040835669802e-11 -1.4711273374582868e-13 
-1.2681784479812642e-05 4.314604758527017e-06 5.8293447742979641e-05 7.0812792277267933e-05 -1.0210117759473853e-05 -9.3485047095125885e-05 -6.1910475805995131e-05 2.3225306171656938e-05 -1.0018774980940396e-05 -0.00015396594502443148 -4.6342186169866318e-05 5.7046043806236628e-08 3.1165016447282001e-07 -3.3097992457912373e-05 1.1318703491965558e-08 4.3554989453671305e-07 8.4690667367572829e-05 -1.4967509405525539e-07 4.7728827722827045e-08 0.00014324151577665682 -1.2492215124856532e-07 -2.9741166756992297e-07 2.7833255530035268e-05 -2.3403204677539402e-07 7.5859907957828027e-07 0.00019600737148809397 -6.5997687062588057e-07 4.7783813818071413e-07 0.00022394593155944262 -5.9403705279801482e-07 -4.1204658303193841e-09 0.00020939813483466193 -1.2964159380905802e-06 1.1333323903038025e-06 6.3214156183467873e-05 -1.2222512447922829e-06 1.0769188193161872e-06 -0.00015540130481658395 -1.2245594114425787e-06 1.3898816611830431e-06 -0.00012701171380444552 1.0498269938494124e-07 5.6913996350978625e-07 2.845344467936725e-10 -3.7078514450455556e-09 -0.00013533652312115846 2.0986084077537866e-08 7.9499129353396277e-07 1.8452360780571973e-07 6.68409805737841e-10 1.083328165198233e-09 1.0073553271144673e-06 -3.8716302122475714e-09 -8.1580600639796284e-05 -4.26718103859436e-07 1.3832834233513682e-06 3.6519918293128132e-08 1.1610454757998268e-09 1.4075444952999399e-06 -4.8810206638193417e-09 0.00013469761347015475 -7.5629997288227616e-07 2.4509158800506171e-06 5.841081295243672e-09 -8.9852442199971103e-09 -0.00030945207559993911 1.9320194565119723e-07 -1.6306521107808644e-11 -0.00038415196019903303 3.8908280985357176e-08 3.3958422958178931e-07 -8.1884469427350841e-12 -0.00039107533422702974 -7.7804616317810145e-07 6.771642169100764e-08 5.96870913857609e-07 -1.4807115164379158e-12 -0.00018192663906406665 -1.3789844083393949e-06 1.1783470541110151e-07 9.1050283900988524e-12 0.000579421128706459 -2.4440620396739317e-06 5.4100961144445689e-11 -0.00070677534092457252 3.5555495723464339e-07 -3.0004960459973341e-11 
2.6328780159663962e-07 1.9866551483074522e-07 -3.3654754954701862e-07 -3.670879212150675e-07 6.3351258805361388e-07 1.2760775559121075e-06 1.3348962935491206e-07 -1.5076099397146293e-06 -1.0262213076703202e-06 1.3537777270651017e-06 9.6610220219813212e-07 -6.0204268112733591e-09 -1.3816919195484924e-09 1.2156308099135645e-06 -2.9486718413987424e-09 -1.9413021577713045e-09 -1.4967509405525539e-07 1.0117985083608632e-06 -9.2351412411317405e-11 -9.6833138051576177e-07 1.1791219795860896e-08 1.8520623088869694e-09 1.2840852351709787e-06 -8.3273994783028576e-10 -1.4062692273077697e-09 -7.3526535536018009e-07 7.2898511346282528e-09 2.9607358911065633e-09 -1.4094377572550919e-06 6.7812299578106465e-09 4.1563495128476947e-09 -1.1964967249481815e-06 -1.938790919421212e-08 7.2095274724687198e-09 -2.7617671897735467e-07 -2.0624353372610174e-08 3.7058568986720324e-09 8.2090449280688066e-07 -2.1451330178592752e-08 -8.7291977456165926e-10 2.6586594549695839e-06 -1.1082177446306489e-08 -2.5209049036477653e-09 1.6061428182553764e-11 1.5181381405049885e-11 3.7917707016322188e-06 -5.4313916139099584e-09 -3.5497351004049106e-09 -1.9489390607225848e-08 -2.4766442369843871e-11 4.6007516654110476e-12 -4.4629506863879779e-09 1.5771310694659785e-11 5.1074841616789243e-06 -1.5451825414071239e-09 -2.5637390124027934e-09 -9.5472630196524636e-09 -1.7384098075366251e-11 -6.2741746463972362e-09 1.3245878696723546e-11 6.2268973662143193e-06 -2.7014025250552782e-09 -4.5418008746885459e-09 -2.3546411101638611e-11 1.3560738412477174e-11 6.5032979621372084e-06 -2.0399628258934552e-08 1.6568759980557397e-12 9.821187017543646e-06 -1.0004437873707509e-08 -3.5875332281844306e-08 8.7189450007495669e-13 1.4418541371787026e-05 -2.8667830239219285e-09 -1.7585825403428879e-08 -6.3091260527875892e-08 4.4196789763612545e-13 2.0318915956715417e-05 -5.0123909511868638e-09 -3.0912291439176302e-08 1.7087482290803112e-13 2.6836954615795129e-05 -8.7632427076009511e-09 -1.1188895854199454e-13 1.4914144423894429e-05 -3.7550759402385737e-08 3.0494915242372929e-12 
