DESCRIPTOR_NAME Steinhardt
FILTER_TYPE element
NUMBER_OF_DIMENSION 15
CUTOFF_RADIUS 4.000000
STEINHARDT_STYLE Mono
AVE_STYLE none
STEINHARDT_MODE Full
FILTER_VALUE Au
NUMBER_OF_CLUSTER 15
WEIGHT 0.0109336
ESPERANCE 0.480271 0.115134 0.123832 0.190082 0.264304 0.485365 0.384591 0.464566 0.28711 0.137445 0.32491 0.493491 0.283901 0.330537 0.338441
COVARIANCE_MATRIX
9.27732e-05 4.91233e-06 -1.26818e-06 4.35008e-05 -0.000133783 -3.04011e-05 2.28101e-05 -2.08548e-05 0.000207482 4.39437e-06 -0.000220158 4.09754e-05 0.000198018 -0.000179295 -1.57401e-06 
4.91233e-06 8.5747e-05 1.87122e-05 -1.5594e-05 -3.30244e-05 -5.9419e-06 -3.43445e-05 8.83295e-05 -4.11221e-05 -0.000182025 2.1994e-05 0.000134309 -0.000207937 -4.85025e-06 -5.479e-05 
-1.26818e-06 1.87122e-05 4.66729e-05 6.19819e-06 -7.39727e-05 2.14308e-05 -5.06837e-07 6.07152e-05 -6.27944e-05 -9.30225e-05 -3.28088e-05 0.000124914 -0.000139393 4.0742e-05 -2.43928e-05 
4.35008e-05 -1.5594e-05 6.19819e-06 6.52686e-05 -7.6994e-05 -8.25449e-06 -1.93869e-05 -7.58578e-06 9.0245e-05 7.75501e-05 -0.000139002 6.37294e-05 8.48398e-05 -9.98637e-05 -5.24171e-05 
-0.000133783 -3.30244e-05 -7.39727e-05 -7.6994e-05 0.000344436 -3.546e-06 -3.12068e-05 -9.12926e-05 -0.000189379 0.000185936 0.000415557 -0.000312242 -2.8689e-05 0.000185008 4.19555e-05 
-3.04011e-05 -5.9419e-06 2.14308e-05 -8.25449e-06 -3.546e-06 3.37262e-05 -8.69127e-06 3.87744e-05 -0.000101532 -5.22513e-05 2.89304e-05 7.02458e-05 -0.000133055 8.54515e-05 -1.02259e-05 
2.28101e-05 -3.43445e-05 -5.06837e-07 -1.93869e-05 -3.12068e-05 -8.69127e-06 8.15501e-05 -6.04179e-05 6.57546e-05 5.31092e-05 -4.25837e-05 -0.000117098 0.000188225 -1.43044e-05 9.53815e-05 
-2.08548e-05 8.83295e-05 6.07152e-05 -7.58578e-06 -9.12926e-05 3.87744e-05 -6.04179e-05 0.000188615 -0.000160791 -0.000338244 -3.53368e-06 0.000322706 -0.000449145 8.84799e-05 -9.19589e-05 
0.000207482 -4.11221e-05 -6.27944e-05 9.0245e-05 -0.000189379 -0.000101532 6.57546e-05 -0.000160791 0.000596192 0.00019338 -0.00045832 -0.000144158 0.000720645 -0.000458557 8.2661e-05 
4.39437e-06 -0.000182025 -9.30225e-05 7.75501e-05 0.000185936 -5.22513e-05 5.31092e-05 -0.000338244 0.00019338 0.00083656 2.53166e-05 -0.000562993 0.000745722 -0.000101559 8.68152e-05 
-0.000220158 2.1994e-05 -3.28088e-05 -0.000139002 0.000415557 2.89304e-05 -4.25837e-05 -3.53368e-06 -0.00045832 2.53166e-05 0.000672208 -0.000244877 -0.000401278 0.000368139 4.17165e-05 
4.09754e-05 0.000134309 0.000124914 6.37294e-05 -0.000312242 7.02458e-05 -0.000117098 0.000322706 -0.000144158 -0.000562993 -0.000244877 0.000721187 -0.000672683 -1.12375e-05 -0.000248043 
0.000198018 -0.000207937 -0.000139393 8.48398e-05 -2.8689e-05 -0.000133055 0.000188225 -0.000449145 0.000720645 0.000745722 -0.000401278 -0.000672683 0.00139056 -0.000470622 0.000221256 
-0.000179295 -4.85025e-06 4.0742e-05 -9.98637e-05 0.000185008 8.54515e-05 -1.43044e-05 8.84799e-05 -0.000458557 -0.000101559 0.000368139 -1.12375e-05 -0.000470622 0.00046293 1.31435e-05 
-1.57401e-06 -5.479e-05 -2.43928e-05 -5.24171e-05 4.19555e-05 -1.02259e-05 9.53815e-05 -9.19589e-05 8.2661e-05 8.68152e-05 4.17165e-05 -0.000248043 0.000221256 1.31435e-05 0.000266003 
WEIGHT 0.000529101
ESPERANCE 0.502323 0.110443 0.267675 0.0964311 0.338287 0.478311 0.482373 0.429772 0.257878 0.296912 0.405329 0.356382 0.396286 0.422378 0.362949
COVARIANCE_MATRIX
3.57325e-05 5.89961e-05 4.57697e-05 1.19407e-05 -6.46335e-05 -4.47678e-05 -3.617e-05 8.68104e-05 0.000153727 -0.000150605 1.0422e-05 0.000152387 -0.000110372 -9.32739e-05 5.74623e-05 
5.89961e-05 0.000504334 0.000279163 0.000134949 -0.000233007 -0.000286258 -0.000212858 0.000368905 0.000736823 -0.000489616 -3.71377e-05 0.000635105 -0.000396173 -0.000597834 0.000245614 
4.57697e-05 0.000279163 0.00016209 7.30601e-05 -0.000146919 -0.00016413 -0.000123265 0.000225148 0.00044022 -0.000315505 -1.36374e-05 0.000389049 -0.000249821 -0.000342525 0.000149786 
1.19407e-05 0.000134949 7.30601e-05 3.8381e-05 -5.68192e-05 -7.54066e-05 -5.61062e-05 9.29432e-05 0.000188244 -0.000117822 -1.06303e-05 0.000159281 -9.89479e-05 -0.000157498 6.24629e-05 
-6.46335e-05 -0.000233007 -0.000146919 -5.68192e-05 0.000159656 0.000147498 0.000112986 -0.000229053 -0.000431337 0.000352423 -1.11365e-06 -0.000399226 0.000267504 0.000307905 -0.000151554 
-4.47678e-05 -0.000286258 -0.00016413 -7.54066e-05 0.000147498 0.000168483 0.000125759 -0.000227597 -0.000446211 0.000316042 1.44817e-05 -0.000392659 0.000251933 0.000349411 -0.00015166 
-3.617e-05 -0.000212858 -0.000123265 -5.61062e-05 0.000112986 0.000125759 9.61884e-05 -0.000173787 -0.000338886 0.000244075 8.12479e-06 -0.00029963 0.000195194 0.000262389 -0.00011615 
8.68104e-05 0.000368905 0.000225148 9.29432e-05 -0.000229053 -0.000227597 -0.000173787 0.000340327 0.000645561 -0.000504917 -2.65064e-06 0.00058729 -0.000392195 -0.000473986 0.000225863 
0.000153727 0.000736823 0.00044022 0.000188244 -0.000431337 -0.000446211 -0.000338886 0.000645561 0.00124278 -0.000942332 -1.83283e-05 0.00111835 -0.000735061 -0.000931349 0.000429081 
-0.000150605 -0.000489616 -0.000315505 -0.000117822 0.000352423 0.000316042 0.000244075 -0.000504917 -0.000942332 0.000790408 -1.22626e-05 -0.000879561 0.00059842 0.000659104 -0.000334674 
1.0422e-05 -3.71377e-05 -1.36374e-05 -1.06303e-05 -1.11365e-06 1.44817e-05 8.12479e-06 -2.65064e-06 -1.83283e-05 -1.22626e-05 1.69676e-05 -6.68786e-06 -1.09767e-05 3.21153e-05 -8.55455e-08 
0.000152387 0.000635105 0.000389049 0.000159281 -0.000399226 -0.000392659 -0.00029963 0.00058729 0.00111835 -0.000879561 -6.68786e-06 0.00102156 -0.000677743 -0.000819792 0.000389729 
-0.000110372 -0.000396173 -0.000249821 -9.89479e-05 0.000267504 0.000251933 0.000195194 -0.000392195 -0.000735061 0.00059842 -1.09767e-05 -0.000677743 0.000467071 0.000523565 -0.000262525 
-9.32739e-05 -0.000597834 -0.000342525 -0.000157498 0.000307905 0.000349411 0.000262389 -0.000473986 -0.000931349 0.000659104 3.21153e-05 -0.000819792 0.000523565 0.000731383 -0.000315288 
5.74623e-05 0.000245614 0.000149786 6.24629e-05 -0.000151554 -0.00015166 -0.00011615 0.000225863 0.000429081 -0.000334674 -8.55455e-08 0.000389729 -0.000262525 -0.000315288 0.000152 
WEIGHT 0.00202822
ESPERANCE 0.527972 0.00129887 0.264045 0.191814 0.429738 0.573868 0.466438 0.404052 0.32878 0.0203187 0.421879 0.598131 0.452844 0.307203 0.347533
COVARIANCE_MATRIX
1.98565e-05 2.64292e-05 1.06173e-05 1.7773e-05 -4.62515e-05 -1.3363e-05 2.8637e-05 2.79923e-06 2.98945e-05 0.000151978 -6.92154e-05 -3.97489e-05 3.50714e-05 2.43925e-05 2.29659e-05 
2.64292e-05 3.80432e-05 1.48812e-05 2.49107e-05 -6.4826e-05 -1.87295e-05 4.01375e-05 3.9234e-06 4.19e-05 0.000213013 -9.70122e-05 -5.5712e-05 4.9156e-05 3.41885e-05 3.2189e-05 
1.06173e-05 1.48812e-05 6.97818e-06 1.00073e-05 -2.60423e-05 -7.52415e-06 1.61243e-05 1.57613e-06 1.68324e-05 8.55728e-05 -3.89724e-05 -2.2381e-05 1.97473e-05 1.37344e-05 1.29312e-05 
1.7773e-05 2.49107e-05 1.00073e-05 1.77518e-05 -4.35939e-05 -1.25952e-05 2.69915e-05 2.63839e-06 2.81768e-05 0.000143246 -6.52384e-05 -3.7465e-05 3.30562e-05 2.2991e-05 2.16463e-05 
-4.62515e-05 -6.4826e-05 -2.60423e-05 -4.35939e-05 0.000114446 3.27769e-05 -7.02412e-05 -6.86599e-06 -7.33256e-05 -0.000372775 0.000169772 9.74966e-05 -8.60236e-05 -5.98303e-05 -5.63311e-05 
-1.3363e-05 -1.87295e-05 -7.52415e-06 -1.25952e-05 3.27769e-05 1.04699e-05 -2.02941e-05 -1.98372e-06 -2.11852e-05 -0.000107702 4.90507e-05 2.81687e-05 -2.48539e-05 -1.72862e-05 -1.62752e-05 
2.8637e-05 4.01375e-05 1.61243e-05 2.69915e-05 -7.02412e-05 -2.02941e-05 4.44904e-05 4.25113e-06 4.54001e-05 0.000230807 -0.000105116 -6.03658e-05 5.32622e-05 3.70444e-05 3.48778e-05 
2.79923e-06 3.9234e-06 1.57613e-06 2.63839e-06 -6.86599e-06 -1.98372e-06 4.25113e-06 1.41554e-06 4.4378e-06 2.25611e-05 -1.0275e-05 -5.90068e-06 5.20632e-06 3.62105e-06 3.40927e-06 
2.98945e-05 4.19e-05 1.68324e-05 2.81768e-05 -7.33256e-05 -2.11852e-05 4.54001e-05 4.4378e-06 4.83937e-05 0.000240942 -0.000109732 -6.30165e-05 5.5601e-05 3.86711e-05 3.64094e-05 
0.000151978 0.000213013 8.55728e-05 0.000143246 -0.000372775 -0.000107702 0.000230807 2.25611e-05 0.000240942 0.00122591 -0.000557858 -0.000320366 0.000282666 0.000196597 0.000185099 
-6.92154e-05 -9.70122e-05 -3.89724e-05 -6.52384e-05 0.000169772 4.90507e-05 -0.000105116 -1.0275e-05 -0.000109732 -0.000557858 0.000255065 0.000145904 -0.000128734 -8.95361e-05 -8.42995e-05 
-3.97489e-05 -5.5712e-05 -2.2381e-05 -3.7465e-05 9.74966e-05 2.81687e-05 -6.03658e-05 -5.90068e-06 -6.30165e-05 -0.000320366 0.000145904 8.47893e-05 -7.39294e-05 -5.14187e-05 -4.84114e-05 
3.50714e-05 4.9156e-05 1.97473e-05 3.30562e-05 -8.60236e-05 -2.48539e-05 5.32622e-05 5.20632e-06 5.5601e-05 0.000282666 -0.000128734 -7.39294e-05 6.62297e-05 4.53679e-05 4.27145e-05 
2.43925e-05 3.41885e-05 1.37344e-05 2.2991e-05 -5.98303e-05 -1.72862e-05 3.70444e-05 3.62105e-06 3.86711e-05 0.000196597 -8.95361e-05 -5.14187e-05 4.53679e-05 3.25539e-05 2.97084e-05 
2.29659e-05 3.2189e-05 1.29312e-05 2.16463e-05 -5.63311e-05 -1.62752e-05 3.48778e-05 3.40927e-06 3.64094e-05 0.000185099 -8.42995e-05 -4.84114e-05 4.27145e-05 2.97084e-05 2.89709e-05 
WEIGHT 0.0191358
ESPERANCE 0.383763 0.145434 0.147201 0.157082 0.21884 0.314824 0.418654 0.45408 0.180337 0.275137 0.31455 0.356511 0.181191 0.305156 0.364342
COVARIANCE_MATRIX
2.27635e-05 -1.02771e-05 -5.49115e-06 -6.18178e-06 1.41661e-05 -4.27292e-05 4.76313e-06 3.73802e-05 -2.93431e-05 -1.10769e-05 -9.18271e-06 2.01552e-05 -3.06237e-05 -6.82324e-05 9.42063e-05 
-1.02771e-05 4.10106e-05 7.20622e-06 -2.02715e-05 1.01181e-05 4.48548e-06 -2.23158e-05 5.0532e-06 2.22748e-05 -2.02734e-05 3.82776e-05 -1.03636e-05 -7.23997e-05 6.42141e-05 -4.29835e-05 
-5.49115e-06 7.20622e-06 9.70618e-06 -1.53878e-05 2.35004e-06 7.79745e-07 4.7407e-06 -1.95135e-06 -1.29173e-05 6.80612e-06 2.08157e-05 -2.66944e-05 -2.09977e-05 7.16602e-06 1.497e-05 
-6.18178e-06 -2.02715e-05 -1.53878e-05 5.20184e-05 -2.41228e-05 3.43463e-05 -4.22387e-06 -3.21849e-05 3.78767e-05 -1.30871e-06 -3.94639e-05 4.66113e-05 7.80555e-05 2.48694e-05 -9.84983e-05 
1.41661e-05 1.01181e-05 2.35004e-06 -2.41228e-05 2.17704e-05 -4.09864e-05 -1.02191e-06 3.83645e-05 -2.94141e-05 -1.39382e-05 1.83938e-05 -1.28823e-06 -7.13923e-05 -3.87437e-05 8.77915e-05 
-4.27292e-05 4.48548e-06 7.79745e-07 3.43463e-05 -4.09864e-05 0.000113618 -1.7387e-05 -9.52971e-05 0.000103029 3.01188e-05 -3.01243e-05 -1.83064e-05 0.000159453 0.000147648 -0.000263641 
4.76313e-06 -2.23158e-05 4.7407e-06 -4.22387e-06 -1.02191e-06 -1.7387e-05 2.90214e-05 4.19598e-06 -5.14462e-05 1.95553e-05 4.26115e-06 -2.18763e-05 2.02653e-06 -5.79591e-05 8.83257e-05 
3.73802e-05 5.0532e-06 -1.95135e-06 -3.21849e-05 3.83645e-05 -9.52971e-05 4.19598e-06 8.65115e-05 -7.21233e-05 -3.42394e-05 2.4988e-05 2.28703e-05 -0.000143355 -0.000111656 0.000205064 
-2.93431e-05 2.22748e-05 -1.29173e-05 3.78767e-05 -2.94141e-05 0.000103029 -5.14462e-05 -7.21233e-05 0.000157775 -2.68447e-06 -5.7354e-05 3.13327e-05 0.000156434 0.000166207 -0.000311843 
-1.10769e-05 -2.02734e-05 6.80612e-06 -1.30871e-06 -1.39382e-05 3.01188e-05 1.95553e-05 -3.42394e-05 -2.68447e-06 4.13986e-05 -1.71458e-05 -4.21393e-05 9.04948e-05 -4.80431e-07 -1.82666e-05 
-9.18271e-06 3.82776e-05 2.08157e-05 -3.94639e-05 1.83938e-05 -3.01243e-05 4.26115e-06 2.4988e-05 -5.7354e-05 -1.71458e-05 9.3978e-05 -4.21298e-05 -0.000172929 1.65412e-05 8.22542e-05 
2.01552e-05 -1.03636e-05 -2.66944e-05 4.66113e-05 -1.28823e-06 -1.83064e-05 -2.18763e-05 2.28703e-05 3.13327e-05 -4.21393e-05 -4.21298e-05 9.97125e-05 -1.64002e-06 -2.03982e-05 -2.94162e-05 
-3.06237e-05 -7.23997e-05 -2.09977e-05 7.80555e-05 -7.13923e-05 0.000159453 2.02653e-06 -0.000143355 0.000156434 9.04948e-05 -0.000172929 -1.64002e-06 0.000466222 8.5808e-05 -0.000333208 
-6.82324e-05 6.42141e-05 7.16602e-06 2.48694e-05 -3.87437e-05 0.000147648 -5.79591e-05 -0.000111656 0.000166207 -4.80431e-07 1.65412e-05 -2.03982e-05 8.5808e-05 0.000285083 -0.000406021 
9.42063e-05 -4.29835e-05 1.497e-05 -9.84983e-05 8.77915e-05 -0.000263641 8.83257e-05 0.000205064 -0.000311843 -1.82666e-05 8.22542e-05 -2.94162e-05 -0.000333208 -0.000406021 0.000718889 
WEIGHT 0.0108131
ESPERANCE 0.433933 0.115716 0.161118 0.140908 0.202532 0.302729 0.373586 0.489814 0.260694 0.198689 0.298848 0.398618 0.23153 0.19599 0.336757
COVARIANCE_MATRIX
0.000213344 -0.000152535 9.94407e-06 2.3043e-06 -0.000203018 -1.24498e-05 -0.000105669 7.69612e-05 0.000450663 -0.000210817 -0.000368982 0.000140137 0.000428203 -0.000466692 -8.47847e-05 
-0.000152535 0.000136486 -1.08716e-06 -1.72179e-05 0.000152777 -1.54627e-06 5.95639e-05 -3.74724e-05 -0.000318614 0.000139214 0.000272498 -0.00010018 -0.000322348 0.000312148 5.44568e-05 
9.94407e-06 -1.08716e-06 3.39067e-05 -7.01593e-06 -1.1193e-05 6.73563e-06 -3.93957e-05 1.2159e-05 1.95397e-05 1.25084e-06 1.13915e-05 7.80912e-06 -2.52612e-05 4.79558e-05 -2.83988e-05 
2.3043e-06 -1.72179e-05 -7.01593e-06 4.12155e-05 -1.66499e-05 -8.50808e-06 2.7474e-05 -3.20757e-05 9.84819e-06 5.49182e-05 -1.95785e-05 -2.47064e-05 5.6942e-05 2.80104e-06 9.18739e-06 
-0.000203018 0.000152777 -1.1193e-05 -1.66499e-05 0.000306305 2.78365e-05 -2.73847e-05 -6.14788e-05 -0.000403768 0.000184108 0.000440895 -0.000111821 -0.000472032 0.00050459 -7.8759e-05 
-1.24498e-05 -1.54627e-06 6.73563e-06 -8.50808e-06 2.78365e-05 3.49378e-05 -3.59433e-05 -5.29442e-06 -2.16593e-05 -2.02485e-06 3.50833e-05 2.4918e-05 -7.78223e-05 0.000132458 -4.95367e-05 
-0.000105669 5.95639e-05 -3.93957e-05 2.7474e-05 -2.73847e-05 -3.59433e-05 0.000268494 -8.02561e-05 -0.000252938 0.000129481 5.97609e-05 -0.0001432 -3.35325e-05 7.3944e-05 0.000288325 
7.69612e-05 -3.74724e-05 1.2159e-05 -3.20757e-05 -6.14788e-05 -5.29442e-06 -8.02561e-05 9.63406e-05 0.000139467 -0.000141194 -0.000122629 0.000127572 5.26724e-05 -0.000276472 -4.506e-05 
0.000450663 -0.000318614 1.95397e-05 9.84819e-06 -0.000403768 -2.16593e-05 -0.000252938 0.000139467 0.000994061 -0.000428027 -0.00076314 0.000261171 0.000920298 -0.000891177 -0.000227948 
-0.000210817 0.000139214 1.25084e-06 5.49182e-05 0.000184108 -2.02485e-06 0.000129481 -0.000141194 -0.000428027 0.000377183 0.000351593 -0.000246301 -0.00032689 0.000592775 8.5203e-05 
-0.000368982 0.000272498 1.13915e-05 -1.95785e-05 0.000440895 3.50833e-05 5.97609e-05 -0.000122629 -0.00076314 0.000351593 0.000770083 -0.000234251 -0.000840241 0.000901504 -3.57677e-06 
0.000140137 -0.00010018 7.80912e-06 -2.47064e-05 -0.000111821 2.4918e-05 -0.0001432 0.000127572 0.000261171 -0.000246301 -0.000234251 0.000283518 0.00011213 -0.000464591 -0.000123316 
0.000428203 -0.000322348 -2.52612e-05 5.6942e-05 -0.000472032 -7.78223e-05 -3.35325e-05 5.26724e-05 0.000920298 -0.00032689 -0.000840241 0.00011213 0.00119863 -0.00101974 6.90979e-07 
-0.000466692 0.000312148 4.79558e-05 2.80104e-06 0.00050459 0.000132458 7.3944e-05 -0.000276472 -0.000891177 0.000592775 0.000901504 -0.000464591 -0.00101974 0.00202277 -2.79269e-05 
-8.47847e-05 5.44568e-05 -2.83988e-05 9.18739e-06 -7.8759e-05 -4.95367e-05 0.000288325 -4.506e-05 -0.000227948 8.5203e-05 -3.57677e-06 -0.000123316 6.90979e-07 -2.79269e-05 0.000386585 
WEIGHT 0.014462
ESPERANCE 0.527075 0.10545 0.206869 0.0834841 0.286075 0.382619 0.448324 0.465996 0.28557 0.227607 0.405506 0.391576 0.259576 0.304949 0.389968
COVARIANCE_MATRIX
4.9771e-05 1.79492e-05 1.22835e-05 -2.67074e-05 -7.52201e-05 9.0309e-07 -9.82403e-06 1.30665e-05 0.000129911 -8.42025e-05 -8.69725e-05 6.01782e-05 5.83512e-05 4.5274e-06 1.11667e-06 
1.79492e-05 0.000293494 7.26268e-05 8.88023e-05 4.46616e-05 -8.20807e-05 -0.00018053 -6.80842e-05 0.000226216 0.000278941 9.02526e-05 -4.22521e-05 -0.000239338 0.00011028 -6.64179e-05 
1.22835e-05 7.26268e-05 2.80692e-05 2.0977e-05 -7.94219e-07 -2.22754e-05 -5.21315e-05 -1.10401e-05 7.50823e-05 5.44875e-05 1.76949e-05 1.15452e-06 -4.36009e-05 9.92724e-06 -3.17737e-05 
-2.67074e-05 8.88023e-05 2.0977e-05 8.89203e-05 0.000129702 -5.02451e-05 -0.00013171 -2.1792e-05 2.9532e-05 0.000181695 0.000135262 -5.97081e-05 -0.000117802 -2.8174e-05 -0.000104384 
-7.52201e-05 4.46616e-05 -7.94219e-07 0.000129702 0.000254257 -5.82833e-05 -0.000164881 -2.01344e-05 -8.47909e-05 0.000251817 0.000246033 -0.000113499 -0.00016018 -8.46089e-05 -0.000154977 
9.0309e-07 -8.20807e-05 -2.22754e-05 -5.02451e-05 -5.82833e-05 4.07093e-05 9.24032e-05 7.55245e-06 -6.34153e-05 -9.76415e-05 -7.42637e-05 2.06482e-05 9.10819e-05 1.69862e-05 6.34199e-05 
-9.82403e-06 -0.00018053 -5.21315e-05 -0.00013171 -0.000164881 9.24032e-05 0.000273494 2.20428e-05 -0.000222657 -0.000228738 -0.000151474 3.10574e-05 0.000142268 6.18544e-05 0.000210236 
1.30665e-05 -6.80842e-05 -1.10401e-05 -2.1792e-05 -2.01344e-05 7.55245e-06 2.20428e-05 4.15433e-05 -1.22896e-05 -0.000112763 -1.92948e-05 3.58652e-05 5.1105e-05 -7.17375e-05 -4.67504e-06 
0.000129911 0.000226216 7.50823e-05 2.9532e-05 -8.47909e-05 -6.34153e-05 -0.000222657 -1.22896e-05 0.000526569 8.50932e-06 -0.000137509 0.0001185 2.55517e-05 3.43629e-05 -0.000121643 
-8.42025e-05 0.000278941 5.44875e-05 0.000181695 0.000251817 -9.76415e-05 -0.000228738 -0.000112763 8.50932e-06 0.000533675 0.000289683 -0.000187585 -0.000340826 9.6974e-05 -0.000133146 
-8.69725e-05 9.02526e-05 1.76949e-05 0.000135262 0.000246033 -7.42637e-05 -0.000151474 -1.92948e-05 -0.000137509 0.000289683 0.000313662 -0.00013412 -0.000265582 -7.94372e-05 -0.00013836 
6.01782e-05 -4.22521e-05 1.15452e-06 -5.97081e-05 -0.000113499 2.06482e-05 3.10574e-05 3.58652e-05 0.0001185 -0.000187585 -0.00013412 9.92124e-05 0.000123906 -2.82013e-05 2.05012e-05 
5.83512e-05 -0.000239338 -4.36009e-05 -0.000117802 -0.00016018 9.10819e-05 0.000142268 5.1105e-05 2.55517e-05 -0.000340826 -0.000265582 0.000123906 0.000397647 -5.37197e-05 4.56893e-05 
4.5274e-06 0.00011028 9.92724e-06 -2.8174e-05 -8.46089e-05 1.69862e-05 6.18544e-05 -7.17375e-05 3.43629e-05 9.6974e-05 -7.94372e-05 -2.82013e-05 -5.37197e-05 0.000218529 0.00012163 
1.11667e-06 -6.64179e-05 -3.17737e-05 -0.000104384 -0.000154977 6.34199e-05 0.000210236 -4.67504e-06 -0.000121643 -0.000133146 -0.00013836 2.05012e-05 4.56893e-05 0.00012163 0.000212937 
WEIGHT 0.0327167
ESPERANCE 0.423649 0.13648 0.143438 0.148891 0.262225 0.401952 0.387451 0.455741 0.229699 0.232219 0.337144 0.393129 0.261409 0.332437 0.329414
COVARIANCE_MATRIX
0.000715824 -0.000280761 2.50989e-05 1.07861e-05 -0.0002037 0.000334687 -0.000332898 0.000298287 0.000865506 -0.000594085 -0.000345585 0.000677849 0.000349688 -0.000488056 -0.000131711 
-0.000280761 0.000454064 0.000147374 -8.03311e-05 -3.35964e-05 -0.00026707 0.000107214 -5.83859e-05 -0.000159177 0.000219363 1.14008e-05 -8.95538e-05 -6.24658e-05 -0.000245174 1.10454e-05 
2.50989e-05 0.000147374 0.000195187 -0.000122694 -0.000227932 -0.000185042 -3.21353e-06 7.49905e-05 0.000172802 -2.73247e-05 -0.000181967 6.83541e-05 -4.10064e-05 -0.000322024 3.60974e-05 
1.07861e-05 -8.03311e-05 -0.000122694 0.000346303 -7.01221e-06 0.000147037 0.000110453 -0.000121335 -5.48582e-06 8.5825e-05 -7.53867e-05 0.000144779 0.00010229 0.000119144 -2.59437e-05 
-0.0002037 -3.35964e-05 -0.000227932 -7.01221e-06 0.001372 0.000821213 -0.000395744 -0.000123184 -0.00055125 0.000106065 0.000959007 -3.49332e-05 0.000600908 0.000687646 -0.000477438 
0.000334687 -0.00026707 -0.000185042 0.000147037 0.000821213 0.00155444 -0.000283956 -8.06737e-05 0.000141132 -0.000244314 0.000247658 0.000630913 0.000855771 0.000982135 -0.000359855 
-0.000332898 0.000107214 -3.21353e-06 0.000110453 -0.000395744 -0.000283956 0.000571922 -0.000265079 -0.000365559 0.000358193 -0.000173469 -0.00039802 -0.000312581 0.000253465 0.000515457 
0.000298287 -5.83859e-05 7.49905e-05 -0.000121335 -0.000123184 -8.06737e-05 -0.000265079 0.000314157 0.000310452 -0.000330289 -0.000126341 0.000331078 -0.000113973 -0.000385115 -0.000116612 
0.000865506 -0.000159177 0.000172802 -5.48582e-06 -0.00055125 0.000141132 -0.000365559 0.000310452 0.00157463 -0.000827267 -0.000797037 0.000815848 0.000713527 -0.00106559 -0.000165488 
-0.000594085 0.000219363 -2.73247e-05 8.5825e-05 0.000106065 -0.000244314 0.000358193 -0.000330289 -0.000827267 0.000924329 0.000116852 -0.000665731 -0.000194257 0.000515001 0.000167425 
-0.000345585 1.14008e-05 -0.000181967 -7.53867e-05 0.000959007 0.000247658 -0.000173469 -0.000126341 -0.000797037 0.000116852 0.00119732 -0.000424801 -0.000256186 0.000590358 -0.000172043 
0.000677849 -8.95538e-05 6.83541e-05 0.000144779 -3.49332e-05 0.000630913 -0.00039802 0.000331078 0.000815848 -0.000665731 -0.000424801 0.00126901 0.000466137 -0.000562004 -0.000361318 
0.000349688 -6.24658e-05 -4.10064e-05 0.00010229 0.000600908 0.000855771 -0.000312581 -0.000113973 0.000713527 -0.000194257 -0.000256186 0.000466137 0.00195454 -0.000289169 -0.000519236 
-0.000488056 -0.000245174 -0.000322024 0.000119144 0.000687646 0.000982135 0.000253465 -0.000385115 -0.00106559 0.000515001 0.000590358 -0.000562004 -0.000289169 0.002364 -2.64552e-05 
-0.000131711 1.10454e-05 3.60974e-05 -2.59437e-05 -0.000477438 -0.000359855 0.000515457 -0.000116612 -0.000165488 0.000167425 -0.000172043 -0.000361318 -0.000519236 -2.64552e-05 0.000895322 
WEIGHT 0.00352734
ESPERANCE 0.537233 0.0740389 0.195364 0.0948019 0.276299 0.39187 0.454101 0.454066 0.305029 0.268461 0.339636 0.334647 0.376366 0.363184 0.341846
COVARIANCE_MATRIX
0.000135763 8.9033e-07 2.95172e-05 -0.000219657 -8.21336e-05 -5.81555e-05 -7.18729e-05 0.000194184 0.000255471 -0.000317796 -4.52135e-05 0.000131125 -0.000190086 5.10548e-07 2.44867e-05 
8.9033e-07 9.62816e-05 -0.000104814 8.28496e-05 -2.55158e-05 1.34782e-05 -7.85112e-05 1.92755e-05 0.000229261 -0.000155123 -6.11827e-05 8.5278e-05 -5.13498e-05 -6.78829e-05 5.00229e-05 
2.95172e-05 -0.000104814 0.000140569 -0.000160523 1.8788e-06 -3.55487e-05 8.29798e-05 3.18858e-05 -0.000208228 9.97458e-05 5.50046e-05 -6.25801e-05 -1.51079e-06 6.72035e-05 -2.69061e-05 
-0.000219657 8.28496e-05 -0.000160523 0.00050288 0.000127839 0.000124544 2.71669e-05 -0.000348103 -0.00023315 0.000456192 6.04646e-05 -0.000197218 0.000317783 -3.722e-06 -8.00786e-05 
-8.21336e-05 -2.55158e-05 1.8788e-06 0.000127839 9.50409e-05 2.52358e-05 3.47352e-05 -0.000126182 -0.000197717 0.000254914 4.62481e-05 -0.0001149 0.000137789 2.15217e-05 -4.5349e-05 
-5.81555e-05 1.34782e-05 -3.55487e-05 0.000124544 2.52358e-05 3.85043e-05 2.17641e-05 -9.75406e-05 -8.75861e-05 0.000128365 2.26518e-05 -5.46946e-05 9.09654e-05 4.93657e-06 -2.69813e-05 
-7.18729e-05 -7.85112e-05 8.29798e-05 2.71669e-05 3.47352e-05 2.17641e-05 0.0001304 -0.00011344 -0.00034259 0.000280754 7.09094e-05 -0.000127783 0.000130166 4.81253e-05 -3.11417e-05 
0.000194184 1.92755e-05 3.18858e-05 -0.000348103 -0.000126182 -9.75406e-05 -0.00011344 0.000326832 0.000440488 -0.000549972 -0.000109365 0.0002483 -0.000324378 -5.52113e-05 0.000105159 
0.000255471 0.000229261 -0.000208228 -0.00023315 -0.000197717 -8.75861e-05 -0.00034259 0.000440488 0.00108494 -0.00102297 -0.000269549 0.000487638 -0.000497593 -0.000193294 0.000196045 
-0.000317796 -0.000155123 9.97458e-05 0.000456192 0.000254914 0.000128365 0.000280754 -0.000549972 -0.00102297 0.0011263 0.000263096 -0.000538537 0.000590242 0.000185225 -0.000233749 
-4.52135e-05 -6.11827e-05 5.50046e-05 6.04646e-05 4.62481e-05 2.26518e-05 7.09094e-05 -0.000109365 -0.000269549 0.000263096 0.000103873 -0.000143919 0.000122994 8.36085e-05 -9.63286e-05 
0.000131125 8.5278e-05 -6.25801e-05 -0.000197218 -0.0001149 -5.46946e-05 -0.000127783 0.0002483 0.000487638 -0.000538537 -0.000143919 0.000281365 -0.000277574 -0.000125816 0.000147037 
-0.000190086 -5.13498e-05 -1.51079e-06 0.000317783 0.000137789 9.09654e-05 0.000130166 -0.000324378 -0.000497593 0.000590242 0.000122994 -0.000277574 0.000343587 8.29937e-05 -0.000130278 
5.10548e-07 -6.78829e-05 6.72035e-05 -3.722e-06 2.15217e-05 4.93657e-06 4.81253e-05 -5.52113e-05 -0.000193294 0.000185225 8.36085e-05 -0.000125816 8.29937e-05 0.000112556 -0.000111377 
2.44867e-05 5.00229e-05 -2.69061e-05 -8.00786e-05 -4.5349e-05 -2.69813e-05 -3.11417e-05 0.000105159 0.000196045 -0.000233749 -9.63286e-05 0.000147037 -0.000130278 -0.000111377 0.000145594 
WEIGHT 0.0343397
ESPERANCE 0.412278 0.127023 0.155838 0.141459 0.221269 0.308418 0.384723 0.484992 0.210899 0.219176 0.330761 0.39441 0.156278 0.247379 0.347246
COVARIANCE_MATRIX
3.93663e-05 -7.21298e-06 1.78337e-05 -2.40265e-05 -2.56618e-05 -1.32254e-05 -3.43007e-05 3.87243e-05 7.56907e-05 -7.17385e-05 -3.98013e-05 4.61184e-05 4.77857e-05 -9.33463e-05 -6.81861e-06 
-7.21298e-06 3.50322e-05 -2.05405e-06 -1.64173e-05 3.16453e-05 -1.04672e-05 -1.86522e-05 1.11435e-05 -1.37924e-05 -3.79115e-05 4.77118e-05 8.71746e-06 -6.57094e-05 2.89691e-05 -5.12353e-06 
1.78337e-05 -2.05405e-06 2.08813e-05 -1.56469e-05 -1.27693e-06 -8.85235e-06 -2.73247e-05 1.5123e-05 4.03276e-05 -3.8666e-05 7.17245e-06 1.62192e-05 2.80341e-05 -4.83316e-05 -1.19252e-05 
-2.40265e-05 -1.64173e-05 -1.56469e-05 3.28433e-05 -3.99292e-07 1.60219e-05 3.71517e-05 -3.6089e-05 -4.54621e-05 8.1785e-05 -5.53437e-06 -4.01806e-05 8.84294e-06 4.85852e-05 6.21581e-06 
-2.56618e-05 3.16453e-05 -1.27693e-06 -3.99292e-07 0.000148592 -2.39862e-05 -9.15001e-05 -5.46292e-06 -3.49659e-05 -4.38327e-05 0.000211046 -2.21473e-05 -8.70953e-05 -1.85193e-05 -8.79077e-05 
-1.32254e-05 -1.04672e-05 -8.85235e-06 1.60219e-05 -2.39862e-05 1.88048e-05 3.857e-05 -2.44184e-05 -2.1028e-05 5.45032e-05 -3.42422e-05 -2.35847e-05 1.34732e-05 5.71507e-05 1.16181e-05 
-3.43007e-05 -1.86522e-05 -2.73247e-05 3.71517e-05 -9.15001e-05 3.857e-05 0.00013562 -5.03503e-05 -9.12678e-05 0.000141374 -0.000124101 -4.4463e-05 7.06279e-08 0.00013946 9.64048e-05 
3.87243e-05 1.11435e-05 1.5123e-05 -3.6089e-05 -5.46292e-06 -2.44184e-05 -5.03503e-05 5.64385e-05 6.57324e-05 -0.000106039 -1.29544e-05 6.0994e-05 1.46361e-06 -9.9444e-05 -2.94663e-06 
7.56907e-05 -1.37924e-05 4.03276e-05 -4.54621e-05 -3.49659e-05 -2.1028e-05 -9.12678e-05 6.57324e-05 0.000187074 -0.00013516 -6.41784e-05 7.54759e-05 0.000124811 -0.000161927 -6.13104e-05 
-7.17385e-05 -3.79115e-05 -3.8666e-05 8.1785e-05 -4.38327e-05 5.45032e-05 0.000141374 -0.000106039 -0.00013516 0.000263128 -7.22549e-05 -0.000123214 1.52276e-05 0.00021712 5.53779e-05 
-3.98013e-05 4.77118e-05 7.17245e-06 -5.53437e-06 0.000211046 -3.42422e-05 -0.000124101 -1.29544e-05 -6.41784e-05 -7.22549e-05 0.000325295 -3.11175e-05 -0.000130289 -3.02895e-05 -0.000115639 
4.61184e-05 8.71746e-06 1.62192e-05 -4.01806e-05 -2.21473e-05 -2.35847e-05 -4.4463e-05 6.0994e-05 7.54759e-05 -0.000123214 -3.11175e-05 7.61435e-05 1.29212e-05 -0.000119275 4.66354e-06 
4.77857e-05 -6.57094e-05 2.80341e-05 8.84294e-06 -8.70953e-05 1.34732e-05 7.06279e-08 1.46361e-06 0.000124811 1.52276e-05 -0.000130289 1.29212e-05 0.000201492 -0.000112575 -2.04721e-05 
-9.33463e-05 2.89691e-05 -4.83316e-05 4.85852e-05 -1.85193e-05 5.71507e-05 0.00013946 -9.9444e-05 -0.000161927 0.00021712 -3.02895e-05 -0.000119275 -0.000112575 0.000372548 4.87436e-05 
-6.81861e-06 -5.12353e-06 -1.19252e-05 6.21581e-06 -8.79077e-05 1.16181e-05 9.64048e-05 -2.94663e-06 -6.13104e-05 5.53779e-05 -0.000115639 4.66354e-06 -2.04721e-05 4.87436e-05 0.000114726 
WEIGHT 0.00282187
ESPERANCE 0.557726 0.123137 0.22073 0.108323 0.329928 0.473519 0.452801 0.441156 0.338028 0.198356 0.403151 0.476568 0.340682 0.31444 0.377239
COVARIANCE_MATRIX
0.000509265 -2.17689e-05 -0.00022191 9.7431e-05 -0.000372949 1.78002e-05 -3.07363e-05 -8.66785e-05 0.000473552 4.81599e-05 -0.000163792 0.000125559 2.03038e-05 -0.000157968 -0.000121143 
-2.17689e-05 0.000201305 0.000104711 7.24722e-05 -4.63808e-05 -7.43674e-05 -3.84426e-05 -1.80449e-05 5.80001e-05 0.000159655 1.16009e-05 9.58261e-05 1.74761e-05 -0.000262429 -8.74477e-05 
-0.00022191 0.000104711 0.00023715 1.42001e-06 6.21909e-06 -4.37625e-05 7.02202e-05 3.31445e-05 -0.000136949 -1.31427e-05 -6.03021e-05 4.16449e-05 0.000120324 -7.96448e-05 3.70999e-05 
9.7431e-05 7.24722e-05 1.42001e-06 7.86375e-05 -9.54904e-05 -2.86994e-05 -2.47241e-05 -2.97867e-05 0.000101964 5.72372e-05 -4.119e-06 9.70717e-05 1.9289e-05 -0.000162952 -9.00895e-05 
-0.000372949 -4.63808e-05 6.21909e-06 -9.54904e-05 0.000541343 1.61712e-05 -0.000162007 4.42418e-05 -0.00041157 3.07224e-05 0.000457095 -0.000168959 -0.000304051 0.000195168 -2.9011e-05 
1.78002e-05 -7.43674e-05 -4.37625e-05 -2.86994e-05 1.61712e-05 3.67139e-05 9.86933e-06 -1.49494e-05 -2.08395e-05 -6.46706e-06 1.74489e-05 -4.84895e-05 -3.03123e-05 0.000110345 3.15325e-05 
-3.07363e-05 -3.84426e-05 7.02202e-05 -2.47241e-05 -0.000162007 9.86933e-06 0.000198874 2.78662e-05 -5.06523e-05 -0.000102723 -0.000254688 -1.52036e-05 0.000197817 9.8722e-05 0.000208399 
-8.66785e-05 -1.80449e-05 3.31445e-05 -2.97867e-05 4.42418e-05 -1.49494e-05 2.78662e-05 8.11073e-05 -5.43689e-05 -0.000198172 -6.27947e-05 1.54625e-05 6.23115e-05 9.22989e-06 4.95789e-05 
0.000473552 5.80001e-05 -0.000136949 0.000101964 -0.00041157 -2.08395e-05 -5.06523e-05 -5.43689e-05 0.000605329 7.77051e-06 -0.000379815 0.000181587 0.000250654 -0.000296257 -0.000215989 
4.81599e-05 0.000159655 -1.31427e-05 5.72372e-05 3.07224e-05 -6.46706e-06 -0.000102723 -0.000198172 7.77051e-06 0.000793083 0.000256073 -0.000199861 -0.000214181 2.0744e-05 -0.000130931 
-0.000163792 1.16009e-05 -6.03021e-05 -4.119e-06 0.000457095 1.74489e-05 -0.000254688 -6.27947e-05 -0.000379815 0.000256073 0.00092896 -9.09074e-05 -0.000830012 6.91051e-05 -5.81775e-05 
0.000125559 9.58261e-05 4.16449e-05 9.70717e-05 -0.000168959 -4.84895e-05 -1.52036e-05 1.54625e-05 0.000181587 -0.000199861 -9.09074e-05 0.000279563 9.46116e-05 -0.000348187 -0.000105846 
2.03038e-05 1.74761e-05 0.000120324 1.9289e-05 -0.000304051 -3.03123e-05 0.000197817 6.23115e-05 0.000250654 -0.000214181 -0.000830012 9.46116e-05 0.000876821 -0.000104085 -7.9739e-05 
-0.000157968 -0.000262429 -7.96448e-05 -0.000162952 0.000195168 0.000110345 9.8722e-05 9.22989e-06 -0.000296257 2.0744e-05 6.91051e-05 -0.000348187 -0.000104085 0.000602477 0.000261256 
-0.000121143 -8.74477e-05 3.70999e-05 -9.00895e-05 -2.9011e-05 3.15325e-05 0.000208399 4.95789e-05 -0.000215989 -0.000130931 -5.81775e-05 -0.000105846 -7.9739e-05 0.000261256 0.000439614 
WEIGHT 0.00731922
ESPERANCE 0.428569 0.14286 0.174967 0.2369 0.341628 0.586302 0.37212 0.424531 0.241451 0.143418 0.335374 0.610867 0.359311 0.33487 0.260297
COVARIANCE_MATRIX
1e-06 -2.59109e-13 -6.03266e-12 1.84642e-13 1.50588e-12 -1.30314e-31 -2.25882e-12 -2.59109e-13 9.30962e-12 5.18217e-13 -1.03217e-11 8.68757e-32 9.05966e-12 -2.59109e-13 -8.04761e-12 
-2.59109e-13 1e-06 3.99332e-13 -1.60691e-13 -6.09668e-15 1.2196e-31 9.14501e-15 2.49964e-13 -6.58441e-13 -4.99927e-13 9.11453e-13 -8.13067e-32 -7.83423e-13 2.49964e-13 5.30411e-13 
-6.03266e-12 3.99332e-13 1.00001e-06 -2.98882e-13 -3.75555e-12 6.71616e-32 5.63333e-12 3.99332e-13 -2.25394e-11 -7.98665e-13 2.48165e-11 -4.47744e-32 -2.18535e-11 3.99332e-13 1.95764e-11 
1.84642e-13 -1.60691e-13 -2.98882e-13 1e-06 1.59675e-14 -4.07647e-32 -2.39512e-14 -1.60691e-13 4.95573e-13 3.21382e-13 -6.64247e-13 2.71765e-32 5.69894e-13 -1.60691e-13 -4.01219e-13 
1.50588e-12 -6.09668e-15 -3.75555e-12 1.59675e-14 1e-06 7.75198e-32 -1.49978e-12 -6.09668e-15 5.76746e-12 1.21934e-14 -6.27348e-12 -5.16799e-32 5.51749e-12 -6.09668e-15 -5.01147e-12 
-1.30314e-31 1.2196e-31 6.71616e-32 -4.07647e-32 7.75198e-32 1e-06 1.75088e-31 6.62928e-31 2.4392e-32 -7.75198e-32 -1.28309e-31 -6.65601e-31 6.28846e-31 -5.29942e-31 -1.43679e-31 
-2.25882e-12 9.14501e-15 5.63333e-12 -2.39512e-14 -1.49978e-12 1.75088e-31 1e-06 9.14501e-15 -8.65118e-12 -1.829e-14 9.41022e-12 -1.16725e-31 -8.27624e-12 9.14501e-15 7.5172e-12 
-2.59109e-13 2.49964e-13 3.99332e-13 -1.60691e-13 -6.09668e-15 6.62928e-31 9.14501e-15 1e-06 -6.58441e-13 -4.99927e-13 9.11453e-13 -4.41952e-31 -7.83423e-13 2.49964e-13 5.30411e-13 
9.30962e-12 -6.58441e-13 -2.25394e-11 4.95573e-13 5.76746e-12 2.4392e-32 -8.65118e-12 -6.58441e-13 1.00003e-06 1.31688e-12 -3.84273e-11 -1.62613e-32 3.36963e-11 -6.58441e-13 -3.01542e-11 
5.18217e-13 -4.99927e-13 -7.98665e-13 3.21382e-13 1.21934e-14 -7.75198e-32 -1.829e-14 -4.99927e-13 1.31688e-12 1e-06 -1.82291e-12 5.16799e-32 1.56685e-12 -4.99927e-13 -1.06082e-12 
-1.03217e-11 9.11453e-13 2.48165e-11 -6.64247e-13 -6.27348e-12 -1.28309e-31 9.41022e-12 9.11453e-13 -3.84273e-11 -1.82291e-12 1.00004e-06 8.55391e-32 -3.72385e-11 9.11453e-13 3.31903e-11 
8.68757e-32 -8.13067e-32 -4.47744e-32 2.71765e-32 -5.16799e-32 -6.65601e-31 -1.16725e-31 -4.41952e-31 -1.62613e-32 5.16799e-32 8.55391e-32 1e-06 -4.19231e-31 3.53294e-31 9.5786e-32 
9.05966e-12 -7.83423e-13 -2.18535e-11 5.69894e-13 5.51749e-12 6.28846e-31 -8.27624e-12 -7.83423e-13 3.36963e-11 1.56685e-12 -3.72385e-11 -4.19231e-31 1.00003e-06 -7.83423e-13 -2.91543e-11 
-2.59109e-13 2.49964e-13 3.99332e-13 -1.60691e-13 -6.09668e-15 -5.29942e-31 9.14501e-15 2.49964e-13 -6.58441e-13 -4.99927e-13 9.11453e-13 3.53294e-31 -7.83423e-13 1e-06 5.30411e-13 
-8.04761e-12 5.30411e-13 1.95764e-11 -4.01219e-13 -5.01147e-12 -1.43679e-31 7.5172e-12 5.30411e-13 -3.01542e-11 -1.06082e-12 3.31903e-11 9.5786e-32 -2.91543e-11 5.30411e-13 1.00003e-06 
WEIGHT 0.0143725
ESPERANCE 0.445862 0.145167 0.149374 0.154461 0.227282 0.395425 0.390123 0.467164 0.258604 0.241664 0.305072 0.412807 0.260445 0.296399 0.329524
COVARIANCE_MATRIX
0.000214663 -0.000191546 8.19568e-06 -0.000114692 -0.000118162 -3.42729e-06 -5.75103e-05 0.000167867 0.000110089 -0.000269816 -9.26063e-05 8.91189e-05 6.58962e-05 -0.000252242 0.000163111 
-0.000191546 0.000301391 1.5304e-05 0.000127683 6.54737e-05 -2.71706e-05 6.15661e-05 -0.000258339 2.13825e-05 0.000558355 -1.2242e-05 -0.000251383 9.80947e-05 0.000331329 -0.000202227 
8.19568e-06 1.5304e-05 2.71997e-05 -2.56008e-06 -2.25048e-05 -8.12282e-07 -8.77116e-06 -8.14574e-06 2.58992e-05 -8.7062e-06 9.73311e-06 2.31436e-05 -2.32491e-06 -2.93157e-05 -1.64292e-05 
-0.000114692 0.000127683 -2.56008e-06 7.01409e-05 5.62935e-05 -6.16944e-06 3.43641e-05 -0.000111853 -3.4181e-05 0.000211989 2.81341e-05 -8.82497e-05 1.51399e-06 0.00015803 -9.73139e-05 
-0.000118162 6.54737e-05 -2.25048e-05 5.62935e-05 8.65224e-05 9.29572e-06 3.05968e-05 -5.97995e-05 -0.000100206 7.4869e-05 6.82566e-05 -1.69663e-05 -7.42697e-05 0.000124841 -6.6999e-05 
-3.42729e-06 -2.71706e-05 -8.12282e-07 -6.16944e-06 9.29572e-06 1.12e-05 -3.94979e-06 2.28842e-05 -3.07816e-05 -8.18269e-05 2.98426e-05 5.2354e-05 -4.54363e-05 -2.7847e-05 5.58989e-06 
-5.75103e-05 6.15661e-05 -8.77116e-06 3.43641e-05 3.05968e-05 -3.94979e-06 2.38846e-05 -5.70845e-05 -1.96365e-05 0.000122095 3.36191e-06 -6.19057e-05 1.31784e-05 9.09632e-05 -4.01797e-05 
0.000167867 -0.000258339 -8.14574e-06 -0.000111853 -5.97995e-05 2.28842e-05 -5.70845e-05 0.000227634 -1.59575e-05 -0.000492604 1.56103e-05 0.000227249 -9.46093e-05 -0.000293423 0.000174086 
0.000110089 2.13825e-05 2.58992e-05 -3.4181e-05 -0.000100206 -3.07816e-05 -1.96365e-05 -1.59575e-05 0.0001761 0.000152616 -0.000138558 -0.00011496 0.000189049 -3.68381e-05 2.92151e-05 
-0.000269816 0.000558355 -8.7062e-06 0.000211989 7.4869e-05 -8.18269e-05 0.000122095 -0.000492604 0.000152616 0.00127744 -0.000195343 -0.000677238 0.000391818 0.00068272 -0.000307762 
-9.26063e-05 -1.2242e-05 9.73311e-06 2.81341e-05 6.82566e-05 2.98426e-05 3.36191e-06 1.56103e-05 -0.000138558 -0.000195343 0.000159688 0.00016005 -0.000200624 -2.03683e-05 -4.83771e-05 
8.91189e-05 -0.000251383 2.31436e-05 -8.82497e-05 -1.69663e-05 5.2354e-05 -6.19057e-05 0.000227249 -0.00011496 -0.000677238 0.00016005 0.000405217 -0.000266269 -0.000342819 0.000107067 
6.58962e-05 9.80947e-05 -2.32491e-06 1.51399e-06 -7.42697e-05 -4.54363e-05 1.31784e-05 -9.46093e-05 0.000189049 0.000391818 -0.000200624 -0.000266269 0.000292323 0.000101093 -2.35593e-07 
-0.000252242 0.000331329 -2.93157e-05 0.00015803 0.000124841 -2.7847e-05 9.09632e-05 -0.000293423 -3.68381e-05 0.00068272 -2.03683e-05 -0.000342819 0.000101093 0.000467739 -0.00021295 
0.000163111 -0.000202227 -1.64292e-05 -9.73139e-05 -6.6999e-05 5.58989e-06 -4.01797e-05 0.000174086 2.92151e-05 -0.000307762 -4.83771e-05 0.000107067 -2.35593e-07 -0.00021295 0.000168378 
WEIGHT 0.0158731
ESPERANCE 0.543198 0.0974172 0.200425 0.0805423 0.267637 0.379791 0.446992 0.481013 0.318783 0.172845 0.378124 0.419245 0.279379 0.266687 0.385961
COVARIANCE_MATRIX
2.88948e-05 1.04896e-05 1.04156e-05 1.03091e-05 -5.42334e-05 -7.80851e-06 -5.65706e-07 3.41699e-06 5.78547e-05 -4.80181e-06 -6.45647e-05 7.63825e-06 6.91071e-05 -1.15308e-05 -2.33577e-05 
1.04896e-05 0.000118308 1.69215e-05 4.83201e-05 -1.05671e-06 -5.1632e-05 -4.35865e-05 1.67348e-06 5.76958e-05 5.83757e-05 4.17966e-05 4.43936e-05 -0.000120817 -0.000119984 -1.45314e-06 
1.04156e-05 1.69215e-05 2.36551e-05 9.35038e-06 -3.9439e-05 -8.56142e-06 4.71195e-06 1.57321e-06 1.98243e-05 1.12842e-05 -1.59965e-05 -1.2795e-06 6.86778e-06 9.32969e-07 6.75658e-06 
1.03091e-05 4.83201e-05 9.35038e-06 4.63247e-05 2.04147e-05 -2.99678e-05 -5.54564e-05 4.131e-07 5.49314e-05 4.28644e-05 2.61664e-05 1.61384e-05 -3.98147e-05 -7.00013e-05 -4.91056e-05 
-5.42334e-05 -1.05671e-06 -3.9439e-05 2.04147e-05 0.000232717 -6.84038e-06 -0.000124942 -5.76e-06 -5.65492e-05 4.25127e-05 0.00021822 9.47459e-06 -0.000179534 -9.4758e-05 -0.000103127 
-7.80851e-06 -5.1632e-05 -8.56142e-06 -2.99678e-05 -6.84038e-06 3.11318e-05 3.31223e-05 -7.13164e-06 -3.64983e-05 -2.95659e-05 -2.58806e-05 -1.43518e-05 5.63903e-05 6.79067e-05 1.46126e-05 
-5.65706e-07 -4.35865e-05 4.71195e-06 -5.54564e-05 -0.000124942 3.31223e-05 0.000143507 7.78951e-07 -7.43216e-05 -5.61279e-05 -0.000105877 -2.7822e-05 7.60125e-05 0.000133607 0.000149842 
3.41699e-06 1.67348e-06 1.57321e-06 4.131e-07 -5.76e-06 -7.13164e-06 7.78951e-07 1.15586e-05 3.6993e-06 -9.2317e-06 2.44723e-06 -4.04916e-06 -1.03755e-05 -1.14647e-05 7.73792e-06 
5.78547e-05 5.76958e-05 1.98243e-05 5.49314e-05 -5.65492e-05 -3.64983e-05 -7.43216e-05 3.6993e-06 0.00018529 2.67676e-05 -0.000104407 3.29553e-05 9.02929e-05 -8.86735e-05 -9.64138e-05 
-4.80181e-06 5.83757e-05 1.12842e-05 4.28644e-05 4.25127e-05 -2.95659e-05 -5.61279e-05 -9.2317e-06 2.67676e-05 9.38089e-05 5.59163e-05 -9.73566e-07 -6.58528e-05 -6.05077e-05 -4.34139e-05 
-6.45647e-05 4.17966e-05 -1.59965e-05 2.61664e-05 0.00021822 -2.58806e-05 -0.000105877 2.44723e-06 -0.000104407 5.59163e-05 0.000288903 1.30842e-05 -0.000284152 -0.000116718 -5.6566e-05 
7.63825e-06 4.43936e-05 -1.2795e-06 1.61384e-05 9.47459e-06 -1.43518e-05 -2.7822e-05 -4.04916e-06 3.29553e-05 -9.73566e-07 1.30842e-05 4.3642e-05 -3.45805e-05 -6.59076e-05 -2.41237e-05 
6.91071e-05 -0.000120817 6.86778e-06 -3.98147e-05 -0.000179534 5.63903e-05 7.60125e-05 -1.03755e-05 9.02929e-05 -6.58528e-05 -0.000284152 -3.45805e-05 0.000421723 0.000148992 -6.84345e-05 
-1.15308e-05 -0.000119984 9.32969e-07 -7.00013e-05 -9.4758e-05 6.79067e-05 0.000133607 -1.14647e-05 -8.86735e-05 -6.05077e-05 -0.000116718 -6.59076e-05 0.000148992 0.000231518 0.000113505 
-2.33577e-05 -1.45314e-06 6.75658e-06 -4.91056e-05 -0.000103127 1.46126e-05 0.000149842 7.73792e-06 -9.64138e-05 -4.34139e-05 -5.6566e-05 -2.41237e-05 -6.84345e-05 0.000113505 0.000248945 
WEIGHT 0.0306868
ESPERANCE 0.440375 0.139674 0.14309 0.143266 0.246428 0.400723 0.38388 0.479064 0.239315 0.181334 0.33933 0.436938 0.201258 0.307688 0.34349
COVARIANCE_MATRIX
5.36362e-05 -8.22495e-06 -1.19139e-05 -2.2259e-05 -3.99773e-05 -6.21564e-06 -3.09894e-05 4.42242e-05 0.000115832 -0.000123009 -9.20208e-05 6.29071e-05 5.75897e-05 -9.49627e-05 -7.27987e-06 
-8.22495e-06 2.60034e-05 2.01078e-05 -9.8607e-06 7.61425e-07 -1.03524e-05 6.34374e-06 -3.8563e-06 1.87813e-07 2.77414e-06 1.93686e-05 -2.69482e-05 1.63234e-05 2.51174e-05 2.1872e-05 
-1.19139e-05 2.01078e-05 9.12858e-05 -3.74249e-05 -2.61263e-05 -3.67547e-06 -7.68535e-06 1.74229e-05 -3.56834e-05 4.56502e-05 3.79682e-05 -3.72735e-05 -4.0194e-05 5.08272e-05 1.60904e-05 
-2.2259e-05 -9.8607e-06 -3.74249e-05 5.19771e-05 4.80037e-05 -2.40443e-06 -1.77872e-06 -3.00807e-05 -4.93434e-05 6.2339e-05 6.10003e-05 2.89905e-06 -6.62787e-05 -1.75486e-05 -2.78858e-05 
-3.99773e-05 7.61425e-07 -2.61263e-05 4.80037e-05 8.03592e-05 -3.9641e-06 -7.8549e-06 -4.64329e-05 -7.6762e-05 9.33239e-05 0.000114402 -3.55942e-05 -5.06735e-05 1.38052e-05 -4.65427e-05 
