DESCRIPTOR_NAME Steinhardt
FILTER_TYPE element
NUMBER_OF_DIMENSION 30
CUTOFF_RADIUS 5.000000
STEINHARDT_STYLE Multi
AVE_STYLE Multi
STEINHARDT_MODE Full
FILTER_VALUE H
NUMBER_OF_CLUSTER 7
WEIGHT 0.0313239
ESPERANCE 0.0127482 0.0189114 0.00841247 0.0203829 0.00850315 0.0467576 0.0187602 0.126044 0.0503337 0.132884 0.0549443 0.194311 0.0590077 0.125741 0.0406193 0.143846 0.0412881 0.0550823 0.0269852 0.1231 0.0407071 0.0985217 0.0419486 0.198813 0.0450984 0.104027 0.03251 0.101528 0.0328056 0.0688197
COVARIANCE_MATRIX
3.21451e-05 -1.36267e-05 3.19194e-07 -3.53113e-06 2.32462e-06 -4.2091e-06 3.16025e-07 -8.5627e-06 1.41296e-05 6.81321e-07 1.72997e-05 -1.03054e-05 1.60706e-05 2.6916e-06 1.2398e-05 -1.36834e-06 -2.98315e-06 5.59805e-07 1.24411e-05 -4.19287e-06 1.74804e-05 -7.35583e-07 2.06287e-05 6.09477e-06 4.36512e-06 1.01628e-06 6.11113e-06 -1.20478e-07 9.1659e-06 4.96233e-06 
-1.36267e-05 4.14154e-05 -4.78412e-06 4.68788e-06 -1.16922e-06 -6.96154e-07 1.71996e-06 5.49665e-06 -4.58892e-06 1.21105e-06 -1.42458e-05 5.80571e-06 -1.06737e-05 5.72991e-06 -9.32037e-06 5.70976e-06 -1.54489e-06 7.48413e-06 -1.64738e-09 -6.09957e-06 -1.03644e-05 9.18819e-07 -1.43165e-05 1.72459e-06 -6.35507e-06 -5.273e-07 -7.214e-06 6.94791e-07 -7.02269e-06 2.37806e-06 
3.19194e-07 -4.78412e-06 8.96313e-06 6.57723e-07 1.17008e-06 -1.33781e-06 8.67137e-07 -2.18801e-07 3.13904e-06 1.29892e-06 6.29861e-06 2.53303e-07 5.64507e-06 -6.09981e-07 4.32349e-06 -3.68043e-07 2.32012e-06 -4.66731e-06 4.67996e-07 2.19095e-06 4.70535e-06 3.70728e-06 3.68231e-06 -1.40369e-06 2.57584e-06 -1.07336e-07 3.2092e-06 2.09528e-06 2.2125e-06 -1.35002e-06 
-3.53113e-06 4.68788e-06 6.57723e-07 1.32076e-05 -3.56561e-07 -1.62948e-09 7.81729e-07 3.2427e-06 1.21751e-07 -4.67725e-06 -3.98728e-06 -4.10877e-06 -1.35971e-06 -7.40914e-06 -1.56308e-06 -3.15969e-06 1.38302e-06 -6.1438e-07 -1.53472e-06 -6.53787e-08 -2.01753e-06 -3.69762e-06 -3.57085e-06 -5.96683e-06 -2.12348e-07 -4.36043e-06 -3.93943e-07 -3.00567e-06 -3.19262e-07 -5.3524e-07 
2.32462e-06 -1.16922e-06 1.17008e-06 -3.56561e-07 4.0709e-06 -2.17577e-07 1.49106e-06 2.40022e-07 3.50529e-06 5.19956e-07 4.23352e-06 -3.45947e-07 3.93963e-06 3.60523e-07 2.80568e-06 6.73473e-07 1.97658e-06 -2.54542e-07 2.43346e-06 2.28881e-08 3.40252e-06 -3.15108e-07 2.23807e-06 1.09917e-06 2.17885e-06 1.91288e-07 2.10142e-06 7.00902e-07 2.30884e-06 1.85254e-06 
-4.2091e-06 -6.96154e-07 -1.33781e-06 -1.62948e-09 -2.17577e-07 1.6381e-05 8.79478e-07 1.1228e-05 -6.24462e-06 -7.90332e-06 -1.30138e-05 2.73313e-06 -6.88745e-06 -4.30867e-06 -5.119e-06 2.19805e-06 2.66938e-06 8.86815e-06 -3.56512e-06 3.5285e-06 -6.58287e-06 -8.02335e-06 -7.01374e-06 2.49326e-06 6.28222e-07 1.40486e-06 -1.30042e-06 2.3952e-06 -3.31048e-06 -3.27167e-06 
3.16025e-07 1.71996e-06 8.67137e-07 7.81729e-07 1.49106e-06 8.79478e-07 1.14989e-05 6.63946e-06 7.70042e-06 1.33167e-06 9.66567e-06 6.89621e-06 9.12068e-06 -8.75991e-07 5.43105e-06 3.0457e-06 9.07692e-06 2.63598e-06 7.04443e-06 6.3275e-07 7.66943e-06 6.07038e-06 4.65374e-06 3.20339e-07 4.23982e-06 -2.17776e-06 4.43248e-06 1.54531e-06 5.1692e-06 4.81116e-07 
-8.5627e-06 5.49665e-06 -2.18801e-07 3.2427e-06 2.40022e-07 1.1228e-05 6.63946e-06 3.84876e-05 1.78559e-07 -8.90133e-06 -6.70503e-06 1.04369e-05 -1.93611e-06 -8.73667e-06 -5.95019e-07 6.26076e-06 1.12471e-05 1.16316e-05 2.68771e-06 5.10707e-06 -2.00939e-06 -1.15682e-06 -7.64266e-06 9.98013e-07 4.31497e-06 -6.0373e-06 -6.54593e-07 3.12927e-06 1.74006e-06 -3.08755e-06 
1.41296e-05 -4.58892e-06 3.13904e-06 1.21751e-07 3.50529e-06 -6.24462e-06 7.70042e-06 1.78559e-07 3.31953e-05 4.47976e-06 3.89388e-05 -6.23896e-06 3.1043e-05 -7.25871e-08 2.42662e-05 8.88511e-07 6.33373e-06 -2.15537e-06 2.36334e-05 -5.50216e-07 2.87693e-05 1.36735e-05 2.79687e-05 1.61472e-06 9.08026e-06 1.08439e-06 8.59575e-06 2.78351e-06 1.97191e-05 3.31848e-06 
6.81321e-07 1.21105e-06 1.29892e-06 -4.67725e-06 5.19956e-07 -7.90332e-06 1.33167e-06 -8.90133e-06 4.47976e-06 3.80958e-05 1.56296e-05 2.84935e-05 8.15799e-06 2.21266e-05 6.32596e-06 2.49198e-05 -4.57003e-06 -2.56854e-06 6.51231e-06 1.08492e-05 9.05718e-06 3.16524e-05 8.94305e-06 2.22314e-05 -3.92122e-07 2.04292e-05 -1.56266e-06 1.07598e-05 2.82658e-06 1.19861e-05 
1.72997e-05 -1.42458e-05 6.29861e-06 -3.98728e-06 4.23352e-06 -1.30138e-05 9.66567e-06 -6.70503e-06 3.89388e-05 1.56296e-05 6.62103e-05 -2.4237e-06 4.42579e-05 3.76453e-06 3.44732e-05 2.23314e-06 8.48557e-06 -1.0667e-05 2.8203e-05 2.35815e-06 4.13445e-05 2.67425e-05 4.21112e-05 5.55569e-07 1.34767e-05 3.46518e-06 1.37169e-05 4.35843e-06 2.62276e-05 3.37522e-06 
-1.03054e-05 5.80571e-06 2.53303e-07 -4.10877e-06 -3.45947e-07 2.73313e-06 6.89621e-06 1.04369e-05 -6.23896e-06 2.84935e-05 -2.4237e-06 5.01696e-05 -2.28587e-06 2.0099e-05 -1.84144e-06 3.18377e-05 2.69857e-06 9.10352e-06 3.57361e-07 1.69906e-05 -3.08802e-06 3.23007e-05 -4.87822e-06 2.55928e-05 1.90187e-07 2.36998e-05 -4.58262e-06 1.64082e-05 -3.64048e-06 1.09955e-05 
1.60706e-05 -1.06737e-05 5.64507e-06 -1.35971e-06 3.93963e-06 -6.88745e-06 9.12068e-06 -1.93611e-06 3.1043e-05 8.15799e-06 4.42579e-05 -2.28587e-06 4.0021e-05 1.68736e-06 2.74913e-05 1.06971e-06 9.19796e-06 -6.41914e-06 2.2921e-05 8.47178e-07 3.34502e-05 1.70771e-05 3.33359e-05 6.06238e-07 1.32977e-05 1.31655e-06 1.26792e-05 3.29585e-06 2.18069e-05 8.88178e-07 
2.6916e-06 5.72991e-06 -6.09981e-07 -7.40914e-06 3.60523e-07 -4.30867e-06 -8.75991e-07 -8.73667e-06 -7.25871e-08 2.21266e-05 3.76453e-06 2.0099e-05 1.68736e-06 2.89161e-05 2.18673e-06 1.82797e-05 -5.31569e-06 2.14255e-06 2.79373e-06 2.57669e-06 1.88581e-06 1.87769e-05 2.4381e-06 2.52999e-05 -3.33321e-06 1.72241e-05 -2.74608e-06 1.10201e-05 -1.1908e-06 9.28655e-06 
1.2398e-05 -9.32037e-06 4.32349e-06 -1.56308e-06 2.80568e-06 -5.119e-06 5.43105e-06 -5.95019e-07 2.42662e-05 6.32596e-06 3.44732e-05 -1.84144e-06 2.74913e-05 2.18673e-06 2.59929e-05 1.23696e-06 5.72595e-06 -4.60006e-06 1.78802e-05 2.51239e-06 2.55659e-05 1.53313e-05 2.68946e-05 1.60013e-06 1.0683e-05 2.64055e-06 8.63211e-06 3.84358e-06 1.76606e-05 2.07007e-06 
-1.36834e-06 5.70976e-06 -3.68043e-07 -3.15969e-06 6.73473e-07 2.19805e-06 3.0457e-06 6.26076e-06 8.88511e-07 2.49198e-05 2.23314e-06 3.18377e-05 1.06971e-06 1.82797e-05 1.23696e-06 3.45534e-05 -2.53813e-06 9.64797e-06 5.2999e-06 1.29449e-05 1.10609e-06 2.24389e-05 -2.82738e-07 3.1875e-05 -1.73685e-06 2.42215e-05 -3.46558e-06 1.78419e-05 -7.58189e-07 1.38028e-05 
-2.98315e-06 -1.54489e-06 2.32012e-06 1.38302e-06 1.97658e-06 2.66938e-06 9.07692e-06 1.12471e-05 6.33373e-06 -4.57003e-06 8.48557e-06 2.69857e-06 9.19796e-06 -5.31569e-06 5.72595e-06 -2.53813e-06 1.62583e-05 -6.17294e-07 3.88558e-06 1.12048e-06 6.76541e-06 2.46256e-06 2.02369e-06 -5.1622e-06 8.50319e-06 -6.5814e-06 6.0987e-06 -5.3003e-07 5.55186e-06 -1.99825e-06 
5.59805e-07 7.48413e-06 -4.66731e-06 -6.1438e-07 -2.54542e-07 8.86815e-06 2.63598e-06 1.16316e-05 -2.15537e-06 -2.56854e-06 -1.0667e-05 9.10352e-06 -6.41914e-06 2.14255e-06 -4.60006e-06 9.64797e-06 -6.17294e-07 2.71735e-05 3.29958e-06 -1.28408e-06 -1.98441e-06 -3.07211e-06 -3.62972e-06 1.06288e-05 -3.29309e-07 5.89764e-07 -3.26764e-06 5.90307e-06 -2.78071e-06 8.27015e-06 
1.24411e-05 -1.64738e-09 4.67996e-07 -1.53472e-06 2.43346e-06 -3.56512e-06 7.04443e-06 2.68771e-06 2.36334e-05 6.51231e-06 2.8203e-05 3.57361e-07 2.2921e-05 2.79373e-06 1.78802e-05 5.2999e-06 3.88558e-06 3.29958e-06 2.37492e-05 -5.71204e-07 2.31483e-05 1.38598e-05 2.22876e-05 4.98048e-06 7.1591e-06 3.47892e-06 5.48209e-06 4.09313e-06 1.43104e-05 2.84489e-06 
-4.19287e-06 -6.09957e-06 2.19095e-06 -6.53787e-08 2.28881e-08 3.5285e-06 6.3275e-07 5.10707e-06 -5.50216e-07 1.08492e-05 2.35815e-06 1.69906e-05 8.47178e-07 2.57669e-06 2.51239e-06 1.29449e-05 1.12048e-06 -1.28408e-06 -5.71204e-07 1.85581e-05 -1.15384e-06 1.4963e-05 5.9126e-07 1.06437e-05 2.51226e-06 1.47032e-05 -1.03865e-06 7.81775e-06 8.51891e-07 2.09387e-06 
1.74804e-05 -1.03644e-05 4.70535e-06 -2.01753e-06 3.40252e-06 -6.58287e-06 7.66943e-06 -2.00939e-06 2.87693e-05 9.05718e-06 4.13445e-05 -3.08802e-06 3.34502e-05 1.88581e-06 2.55659e-05 1.10609e-06 6.76541e-06 -1.98441e-06 2.31483e-05 -1.15384e-06 3.59239e-05 1.58354e-05 3.19298e-05 1.36021e-06 1.27687e-05 -6.31807e-07 1.08685e-05 3.34447e-06 1.96728e-05 3.87622e-06 
-7.35583e-07 9.18819e-07 3.70728e-06 -3.69762e-06 -3.15108e-07 -8.02335e-06 6.07038e-06 -1.15682e-06 1.36735e-05 3.16524e-05 2.67425e-05 3.23007e-05 1.70771e-05 1.87769e-05 1.53313e-05 2.24389e-05 2.46256e-06 -3.07211e-06 1.38598e-05 1.4963e-05 1.58354e-05 5.39151e-05 1.58494e-05 1.53189e-05 3.10567e-06 1.82599e-05 -5.99113e-07 1.12085e-05 7.40648e-06 2.14174e-06 
2.06287e-05 -1.43165e-05 3.68231e-06 -3.57085e-06 2.23807e-06 -7.01374e-06 4.65374e-06 -7.64266e-06 2.79687e-05 8.94305e-06 4.21112e-05 -4.87822e-06 3.33359e-05 2.4381e-06 2.68946e-05 -2.82738e-07 2.02369e-06 -3.62972e-06 2.22876e-05 5.9126e-07 3.19298e-05 1.58494e-05 3.91538e-05 1.32809e-06 1.15133e-05 3.80198e-06 1.0485e-05 2.89851e-06 2.01822e-05 8.56928e-07 
6.09477e-06 1.72459e-06 -1.40369e-06 -5.96683e-06 1.09917e-06 2.49326e-06 3.20339e-07 9.98013e-07 1.61472e-06 2.22314e-05 5.55569e-07 2.55928e-05 6.06238e-07 2.52999e-05 1.60013e-06 3.1875e-05 -5.1622e-06 1.06288e-05 4.98048e-06 1.06437e-05 1.36021e-06 1.53189e-05 1.32809e-06 4.46411e-05 -2.75493e-06 2.83367e-05 -2.9323e-06 2.12073e-05 -7.19937e-07 1.77447e-05 
4.36512e-06 -6.35507e-06 2.57584e-06 -2.12348e-07 2.17885e-06 6.28222e-07 4.23982e-06 4.31497e-06 9.08026e-06 -3.92122e-07 1.34767e-05 1.90187e-07 1.32977e-05 -3.33321e-06 1.0683e-05 -1.73685e-06 8.50319e-06 -3.29309e-07 7.1591e-06 2.51226e-06 1.27687e-05 3.10567e-06 1.15133e-05 -2.75493e-06 1.39447e-05 -2.1064e-06 6.83133e-06 1.13271e-06 9.05336e-06 3.31421e-07 
1.01628e-06 -5.273e-07 -1.07336e-07 -4.36043e-06 1.91288e-07 1.40486e-06 -2.17776e-06 -6.0373e-06 1.08439e-06 2.04292e-05 3.46518e-06 2.36998e-05 1.31655e-06 1.72241e-05 2.64055e-06 2.42215e-05 -6.5814e-06 5.89764e-07 3.47892e-06 1.47032e-05 -6.31807e-07 1.82599e-05 3.80198e-06 2.83367e-05 -2.1064e-06 3.65859e-05 -3.87504e-06 1.61083e-05 -2.7748e-07 9.94774e-06 
6.11113e-06 -7.214e-06 3.2092e-06 -3.93943e-07 2.10142e-06 -1.30042e-06 4.43248e-06 -6.54593e-07 8.59575e-06 -1.56266e-06 1.37169e-05 -4.58262e-06 1.26792e-05 -2.74608e-06 8.63211e-06 -3.46558e-06 6.0987e-06 -3.26764e-06 5.48209e-06 -1.03865e-06 1.08685e-05 -5.99113e-07 1.0485e-05 -2.9323e-06 6.83133e-06 -3.87504e-06 9.31673e-06 -5.42498e-07 6.95454e-06 -8.92513e-07 
-1.20478e-07 6.94791e-07 2.09528e-06 -3.00567e-06 7.00902e-07 2.3952e-06 1.54531e-06 3.12927e-06 2.78351e-06 1.07598e-05 4.35843e-06 1.64082e-05 3.29585e-06 1.10201e-05 3.84358e-06 1.78419e-05 -5.3003e-07 5.90307e-06 4.09313e-06 7.81775e-06 3.34447e-06 1.12085e-05 2.89851e-06 2.12073e-05 1.13271e-06 1.61083e-05 -5.42498e-07 1.97833e-05 4.40003e-07 1.06565e-05 
9.1659e-06 -7.02269e-06 2.2125e-06 -3.19262e-07 2.30884e-06 -3.31048e-06 5.1692e-06 1.74006e-06 1.97191e-05 2.82658e-06 2.62276e-05 -3.64048e-06 2.18069e-05 -1.1908e-06 1.76606e-05 -7.58189e-07 5.55186e-06 -2.78071e-06 1.43104e-05 8.51891e-07 1.96728e-05 7.40648e-06 2.01822e-05 -7.19937e-07 9.05336e-06 -2.7748e-07 6.95454e-06 4.40003e-07 1.76879e-05 8.54328e-07 
4.96233e-06 2.37806e-06 -1.35002e-06 -5.3524e-07 1.85254e-06 -3.27167e-06 4.81116e-07 -3.08755e-06 3.31848e-06 1.19861e-05 3.37522e-06 1.09955e-05 8.88178e-07 9.28655e-06 2.07007e-06 1.38028e-05 -1.99825e-06 8.27015e-06 2.84489e-06 2.09387e-06 3.87622e-06 2.14174e-06 8.56928e-07 1.77447e-05 3.31421e-07 9.94774e-06 -8.92513e-07 1.06565e-05 8.54328e-07 2.95176e-05 
WEIGHT 0.0177297
ESPERANCE 0.0117008 0.0228834 0.00760372 0.0233982 0.00688464 0.0643633 0.0139213 0.149942 0.0243506 0.180713 0.0389701 0.288155 0.035001 0.156685 0.0305052 0.186967 0.0290308 0.0646122 0.0222385 0.128233 0.0344753 0.119289 0.0385694 0.207187 0.0399099 0.10645 0.0290081 0.110423 0.0287414 0.0838647
COVARIANCE_MATRIX
2.90895e-05 3.23187e-06 -2.55783e-06 1.67907e-06 7.88717e-07 -4.13095e-06 -7.15964e-07 -7.63009e-06 1.03482e-05 7.36178e-06 1.30886e-05 3.35644e-06 1.19816e-05 1.053e-05 3.5386e-06 -2.85139e-07 3.44334e-07 -5.88808e-06 5.30382e-06 -2.14054e-06 7.72918e-06 1.34265e-05 9.63229e-06 9.0894e-07 3.58554e-06 2.15236e-07 5.66319e-06 1.55812e-06 2.63692e-06 2.73949e-06 
3.23187e-06 5.77366e-05 -5.2998e-06 -3.81645e-06 1.46704e-06 1.42063e-05 6.39598e-06 1.93585e-05 6.3283e-06 -6.22643e-06 1.74902e-06 9.00653e-06 4.75425e-06 -9.70774e-06 -3.28081e-07 1.07603e-05 1.30067e-05 6.4056e-06 7.39425e-06 -6.44824e-06 3.00824e-06 -1.32101e-05 1.09201e-07 5.25749e-06 -5.90227e-07 1.43448e-05 5.40443e-07 -4.1472e-06 8.18713e-06 -1.37295e-05 
-2.55783e-06 -5.2998e-06 1.0059e-05 -6.70273e-06 1.92197e-06 7.56242e-07 1.50546e-06 7.88469e-07 1.1051e-06 -2.16885e-06 -9.61504e-07 -2.71246e-06 1.87389e-06 -5.86201e-06 1.73571e-06 -8.73632e-07 9.57792e-07 1.15617e-06 -1.19827e-07 7.61564e-07 -3.3994e-10 -3.80203e-06 5.65856e-07 -2.61865e-06 1.91734e-06 -1.23217e-06 7.25779e-07 -2.65378e-06 1.17551e-06 3.17258e-06 
1.67907e-06 -3.81645e-06 -6.70273e-06 2.42301e-05 -5.13213e-07 -3.85922e-06 -5.55405e-07 -8.90836e-06 1.71558e-06 2.27991e-07 2.87089e-06 -2.40814e-06 7.74071e-07 8.02344e-06 -1.11907e-06 -7.28036e-06 1.44788e-06 9.74967e-07 -4.27294e-07 -3.75428e-06 1.34307e-06 -2.64291e-07 -9.30145e-07 -1.34558e-06 -1.87402e-06 3.83972e-06 -1.90742e-06 7.13596e-07 -5.16632e-07 8.25222e-07 
7.88717e-07 1.46704e-06 1.92197e-06 -5.13213e-07 3.74263e-06 2.31476e-06 1.94875e-06 5.00454e-06 3.29437e-06 -3.21023e-06 8.68295e-07 2.76057e-07 2.97523e-06 -3.79315e-06 6.71247e-07 1.56669e-06 3.63559e-06 3.3349e-06 9.53633e-07 -1.15715e-07 1.05363e-06 -3.49586e-06 4.04524e-07 4.85595e-07 1.85637e-06 2.59931e-06 1.58821e-06 -1.34195e-06 2.11458e-06 9.97448e-07 
-4.13095e-06 1.42063e-05 7.56242e-07 -3.85922e-06 2.31476e-06 2.17852e-05 4.38312e-06 3.07082e-05 4.06941e-06 -8.81279e-06 -9.47556e-07 7.79364e-06 9.39447e-07 -1.05223e-05 -1.36105e-06 1.48293e-05 7.30705e-06 1.50734e-05 2.81461e-06 7.34688e-06 1.81067e-06 -9.14561e-06 -1.21315e-06 6.02096e-06 5.11299e-06 6.46213e-06 3.14332e-06 5.0225e-06 4.6085e-06 1.35286e-06 
-7.15964e-07 6.39598e-06 1.50546e-06 -5.55405e-07 1.94875e-06 4.38312e-06 6.19766e-06 8.03393e-06 5.3706e-06 -5.92757e-06 7.26345e-07 3.2634e-07 3.97409e-06 -6.76277e-06 5.99278e-07 2.3232e-06 6.01092e-06 4.98535e-06 2.63108e-06 -1.57696e-06 2.1835e-06 -8.26416e-06 -5.84481e-07 1.6718e-07 2.32341e-06 4.11537e-06 2.64941e-06 -2.46186e-06 2.87721e-06 -6.58951e-07 
-7.63009e-06 1.93585e-05 7.88469e-07 -8.90836e-06 5.00454e-06 3.07082e-05 8.03393e-06 6.00331e-05 6.41253e-06 -1.73762e-05 -6.97629e-06 1.00362e-05 2.57852e-06 -2.10411e-05 -5.27683e-06 2.40218e-05 1.32767e-05 2.81163e-05 2.28531e-06 1.17049e-05 5.23135e-07 -1.92106e-05 -5.45151e-06 8.98273e-06 7.02733e-06 7.85033e-06 3.77924e-06 6.0804e-06 6.88721e-06 1.12653e-06 
1.03482e-05 6.3283e-06 1.1051e-06 1.71558e-06 3.29437e-06 4.06941e-06 5.3706e-06 6.41253e-06 2.10805e-05 -5.58204e-06 1.32013e-05 2.50459e-06 1.17856e-05 -4.22635e-06 4.98224e-06 1.60486e-06 5.74741e-06 5.76216e-06 9.06535e-06 -2.56885e-06 1.05804e-05 -3.13077e-06 7.71052e-06 -1.50882e-06 4.83191e-06 7.01611e-06 8.12629e-06 -2.08989e-06 7.41e-06 5.16596e-06 
7.36178e-06 -6.22643e-06 -2.16885e-06 2.27991e-07 -3.21023e-06 -8.81279e-06 -5.92757e-06 -1.73762e-05 -5.58204e-06 2.50507e-05 -3.15817e-06 1.44918e-05 -6.73925e-06 2.63567e-05 -3.50233e-06 8.9531e-06 -1.14877e-05 -1.70824e-05 -3.99426e-06 1.21525e-05 -3.25097e-06 3.45007e-05 2.10042e-06 1.6938e-05 -4.66999e-06 3.04463e-06 -6.95012e-07 1.06178e-05 -5.93892e-06 2.67269e-06 
1.30886e-05 1.74902e-06 -9.61504e-07 2.87089e-06 8.68295e-07 -9.47556e-07 7.26345e-07 -6.97629e-06 1.32013e-05 -3.15817e-06 2.0479e-05 -2.50035e-06 1.07333e-05 2.50712e-07 9.40876e-06 -6.72138e-06 1.08497e-06 -7.84488e-08 1.01853e-05 -5.88107e-06 1.10024e-05 -1.93176e-06 1.3795e-05 -7.22825e-06 5.60997e-06 3.33951e-07 7.96978e-06 -2.13428e-06 5.79188e-06 2.55756e-06 
3.35644e-06 9.00653e-06 -2.71246e-06 -2.40814e-06 2.76057e-07 7.79364e-06 3.2634e-07 1.00362e-05 2.50459e-06 1.44918e-05 -2.50035e-06 2.68685e-05 -5.26558e-06 1.78743e-05 -4.18415e-06 2.53972e-05 -3.2752e-06 -2.20834e-06 2.60221e-07 1.84945e-05 9.42944e-08 2.84773e-05 1.05129e-06 2.95925e-05 -1.43326e-07 1.5366e-05 4.19034e-06 1.59825e-05 -1.67653e-07 5.9168e-06 
1.19816e-05 4.75425e-06 1.87389e-06 7.74071e-07 2.97523e-06 9.39447e-07 3.97409e-06 2.57852e-06 1.17856e-05 -6.73925e-06 1.07333e-05 -5.26558e-06 1.66308e-05 -7.64751e-06 5.53553e-06 -5.78147e-06 9.14754e-06 3.51289e-06 5.72722e-06 -7.69146e-06 8.66031e-06 -1.06434e-05 8.33832e-06 -9.60816e-06 7.23291e-06 8.10699e-07 6.70426e-06 -6.68401e-06 7.01575e-06 -6.83071e-07 
1.053e-05 -9.70774e-06 -5.86201e-06 8.02344e-06 -3.79315e-06 -1.05223e-05 -6.76277e-06 -2.10411e-05 -4.22635e-06 2.63567e-05 2.50712e-07 1.78743e-05 -7.64751e-06 3.83428e-05 -3.3305e-06 9.0843e-06 -1.30884e-05 -1.60511e-05 -3.24553e-06 1.59657e-05 -1.27707e-06 4.3406e-05 4.3942e-06 2.26334e-05 -2.8284e-06 4.17307e-06 9.17129e-07 1.71903e-05 -6.25292e-06 5.38147e-06 
3.5386e-06 -3.28081e-07 1.73571e-06 -1.11907e-06 6.71247e-07 -1.36105e-06 5.99278e-07 -5.27683e-06 4.98224e-06 -3.50233e-06 9.40876e-06 -4.18415e-06 5.53553e-06 -3.3305e-06 8.5669e-06 -5.92225e-06 2.8512e-07 -1.49006e-07 6.05855e-06 -4.78546e-06 4.68088e-06 -5.73396e-06 8.21836e-06 -4.83402e-06 2.81063e-06 -1.59946e-06 3.62087e-06 -2.46224e-06 3.20425e-06 8.00987e-07 
-2.85139e-07 1.07603e-05 -8.73632e-07 -7.28036e-06 1.56669e-06 1.48293e-05 2.3232e-06 2.40218e-05 1.60486e-06 8.9531e-06 -6.72138e-06 2.53972e-05 -5.78147e-06 9.0843e-06 -5.92225e-06 3.28119e-05 -9.39256e-07 4.64641e-06 -2.99515e-07 2.09539e-05 -2.02774e-06 1.98453e-05 -2.60738e-06 3.2197e-05 2.76653e-08 1.50065e-05 3.55416e-06 1.75231e-05 7.0608e-07 7.50966e-06 
3.44334e-07 1.30067e-05 9.57792e-07 1.44788e-06 3.63559e-06 7.30705e-06 6.01092e-06 1.32767e-05 5.74741e-06 -1.14877e-05 1.08497e-06 -3.2752e-06 9.14754e-06 -1.30884e-05 2.8512e-07 -9.39256e-07 1.59811e-05 8.28905e-06 2.13527e-06 -6.16462e-06 3.70996e-06 -1.62971e-05 -1.56827e-06 -7.10989e-06 7.52831e-06 4.26691e-06 3.35309e-06 -8.20529e-06 7.03317e-06 -5.56233e-06 
-5.88808e-06 6.4056e-06 1.15617e-06 9.74967e-07 3.3349e-06 1.50734e-05 4.98535e-06 2.81163e-05 5.76216e-06 -1.70824e-05 -7.84488e-08 -2.20834e-06 3.51289e-06 -1.60511e-05 -1.49006e-07 4.64641e-06 8.28905e-06 2.70624e-05 2.81213e-06 1.60369e-06 2.73328e-06 -1.88895e-05 -2.60814e-06 1.68066e-06 4.35139e-06 2.07215e-06 7.78098e-07 5.41241e-06 6.19321e-06 1.01441e-05 
5.30382e-06 7.39425e-06 -1.19827e-07 -4.27294e-07 9.53633e-07 2.81461e-06 2.63108e-06 2.28531e-06 9.06535e-06 -3.99426e-06 1.01853e-05 2.60221e-07 5.72722e-06 -3.24553e-06 6.05855e-06 -2.99515e-07 2.13527e-06 2.81213e-06 1.08336e-05 -2.62364e-06 6.00739e-06 -4.46901e-06 7.8102e-06 -1.08746e-06 3.29858e-06 2.12343e-06 4.98172e-06 -6.54749e-07 5.75184e-06 1.62949e-06 
-2.14054e-06 -6.44824e-06 7.61564e-07 -3.75428e-06 -1.15715e-07 7.34688e-06 -1.57696e-06 1.17049e-05 -2.56885e-06 1.21525e-05 -5.88107e-06 1.84945e-05 -7.69146e-06 1.59657e-05 -4.78546e-06 2.09539e-05 -6.16462e-06 1.60369e-06 -2.62364e-06 2.53108e-05 -2.34017e-06 2.50423e-05 -4.26622e-07 2.5127e-05 2.15372e-06 7.60072e-06 3.02704e-06 1.76995e-05 -1.85021e-06 1.12517e-05 
7.72918e-06 3.00824e-06 -3.3994e-10 1.34307e-06 1.05363e-06 1.81067e-06 2.1835e-06 5.23135e-07 1.05804e-05 -3.25097e-06 1.10024e-05 9.42944e-08 8.66031e-06 -1.27707e-06 4.68088e-06 -2.02774e-06 3.70996e-06 2.73328e-06 6.00739e-06 -2.34017e-06 1.06407e-05 -2.40562e-06 7.586e-06 -2.96029e-06 6.03596e-06 1.73705e-06 6.75443e-06 -6.9447e-07 5.28606e-06 2.25959e-06 
1.34265e-05 -1.32101e-05 -3.80203e-06 -2.64291e-07 -3.49586e-06 -9.14561e-06 -8.26416e-06 -1.92106e-05 -3.13077e-06 3.45007e-05 -1.93176e-06 2.84773e-05 -1.06434e-05 4.3406e-05 -5.73396e-06 1.98453e-05 -1.62971e-05 -1.88895e-05 -4.46901e-06 2.50423e-05 -2.40562e-06 6.75731e-05 2.8263e-06 3.19577e-05 -2.02792e-06 8.36947e-06 2.02217e-06 2.00455e-05 -6.37043e-06 1.33816e-05 
9.63229e-06 1.09201e-07 5.65856e-07 -9.30145e-07 4.04524e-07 -1.21315e-06 -5.84481e-07 -5.45151e-06 7.71052e-06 2.10042e-06 1.3795e-05 1.05129e-06 8.33832e-06 4.3942e-06 8.21836e-06 -2.60738e-06 -1.56827e-06 -2.60814e-06 7.8102e-06 -4.26622e-07 7.586e-06 2.8263e-06 1.77259e-05 -2.94962e-06 5.22301e-06 -1.51885e-06 7.71028e-06 1.36284e-06 4.26722e-06 8.98183e-07 
9.0894e-07 5.25749e-06 -2.61865e-06 -1.34558e-06 4.85595e-07 6.02096e-06 1.6718e-07 8.98273e-06 -1.50882e-06 1.6938e-05 -7.22825e-06 2.95925e-05 -9.60816e-06 2.26334e-05 -4.83402e-06 3.2197e-05 -7.10989e-06 1.68066e-06 -1.08746e-06 2.5127e-05 -2.96029e-06 3.19577e-05 -2.94962e-06 5.37598e-05 -3.87122e-06 1.96484e-05 2.29522e-06 2.99022e-05 -1.53496e-06 1.61551e-05 
3.58554e-06 -5.90227e-07 1.91734e-06 -1.87402e-06 1.85637e-06 5.11299e-06 2.32341e-06 7.02733e-06 4.83191e-06 -4.66999e-06 5.60997e-06 -1.43326e-07 7.23291e-06 -2.8284e-06 2.81063e-06 2.76653e-08 7.52831e-06 4.35139e-06 3.29858e-06 2.15372e-06 6.03596e-06 -2.02792e-06 5.22301e-06 -3.87122e-06 1.39279e-05 -1.6617e-06 6.91698e-06 -1.40014e-06 6.3181e-06 -7.91352e-07 
2.15236e-07 1.43448e-05 -1.23217e-06 3.83972e-06 2.59931e-06 6.46213e-06 4.11537e-06 7.85033e-06 7.01611e-06 3.04463e-06 3.33951e-07 1.5366e-05 8.10699e-07 4.17307e-06 -1.59946e-06 1.50065e-05 4.26691e-06 2.07215e-06 2.12343e-06 7.60072e-06 1.73705e-06 8.36947e-06 -1.51885e-06 1.96484e-05 -1.6617e-06 2.46963e-05 3.45348e-06 3.91837e-06 2.97431e-06 5.71397e-06 
5.66319e-06 5.40443e-07 7.25779e-07 -1.90742e-06 1.58821e-06 3.14332e-06 2.64941e-06 3.77924e-06 8.12629e-06 -6.95012e-07 7.96978e-06 4.19034e-06 6.70426e-06 9.17129e-07 3.62087e-06 3.55416e-06 3.35309e-06 7.78098e-07 4.98172e-06 3.02704e-06 6.75443e-06 2.02217e-06 7.71028e-06 2.29522e-06 6.91698e-06 3.45348e-06 9.55298e-06 8.44924e-07 4.40321e-06 1.64276e-06 
1.55812e-06 -4.1472e-06 -2.65378e-06 7.13596e-07 -1.34195e-06 5.0225e-06 -2.46186e-06 6.0804e-06 -2.08989e-06 1.06178e-05 -2.13428e-06 1.59825e-05 -6.68401e-06 1.71903e-05 -2.46224e-06 1.75231e-05 -8.20529e-06 5.41241e-06 -6.54749e-07 1.76995e-05 -6.9447e-07 2.00455e-05 1.36284e-06 2.99022e-05 -1.40014e-06 3.91837e-06 8.44924e-07 2.94745e-05 -2.1437e-06 1.4317e-05 
2.63692e-06 8.18713e-06 1.17551e-06 -5.16632e-07 2.11458e-06 4.6085e-06 2.87721e-06 6.88721e-06 7.41e-06 -5.93892e-06 5.79188e-06 -1.67653e-07 7.01575e-06 -6.25292e-06 3.20425e-06 7.0608e-07 7.03317e-06 6.19321e-06 5.75184e-06 -1.85021e-06 5.28606e-06 -6.37043e-06 4.26722e-06 -1.53496e-06 6.3181e-06 2.97431e-06 4.40321e-06 -2.1437e-06 9.38427e-06 1.71329e-06 
2.73949e-06 -1.37295e-05 3.17258e-06 8.25222e-07 9.97448e-07 1.35286e-06 -6.58951e-07 1.12653e-06 5.16596e-06 2.67269e-06 2.55756e-06 5.9168e-06 -6.83071e-07 5.38147e-06 8.00987e-07 7.50966e-06 -5.56233e-06 1.01441e-05 1.62949e-06 1.12517e-05 2.25959e-06 1.33816e-05 8.98183e-07 1.61551e-05 -7.91352e-07 5.71397e-06 1.64276e-06 1.4317e-05 1.71329e-06 3.06823e-05 
WEIGHT 0.030733
ESPERANCE 0.0143175 0.0239754 0.0091338 0.0255637 0.00847617 0.0562683 0.0160021 0.147143 0.0281318 0.158216 0.0430105 0.259122 0.0453667 0.13463 0.0341128 0.167244 0.0351726 0.0715226 0.0246086 0.115619 0.0370465 0.0962135 0.0393032 0.189248 0.0359866 0.0987587 0.0297827 0.097673 0.0306748 0.0791385
COVARIANCE_MATRIX
2.03095e-05 -2.76634e-06 -2.10339e-06 3.54406e-06 -1.25421e-06 -7.32689e-06 -1.73275e-06 -1.01521e-05 1.75862e-06 5.07254e-07 9.51891e-06 -5.67713e-06 5.98601e-06 5.52079e-06 6.23547e-06 -7.26993e-06 -1.99637e-06 -1.29171e-06 8.3915e-06 -1.69691e-06 2.69462e-06 5.57508e-06 6.26188e-06 -9.68996e-07 1.564e-06 -4.79209e-06 1.36206e-06 -2.01994e-07 1.51127e-06 2.11996e-06 
-2.76634e-06 3.96629e-05 1.34897e-06 -8.53815e-06 -2.28754e-06 9.14552e-06 3.06439e-06 8.28731e-06 1.16051e-07 9.30726e-06 -1.33369e-06 1.76426e-05 2.43255e-07 7.29732e-06 -8.19705e-07 1.28081e-05 6.76035e-06 3.98048e-07 -7.41901e-07 -6.79484e-06 2.43472e-06 7.50441e-06 -2.67309e-06 1.33678e-05 3.96352e-06 1.20059e-05 5.69586e-07 1.09538e-06 2.36095e-06 -1.82129e-06 
-2.10339e-06 1.34897e-06 9.82839e-06 -1.40403e-06 2.98036e-06 3.71233e-06 2.00409e-06 4.32581e-06 9.72496e-07 -6.07413e-06 1.97232e-07 -2.65323e-06 3.04743e-06 -5.9246e-06 8.42197e-07 1.26865e-07 3.57868e-06 4.38389e-06 1.19676e-06 5.15892e-06 3.45674e-06 -4.022e-06 8.39784e-07 -1.28951e-06 4.64231e-07 4.63734e-06 1.53152e-06 -9.49461e-07 1.10927e-06 2.82919e-06 
3.54406e-06 -8.53815e-06 -1.40403e-06 2.11741e-05 1.88837e-06 9.04868e-07 -1.84496e-07 -1.05663e-05 2.59892e-06 -3.02435e-06 3.49037e-06 -6.94948e-06 1.30652e-06 2.11179e-06 2.34247e-06 -7.25e-06 -1.65552e-06 -2.90217e-06 5.86146e-06 3.5244e-06 2.23852e-06 -2.81318e-06 2.14677e-07 2.19111e-06 5.55567e-07 3.55905e-06 2.2951e-06 5.18403e-06 2.34451e-06 -1.55766e-07 
-1.25421e-06 -2.28754e-06 2.98036e-06 1.88837e-06 7.51876e-06 6.57202e-07 1.49102e-06 2.19857e-06 2.66143e-06 -8.23462e-06 7.02701e-07 -7.35774e-06 2.18337e-06 -7.34623e-06 1.23663e-06 -3.01999e-06 1.34674e-06 1.98142e-06 4.30884e-06 4.5651e-06 2.76422e-06 -5.48415e-06 1.44069e-07 -2.42607e-06 -2.97733e-07 1.46609e-06 1.14315e-06 -2.24123e-06 3.48144e-06 1.28716e-06 
-7.32689e-06 9.14552e-06 3.71233e-06 9.04868e-07 6.57202e-07 2.77665e-05 2.78321e-06 2.27915e-05 -9.9414e-06 1.09062e-05 -7.81281e-06 2.28122e-05 9.34926e-08 3.99276e-06 -5.21278e-06 2.14775e-05 8.17132e-06 6.727e-06 -7.05074e-06 2.68422e-06 1.14695e-06 2.76691e-06 -1.88163e-06 9.41052e-06 5.5251e-06 4.10619e-06 1.63073e-07 8.85906e-06 1.99134e-06 3.69896e-06 
-1.73275e-06 3.06439e-06 2.00409e-06 -1.84496e-07 1.49102e-06 2.78321e-06 6.13314e-06 4.51998e-06 1.85971e-06 -1.60972e-06 1.04326e-06 2.09171e-06 2.48477e-06 -2.0584e-06 7.13799e-07 3.01488e-06 3.73787e-06 3.59127e-06 1.78493e-06 -4.17302e-07 3.90824e-06 -2.73197e-06 4.65776e-07 3.69107e-06 1.22309e-06 3.90138e-06 1.93275e-06 1.76997e-06 1.53276e-06 2.62509e-06 
-1.01521e-05 8.28731e-06 4.32581e-06 -1.05663e-05 2.19857e-06 2.27915e-05 4.51998e-06 4.70811e-05 -6.76905e-06 2.84771e-07 -8.33335e-06 1.92966e-05 5.61347e-06 -9.42e-06 -5.80388e-06 2.50601e-05 1.1562e-05 1.8291e-05 -8.88615e-06 -1.59061e-06 2.22648e-06 -3.79822e-06 -9.77938e-07 2.83848e-06 6.03016e-06 -4.54845e-06 6.85044e-07 2.56967e-06 1.95404e-06 3.78182e-06 
1.75862e-06 1.16051e-07 9.72496e-07 2.59892e-06 2.66143e-06 -9.9414e-06 1.85971e-06 -6.76905e-06 1.72831e-05 -2.16797e-05 1.03553e-05 -2.44145e-05 4.02818e-06 -1.44251e-05 6.89233e-06 -1.73764e-05 -2.62799e-06 5.89566e-06 1.15836e-05 -2.19778e-06 5.29753e-06 -1.2571e-05 1.24987e-06 -7.52651e-06 -3.23954e-06 8.90069e-07 4.70512e-06 -5.92198e-06 3.83692e-06 1.73128e-06 
5.07254e-07 9.30726e-06 -6.07413e-06 -3.02435e-06 -8.23462e-06 1.09062e-05 -1.60972e-06 2.84771e-07 -2.16797e-05 5.37858e-05 -1.43923e-05 5.39203e-05 -1.08083e-05 4.241e-05 -1.00555e-05 3.21441e-05 2.72196e-06 -1.78344e-05 -1.79985e-05 -3.59597e-07 -7.65787e-06 3.46765e-05 4.47778e-07 2.42426e-05 7.33339e-06 4.52976e-06 -9.52535e-06 1.05207e-05 -5.81262e-06 -4.46782e-06 
9.51891e-06 -1.33369e-06 1.97232e-07 3.49037e-06 7.02701e-07 -7.81281e-06 1.04326e-06 -8.33335e-06 1.03553e-05 -1.43923e-05 1.60449e-05 -1.82102e-05 6.81666e-06 -6.79345e-06 9.87767e-06 -1.52061e-05 -2.33929e-06 4.81851e-06 1.33181e-05 -4.53494e-06 6.78261e-06 -5.2093e-06 6.18182e-06 -6.87206e-06 1.44322e-07 -5.09959e-06 6.50985e-06 -3.17964e-06 4.09711e-06 2.67968e-06 
-5.67713e-06 1.76426e-05 -2.65323e-06 -6.94948e-06 -7.35774e-06 2.28122e-05 2.09171e-06 1.92966e-05 -2.44145e-05 5.39203e-05 -1.82102e-05 7.18824e-05 -1.14404e-05 4.10709e-05 -1.29214e-05 4.78949e-05 7.68573e-06 -8.76505e-06 -2.1784e-05 -1.41346e-06 -5.72944e-06 3.43227e-05 -8.05179e-07 3.22283e-05 9.57266e-06 1.06116e-05 -9.87425e-06 1.43857e-05 -5.71038e-06 -4.50587e-06 
5.98601e-06 2.43255e-07 3.04743e-06 1.30652e-06 2.18337e-06 9.34926e-08 2.48477e-06 5.61347e-06 4.02818e-06 -1.08083e-05 6.81666e-06 -1.14404e-05 1.57897e-05 -1.06803e-05 4.70705e-06 -4.5313e-06 7.92365e-06 7.7548e-06 5.90934e-06 -1.07418e-06 7.49597e-06 -6.83679e-06 4.60746e-06 -4.58705e-06 5.29534e-06 -4.43015e-06 6.57448e-06 -8.41703e-07 4.34485e-06 4.97958e-06 
5.52079e-06 7.29732e-06 -5.9246e-06 2.11179e-06 -7.34623e-06 3.99276e-06 -2.0584e-06 -9.42e-06 -1.44251e-05 4.241e-05 -6.79345e-06 4.10709e-05 -1.06803e-05 4.80078e-05 -5.61648e-06 1.89325e-05 -3.19626e-06 -1.53879e-05 -1.02644e-05 1.48776e-06 -5.78254e-06 3.70954e-05 2.62089e-06 2.4698e-05 4.38327e-06 3.01831e-06 -6.17034e-06 1.22413e-05 -4.49567e-06 -1.00105e-06 
6.23547e-06 -8.19705e-07 8.42197e-07 2.34247e-06 1.23663e-06 -5.21278e-06 7.13799e-07 -5.80388e-06 6.89233e-06 -1.00555e-05 9.87767e-06 -1.29214e-05 4.70705e-06 -5.61648e-06 9.7816e-06 -1.05165e-05 -1.28304e-06 3.62055e-06 9.61711e-06 -7.58102e-07 5.19438e-06 -4.10304e-06 4.30219e-06 -2.82814e-06 9.64143e-07 -1.80162e-06 4.76084e-06 -7.28331e-07 3.57214e-06 3.19805e-06 
-7.26993e-06 1.28081e-05 1.26865e-07 -7.25e-06 -3.01999e-06 2.14775e-05 3.01488e-06 2.50601e-05 -1.73764e-05 3.21441e-05 -1.52061e-05 4.78949e-05 -4.5313e-06 1.89325e-05 -1.05165e-05 4.0883e-05 8.78055e-06 -6.54098e-07 -1.68647e-05 1.2838e-06 -3.05826e-06 1.6552e-05 -1.28152e-06 2.299e-05 7.73301e-06 7.50211e-06 -5.16739e-06 1.11926e-05 -3.17048e-06 6.05382e-07 
-1.99637e-06 6.76035e-06 3.57868e-06 -1.65552e-06 1.34674e-06 8.17132e-06 3.73787e-06 1.1562e-05 -2.62799e-06 2.72196e-06 -2.33929e-06 7.68573e-06 7.92365e-06 -3.19626e-06 -1.28304e-06 8.78055e-06 1.33258e-05 3.73739e-06 -2.18917e-06 -6.66015e-07 4.42965e-06 -1.99216e-06 6.03658e-07 2.78e-06 6.81767e-06 2.80471e-06 1.79308e-06 1.09252e-06 2.40498e-06 -2.31002e-07 
-1.29171e-06 3.98048e-07 4.38389e-06 -2.90217e-06 1.98142e-06 6.727e-06 3.59127e-06 1.8291e-05 5.89566e-06 -1.78344e-05 4.81851e-06 -8.76505e-06 7.7548e-06 -1.53879e-05 3.62055e-06 -6.54098e-07 3.73739e-06 2.40986e-05 4.52776e-06 -7.628e-07 6.45171e-06 -9.54676e-06 1.55815e-06 -8.69195e-07 1.27689e-06 -3.55485e-06 6.27547e-06 3.50146e-06 3.10523e-06 1.1692e-05 
8.3915e-06 -7.41901e-07 1.19676e-06 5.86146e-06 4.30884e-06 -7.05074e-06 1.78493e-06 -8.88615e-06 1.15836e-05 -1.79985e-05 1.33181e-05 -2.1784e-05 5.90934e-06 -1.02644e-05 9.61711e-06 -1.68647e-05 -2.18917e-06 4.52776e-06 1.8145e-05 -1.33894e-06 7.8303e-06 -8.34512e-06 4.26738e-06 -6.81763e-06 -7.1183e-07 -1.34038e-06 5.85164e-06 -3.89522e-06 6.60417e-06 3.2768e-06 
-1.69691e-06 -6.79484e-06 5.15892e-06 3.5244e-06 4.5651e-06 2.68422e-06 -4.17302e-07 -1.59061e-06 -2.19778e-06 -3.59597e-07 -4.53494e-06 -1.41346e-06 -1.07418e-06 1.48776e-06 -7.58102e-07 1.2838e-06 -6.66015e-07 -7.628e-07 -1.33894e-06 2.03257e-05 -3.45806e-07 8.01083e-07 -2.62508e-08 6.34989e-06 -3.27517e-07 8.33196e-06 1.86164e-07 7.35521e-06 -5.30901e-07 9.60078e-06 
2.69462e-06 2.43472e-06 3.45674e-06 2.23852e-06 2.76422e-06 1.14695e-06 3.90824e-06 2.22648e-06 5.29753e-06 -7.65787e-06 6.78261e-06 -5.72944e-06 7.49597e-06 -5.78254e-06 5.19438e-06 -3.05826e-06 4.42965e-06 6.45171e-06 7.8303e-06 -3.45806e-07 1.08999e-05 -5.22592e-06 4.10061e-06 3.55819e-07 4.51456e-06 9.51959e-07 6.377e-06 1.55208e-06 5.1417e-06 4.0562e-06 
5.57508e-06 7.50441e-06 -4.022e-06 -2.81318e-06 -5.48415e-06 2.76691e-06 -2.73197e-06 -3.79822e-06 -1.2571e-05 3.46765e-05 -5.2093e-06 3.43227e-05 -6.83679e-06 3.70954e-05 -4.10304e-06 1.6552e-05 -1.99216e-06 -9.54676e-06 -8.34512e-06 8.01083e-07 -5.22592e-06 4.16348e-05 2.69004e-06 1.62102e-05 4.39048e-06 -3.15343e-06 -5.05338e-06 4.70111e-06 -2.68573e-06 5.07149e-07 
6.26188e-06 -2.67309e-06 8.39784e-07 2.14677e-07 1.44069e-07 -1.88163e-06 4.65776e-07 -9.77938e-07 1.24987e-06 4.47778e-07 6.18182e-06 -8.05179e-07 4.60746e-06 2.62089e-06 4.30219e-06 -1.28152e-06 6.03658e-07 1.55815e-06 4.26738e-06 -2.62508e-08 4.10061e-06 2.69004e-06 8.9318e-06 -2.09401e-07 3.47201e-06 -5.02247e-06 3.604e-06 1.33954e-06 2.37029e-06 3.23612e-06 
-9.68996e-07 1.33678e-05 -1.28951e-06 2.19111e-06 -2.42607e-06 9.41052e-06 3.69107e-06 2.83848e-06 -7.52651e-06 2.42426e-05 -6.87206e-06 3.22283e-05 -4.58705e-06 2.4698e-05 -2.82814e-06 2.299e-05 2.78e-06 -8.69195e-07 -6.81763e-06 6.34989e-06 3.55819e-07 1.62102e-05 -2.09401e-07 4.12655e-05 3.67434e-06 1.52394e-05 -1.38672e-06 2.42163e-05 -1.10227e-06 1.44259e-05 
1.564e-06 3.96352e-06 4.64231e-07 5.55567e-07 -2.97733e-07 5.5251e-06 1.22309e-06 6.03016e-06 -3.23954e-06 7.33339e-06 1.44322e-07 9.57266e-06 5.29534e-06 4.38327e-06 9.64143e-07 7.73301e-06 6.81767e-06 1.27689e-06 -7.1183e-07 -3.27517e-07 4.51456e-06 4.39048e-06 3.47201e-06 3.67434e-06 1.14498e-05 -2.58365e-06 3.47239e-06 2.70319e-06 3.35267e-06 -6.09533e-07 
-4.79209e-06 1.20059e-05 4.63734e-06 3.55905e-06 1.46609e-06 4.10619e-06 3.90138e-06 -4.54845e-06 8.90069e-07 4.52976e-06 -5.09959e-06 1.06116e-05 -4.43015e-06 3.01831e-06 -1.80162e-06 7.50211e-06 2.80471e-06 -3.55485e-06 -1.34038e-06 8.33196e-06 9.51959e-07 -3.15343e-06 -5.02247e-06 1.52394e-05 -2.58365e-06 3.07672e-05 -2.55924e-06 5.91326e-06 -2.27122e-06 1.14683e-06 
1.36206e-06 5.69586e-07 1.53152e-06 2.2951e-06 1.14315e-06 1.63073e-07 1.93275e-06 6.85044e-07 4.70512e-06 -9.52535e-06 6.50985e-06 -9.87425e-06 6.57448e-06 -6.17034e-06 4.76084e-06 -5.16739e-06 1.79308e-06 6.27547e-06 5.85164e-06 1.86164e-07 6.377e-06 -5.05338e-06 3.604e-06 -1.38672e-06 3.47239e-06 -2.55924e-06 9.72179e-06 2.51418e-06 3.40035e-06 4.87813e-06 
-2.01994e-07 1.09538e-06 -9.49461e-07 5.18403e-06 -2.24123e-06 8.85906e-06 1.76997e-06 2.56967e-06 -5.92198e-06 1.05207e-05 -3.17964e-06 1.43857e-05 -8.41703e-07 1.22413e-05 -7.28331e-07 1.11926e-05 1.09252e-06 3.50146e-06 -3.89522e-06 7.35521e-06 1.55208e-06 4.70111e-06 1.33954e-06 2.42163e-05 2.70319e-06 5.91326e-06 2.51418e-06 2.64115e-05 -8.70935e-07 1.63953e-05 
1.51127e-06 2.36095e-06 1.10927e-06 2.34451e-06 3.48144e-06 1.99134e-06 1.53276e-06 1.95404e-06 3.83692e-06 -5.81262e-06 4.09711e-06 -5.71038e-06 4.34485e-06 -4.49567e-06 3.57214e-06 -3.17048e-06 2.40498e-06 3.10523e-06 6.60417e-06 -5.30901e-07 5.1417e-06 -2.68573e-06 2.37029e-06 -1.10227e-06 3.35267e-06 -2.27122e-06 3.40035e-06 -8.70935e-07 8.24103e-06 1.26607e-06 
2.11996e-06 -1.82129e-06 2.82919e-06 -1.55766e-07 1.28716e-06 3.69896e-06 2.62509e-06 3.78182e-06 1.73128e-06 -4.46782e-06 2.67968e-06 -4.50587e-06 4.97958e-06 -1.00105e-06 3.19805e-06 6.05382e-07 -2.31002e-07 1.1692e-05 3.2768e-06 9.60078e-06 4.0562e-06 5.07149e-07 3.23612e-06 1.44259e-05 -6.09533e-07 1.14683e-06 4.87813e-06 1.63953e-05 1.26607e-06 3.19568e-05 
WEIGHT 0.0242317
ESPERANCE 0.0127411 0.0178223 0.00819517 0.0174408 0.00811816 0.0558302 0.0196262 0.135535 0.0426573 0.159057 0.0508804 0.243131 0.0486204 0.147075 0.0354462 0.17629 0.0396047 0.0524858 0.0236404 0.142042 0.0365722 0.123685 0.0371473 0.23078 0.0411796 0.120639 0.0281876 0.118844 0.0295857 0.0777904
COVARIANCE_MATRIX
3.70791e-05 -2.05907e-05 5.14654e-06 -8.72527e-07 1.78121e-06 -7.38247e-06 -1.3542e-06 -1.43309e-05 9.18013e-06 1.40994e-06 1.74753e-05 -3.90265e-06 1.2702e-05 3.78615e-06 1.01863e-05 -7.66863e-06 -1.82316e-06 -9.06488e-06 4.65792e-06 -1.13858e-06 1.35043e-05 4.48982e-06 1.6097e-05 6.09771e-07 3.95659e-06 -1.34237e-06 8.49302e-06 -3.21159e-07 5.29876e-06 7.00863e-07 
-2.05907e-05 4.00983e-05 -5.64128e-06 2.0147e-06 -8.14717e-07 2.78375e-06 2.50352e-06 1.05299e-05 -4.11199e-06 -8.57376e-06 -1.37909e-05 -4.52194e-06 -7.63611e-06 -6.12201e-06 -7.42917e-06 -2.76609e-07 1.41272e-06 9.53859e-06 -2.22082e-06 -4.59174e-06 -1.08926e-05 -7.06527e-06 -1.0766e-05 -5.34616e-06 -5.18432e-06 -6.8895e-06 -5.14945e-06 1.18244e-06 -4.84575e-06 -2.73168e-06 
5.14654e-06 -5.64128e-06 5.93621e-06 2.13536e-08 4.69643e-07 -2.67331e-06 -1.56301e-06 -3.95463e-06 4.77136e-07 1.05047e-06 3.82882e-06 -2.20942e-06 2.64109e-06 -1.17568e-07 2.93093e-06 -2.46069e-06 -2.39555e-06 -3.52522e-06 -4.55607e-08 -5.36498e-07 2.51573e-06 1.89529e-06 2.8834e-06 -2.06717e-06 -9.50558e-08 -8.23459e-07 1.11574e-06 -6.53231e-07 -1.34197e-07 -9.3462e-07 
-8.72527e-07 2.0147e-06 2.13536e-08 8.49683e-06 5.47912e-08 -3.21458e-07 -9.18679e-07 -1.23831e-06 2.68855e-06 5.18858e-07 2.56959e-06 -2.63029e-06 2.46087e-06 -1.17484e-06 2.79809e-06 -2.42596e-06 -2.06502e-07 7.17961e-07 1.38784e-06 -3.19544e-07 1.82726e-06 1.74107e-07 2.41939e-06 -4.70683e-06 -2.66412e-07 -3.18023e-06 4.07467e-07 -1.69734e-06 6.37738e-07 5.05019e-07 
1.78121e-06 -8.14717e-07 4.69643e-07 5.47912e-08 4.27546e-06 1.24406e-06 1.74932e-06 3.43445e-06 -4.36003e-07 3.99296e-06 -3.73412e-07 7.02645e-06 -4.34389e-07 2.56684e-06 -7.95207e-07 7.06302e-06 1.41096e-06 2.7184e-06 7.16908e-07 3.36764e-06 6.14738e-07 2.36524e-06 -9.16465e-07 6.57832e-06 -6.60918e-07 3.43345e-06 4.80715e-07 4.19382e-06 4.38381e-07 4.32249e-06 
-7.38247e-06 2.78375e-06 -2.67331e-06 -3.21458e-07 1.24406e-06 1.91427e-05 6.50187e-06 3.00955e-05 -6.2276e-06 7.72512e-06 -5.93882e-06 2.93692e-05 -8.4471e-06 1.93084e-06 -5.86474e-06 2.90908e-05 4.98233e-06 1.73982e-05 2.56789e-06 1.47517e-05 -2.80729e-06 2.65149e-06 -6.15947e-06 2.27923e-05 -5.07528e-07 9.39056e-06 -1.56675e-06 1.66613e-05 -1.42698e-07 7.45713e-06 
-1.3542e-06 2.50352e-06 -1.56301e-06 -9.18679e-07 1.74932e-06 6.50187e-06 1.28071e-05 1.33578e-05 -9.5454e-07 6.83772e-07 -3.84879e-06 1.34552e-05 -3.10037e-06 2.13424e-06 -5.67495e-06 1.3063e-05 1.06225e-05 1.02601e-05 1.98287e-06 7.61729e-06 -2.43376e-06 -2.56664e-07 -5.77048e-06 1.36804e-05 1.20578e-07 4.38513e-06 2.04344e-06 1.15435e-05 -2.85349e-07 5.10088e-06 
-1.43309e-05 1.05299e-05 -3.95463e-06 -1.23831e-06 3.43445e-06 3.00955e-05 1.33578e-05 6.58117e-05 -1.52584e-05 1.52694e-05 -1.32921e-05 5.8067e-05 -1.611e-05 3.3567e-06 -1.25861e-05 5.87981e-05 1.0158e-05 3.52796e-05 4.22351e-06 2.88852e-05 -7.9601e-06 3.18215e-06 -1.38036e-05 4.52736e-05 -8.9564e-07 1.51606e-05 -2.2814e-06 3.47234e-05 -6.47211e-07 1.82689e-05 
9.18013e-06 -4.11199e-06 4.77136e-07 2.68855e-06 -4.36003e-07 -6.2276e-06 -9.5454e-07 -1.52584e-05 1.66329e-05 -1.32959e-05 1.55581e-05 -2.54858e-05 1.44566e-05 -2.25146e-06 1.04185e-05 -2.22557e-05 3.35928e-06 -4.38059e-06 4.75701e-06 -1.29518e-05 1.05128e-05 -1.04591e-05 1.21208e-05 -1.5213e-05 4.59755e-06 -7.91208e-06 5.50947e-06 -7.62335e-06 4.6748e-06 -4.39809e-06 
1.40994e-06 -8.57376e-06 1.05047e-06 5.18858e-07 3.99296e-06 7.72512e-06 6.83772e-07 1.52694e-05 -1.32959e-05 5.11739e-05 -3.15334e-06 7.44236e-05 -1.20669e-05 3.07049e-05 -4.75758e-06 5.8009e-05 -3.97891e-06 3.06721e-06 4.07671e-06 3.85745e-05 -8.2277e-07 4.43613e-05 -1.44513e-06 5.37273e-05 -1.81851e-06 3.26224e-05 -2.83614e-07 2.77543e-05 2.28872e-06 2.45411e-05 
1.74753e-05 -1.37909e-05 3.82882e-06 2.56959e-06 -3.73412e-07 -5.93882e-06 -3.84879e-06 -1.32921e-05 1.55581e-05 -3.15334e-06 3.52059e-05 -1.33166e-05 2.35138e-05 2.38317e-06 1.96549e-05 -1.57403e-05 3.15817e-07 -8.01384e-06 9.69945e-06 -8.39183e-06 2.00383e-05 -3.00952e-07 2.38673e-05 -1.15523e-05 9.06204e-06 -6.53409e-06 1.08556e-05 -5.04801e-06 1.00842e-05 -3.03247e-06 
-3.90265e-06 -4.52194e-06 -2.20942e-06 -2.63029e-06 7.02645e-06 2.93692e-05 1.34552e-05 5.8067e-05 -2.54858e-05 7.44236e-05 -1.33166e-05 0.000147611 -2.58577e-05 4.97389e-05 -1.56006e-05 0.000116158 8.41265e-06 2.60306e-05 7.87514e-06 7.38541e-05 -6.24415e-06 6.81722e-05 -1.02274e-05 0.000108385 -6.47574e-07 5.78862e-05 1.20729e-06 6.30216e-05 3.84731e-06 4.29034e-05 
1.2702e-05 -7.63611e-06 2.64109e-06 2.46087e-06 -4.34389e-07 -8.4471e-06 -3.10037e-06 -1.611e-05 1.44566e-05 -1.20669e-05 2.35138e-05 -2.58577e-05 2.46175e-05 -4.85446e-06 1.58476e-05 -2.6227e-05 3.87944e-06 -9.80751e-06 5.10214e-06 -1.56041e-05 1.62353e-05 -8.76924e-06 1.88614e-05 -2.39883e-05 9.83623e-06 -1.24646e-05 9.4833e-06 -1.23513e-05 7.94262e-06 -7.85104e-06 
3.78615e-06 -6.12201e-06 -1.17568e-07 -1.17484e-06 2.56684e-06 1.93084e-06 2.13424e-06 3.3567e-06 -2.25146e-06 3.07049e-05 2.38317e-06 4.97389e-05 -4.85446e-06 3.65439e-05 -9.53591e-07 3.6622e-05 2.86426e-06 2.86828e-06 4.69651e-06 2.28483e-05 1.73331e-06 3.00602e-05 3.02801e-06 4.59786e-05 -1.67584e-07 2.55122e-05 2.9497e-06 2.5937e-05 3.22643e-06 2.0535e-05 
