DESCRIPTOR_NAME Steinhardt
FILTER_TYPE element
NUMBER_OF_DIMENSION 30
CUTOFF_RADIUS 5.000000
STEINHARDT_STYLE Multi
AVE_STYLE Multi
STEINHARDT_MODE Full
FILTER_VALUE H
NUMBER_OF_CLUSTER 7
WEIGHT 0.0252982
ESPERANCE 0.0124363 0.0162011 0.00782734 0.0176521 0.00782051 0.0578602 0.016047 0.13494 0.0386671 0.161 0.0502301 0.23023 0.0489949 0.130295 0.0332622 0.153636 0.0345359 0.0465307 0.0259627 0.109973 0.0378158 0.104324 0.0412176 0.160955 0.0380576 0.0875494 0.0297053 0.0882618 0.0287646 0.0627297
COVARIANCE_MATRIX
2.49826e-05 3.02606e-06 1.93561e-06 -2.61662e-06 1.67298e-06 -4.91185e-06 -3.36713e-06 -9.00919e-06 6.72325e-06 6.90095e-06 1.91518e-05 6.63197e-06 3.74921e-06 1.11081e-05 1.1949e-05 1.61629e-06 -7.40778e-06 -3.09183e-06 1.12507e-05 1.2657e-06 1.14845e-05 8.75334e-06 1.64152e-05 7.243e-06 -5.2812e-07 -1.30488e-06 5.3769e-06 -1.84011e-08 1.84962e-06 5.38431e-06 
3.02606e-06 2.06972e-05 1.7216e-06 3.19234e-06 -5.59764e-07 -4.44019e-06 -2.72371e-06 -6.15439e-06 -2.92308e-06 6.14919e-06 1.26284e-06 1.09131e-06 -3.05411e-06 3.36795e-06 -3.8721e-07 -3.26873e-08 -2.58145e-06 -5.93716e-07 -1.3932e-06 1.7239e-06 -1.83091e-06 4.60594e-06 -9.96439e-07 5.15411e-06 -3.42874e-06 9.21079e-07 3.48989e-07 -3.54511e-06 -1.9854e-06 2.29105e-06 
1.93561e-06 1.7216e-06 5.51268e-06 -7.60728e-07 1.44526e-06 2.05156e-06 1.44834e-06 4.2666e-06 7.47687e-07 -1.77976e-06 -6.75177e-07 8.04582e-07 1.43321e-06 -1.51291e-06 -4.02139e-07 1.80283e-06 9.25201e-07 3.91225e-06 1.28989e-06 6.98796e-07 1.43391e-06 -5.90822e-07 4.85916e-07 2.74681e-07 2.47555e-06 -4.40156e-07 7.4629e-07 1.94379e-06 1.56281e-06 -4.38264e-07 
-2.61662e-06 3.19234e-06 -7.60728e-07 1.88537e-05 -1.30057e-06 -3.89244e-06 -3.13597e-06 -2.43145e-06 -6.89994e-06 4.28564e-06 1.97021e-06 7.84536e-06 -2.46043e-06 6.74185e-06 5.79137e-07 -4.40551e-06 2.44735e-06 -2.16986e-06 -3.06291e-06 1.95118e-07 -1.86154e-06 -3.35733e-06 -8.44333e-07 1.56473e-06 -2.02373e-06 5.68676e-06 1.33904e-06 -6.59846e-06 -1.93877e-06 2.39773e-06 
1.67298e-06 -5.59764e-07 1.44526e-06 -1.30057e-06 4.83878e-06 1.58229e-06 1.5419e-06 3.24851e-06 8.12567e-07 -8.42705e-07 -5.1587e-07 -1.04615e-06 1.6069e-06 -1.26897e-06 -6.55746e-10 9.9613e-07 1.16019e-06 9.7755e-07 1.94083e-06 -9.90128e-07 1.61327e-06 -1.00302e-06 4.6569e-07 -8.52634e-07 1.27633e-06 -1.76864e-06 4.92767e-07 1.84747e-06 1.53888e-06 -2.52364e-07 
-4.91185e-06 -4.44019e-06 2.05156e-06 -3.89244e-06 1.58229e-06 2.13116e-05 5.79691e-06 2.4998e-05 4.7343e-06 -1.06746e-05 -5.66587e-06 -1.16403e-06 4.97996e-06 -9.48601e-06 -2.21113e-06 9.54829e-06 3.74132e-06 1.50101e-05 4.46231e-06 1.90656e-07 4.11369e-06 -6.00635e-06 -8.61447e-08 -3.14191e-06 5.25142e-06 -6.4317e-06 7.51442e-07 1.64207e-05 5.27226e-06 -1.04268e-06 
-3.36713e-06 -2.72371e-06 1.44834e-06 -3.13597e-06 1.5419e-06 5.79691e-06 1.06983e-05 4.89378e-06 7.34311e-06 -5.68875e-06 -1.22741e-06 -8.58918e-06 -5.92888e-08 -8.06305e-06 -5.37294e-08 -9.86532e-07 7.8797e-07 2.47081e-06 3.91388e-06 -1.0163e-06 2.91962e-06 -3.95949e-07 7.64169e-08 -9.8691e-06 3.26701e-06 -6.87605e-06 6.53644e-07 6.42698e-06 2.71279e-06 -3.3155e-06 
-9.00919e-06 -6.15439e-06 4.2666e-06 -2.43145e-06 3.24851e-06 2.4998e-05 4.89378e-06 5.86049e-05 -7.0761e-06 -1.19598e-05 -1.93893e-05 1.12279e-05 6.58063e-06 -8.99381e-06 -1.19448e-05 1.61729e-05 1.63925e-05 3.08016e-05 -4.7499e-06 4.50763e-06 -1.01837e-06 -2.44112e-05 -1.08437e-05 8.00807e-06 1.00676e-05 2.20215e-06 8.17021e-07 1.2175e-05 5.92541e-06 3.68909e-06 
6.72325e-06 -2.92308e-06 7.47687e-07 -6.89994e-06 8.12567e-07 4.7343e-06 7.34311e-06 -7.0761e-06 2.43353e-05 -7.72966e-06 1.66964e-05 -1.56106e-05 1.66928e-06 -1.05194e-05 1.23894e-05 -4.62619e-06 -9.69258e-06 -2.24838e-06 1.55241e-05 -4.91604e-06 1.38141e-05 7.80647e-06 1.41424e-05 -1.47938e-05 2.29791e-06 -1.43772e-05 2.21555e-06 1.13844e-05 3.5924e-06 -2.14068e-06 
6.90095e-06 6.14919e-06 -1.77976e-06 4.28564e-06 -8.42705e-07 -1.06746e-05 -5.68875e-06 -1.19598e-05 -7.72966e-06 2.47974e-05 6.9797e-06 2.19623e-05 -2.30041e-06 2.07931e-05 5.19924e-06 5.95833e-06 -3.96184e-06 -8.6056e-06 -3.21605e-08 7.14288e-06 2.11815e-06 1.14051e-05 7.07501e-06 1.84314e-05 -1.38536e-06 1.07479e-05 4.69956e-06 -6.6501e-06 -8.5038e-07 4.6729e-06 
1.91518e-05 1.26284e-06 -6.75177e-07 1.97021e-06 -5.1587e-07 -5.66587e-06 -1.22741e-06 -1.93893e-05 1.66964e-05 6.9797e-06 5.47406e-05 1.36416e-05 7.65305e-06 1.35077e-05 3.17427e-05 -8.69229e-06 -1.14524e-05 -7.77027e-06 2.79241e-05 -2.41094e-06 2.87802e-05 5.25933e-06 4.01045e-05 -1.98801e-06 2.18442e-06 -5.13473e-06 1.48386e-05 -1.4596e-06 4.763e-06 1.14134e-05 
6.63197e-06 1.09131e-06 8.04582e-07 7.84536e-06 -1.04615e-06 -1.16403e-06 -8.58918e-06 1.12279e-05 -1.56106e-05 2.19623e-05 1.36416e-05 6.0391e-05 5.70547e-06 3.16082e-05 8.15646e-06 2.14268e-05 5.06477e-06 5.79179e-06 2.6148e-06 1.43754e-05 1.03805e-05 -5.10526e-06 1.33648e-05 3.74406e-05 6.16014e-06 2.82064e-05 1.29892e-05 -4.33948e-06 3.08857e-06 1.26919e-05 
3.74921e-06 -3.05411e-06 1.43321e-06 -2.46043e-06 1.6069e-06 4.97996e-06 -5.92888e-08 6.58063e-06 1.66928e-06 -2.30041e-06 7.65305e-06 5.70547e-06 1.38609e-05 6.6195e-07 4.92455e-06 2.50546e-06 4.96879e-06 1.39347e-06 6.03028e-06 -1.31647e-06 7.59569e-06 -3.64149e-06 8.41115e-06 -2.09713e-06 6.5955e-06 -3.41592e-06 2.63509e-06 1.14961e-06 5.28986e-06 2.31949e-06 
1.11081e-05 3.36795e-06 -1.51291e-06 6.74185e-06 -1.26897e-06 -9.48601e-06 -8.06305e-06 -8.99381e-06 -1.05194e-05 2.07931e-05 1.35077e-05 3.16082e-05 6.6195e-07 3.56846e-05 7.59563e-06 8.63792e-06 -2.15906e-06 -3.96431e-06 1.11663e-06 1.10474e-05 3.93112e-06 1.00226e-05 9.74784e-06 2.85726e-05 -1.90731e-06 1.68418e-05 6.78286e-06 -3.18815e-06 -1.0216e-06 1.25303e-05 
1.1949e-05 -3.8721e-07 -4.02139e-07 5.79137e-07 -6.55746e-10 -2.21113e-06 -5.37294e-08 -1.19448e-05 1.23894e-05 5.19924e-06 3.17427e-05 8.15646e-06 4.92455e-06 7.59563e-06 2.40452e-05 -5.53844e-06 -7.91179e-06 -4.69602e-06 1.84694e-05 -1.39102e-06 1.93017e-05 3.79071e-06 2.66251e-05 -2.99151e-06 2.71648e-06 -6.25435e-06 9.98215e-06 1.38902e-06 3.52291e-06 7.09263e-06 
1.61629e-06 -3.26873e-08 1.80283e-06 -4.40551e-06 9.9613e-07 9.54829e-06 -9.86532e-07 1.61729e-05 -4.62619e-06 5.95833e-06 -8.69229e-06 2.14268e-05 2.50546e-06 8.63792e-06 -5.53844e-06 2.80507e-05 -3.58263e-07 1.00699e-05 -2.33197e-06 1.15041e-05 4.52375e-07 6.39151e-06 -2.8929e-06 2.61942e-05 2.4762e-06 1.3986e-05 1.53716e-07 1.35546e-05 3.06603e-06 1.98067e-06 
-7.40778e-06 -2.58145e-06 9.25201e-07 2.44735e-06 1.16019e-06 3.74132e-06 7.8797e-07 1.63925e-05 -9.69258e-06 -3.96184e-06 -1.14524e-05 5.06477e-06 4.96879e-06 -2.15906e-06 -7.91179e-06 -3.58263e-07 1.72681e-05 5.86092e-06 -7.52466e-06 4.47361e-07 -4.84546e-06 -1.61074e-05 -9.67647e-06 -3.61959e-09 6.82924e-06 2.80168e-06 5.52997e-08 -4.77333e-06 1.87627e-06 -1.78901e-07 
-3.09183e-06 -5.93716e-07 3.91225e-06 -2.16986e-06 9.7755e-07 1.50101e-05 2.47081e-06 3.08016e-05 -2.24838e-06 -8.6056e-06 -7.77027e-06 5.79179e-06 1.39347e-06 -3.96431e-06 -4.69602e-06 1.00699e-05 5.86092e-06 2.94732e-05 -7.14899e-07 4.31898e-06 3.67519e-07 -1.342e-05 -4.03992e-06 1.11738e-05 4.43736e-06 3.77822e-06 2.38556e-06 1.04537e-05 3.47447e-06 6.52757e-06 
1.12507e-05 -1.3932e-06 1.28989e-06 -3.06291e-06 1.94083e-06 4.46231e-06 3.91388e-06 -4.7499e-06 1.55241e-05 -3.21605e-08 2.79241e-05 2.6148e-06 6.03028e-06 1.11663e-06 1.84694e-05 -2.33197e-06 -7.52466e-06 -7.14899e-07 2.36706e-05 -4.08799e-06 2.10932e-05 4.50643e-06 2.51136e-05 -7.29555e-06 4.18541e-06 -8.55956e-06 8.56749e-06 8.27517e-06 5.34909e-06 4.64985e-06 
1.2657e-06 1.7239e-06 6.98796e-07 1.95118e-07 -9.90128e-07 1.90656e-07 -1.0163e-06 4.50763e-06 -4.91604e-06 7.14288e-06 -2.41094e-06 1.43754e-05 -1.31647e-06 1.10474e-05 -1.39102e-06 1.15041e-05 4.47361e-07 4.31898e-06 -4.08799e-06 1.52162e-05 -2.05023e-06 4.69473e-06 -1.00962e-06 1.98738e-05 -7.92926e-07 1.19197e-05 6.63015e-07 5.54692e-06 7.77196e-07 3.4191e-06 
1.14845e-05 -1.83091e-06 1.43391e-06 -1.86154e-06 1.61327e-06 4.11369e-06 2.91962e-06 -1.01837e-06 1.38141e-05 2.11815e-06 2.87802e-05 1.03805e-05 7.59569e-06 3.93112e-06 1.93017e-05 4.52375e-07 -4.84546e-06 3.67519e-07 2.10932e-05 -2.05023e-06 2.58082e-05 -3.57717e-07 2.5634e-05 -2.94284e-06 7.69987e-06 -4.52538e-06 1.07766e-05 6.95505e-06 5.97637e-06 5.8684e-06 
8.75334e-06 4.60594e-06 -5.90822e-07 -3.35733e-06 -1.00302e-06 -6.00635e-06 -3.95949e-07 -2.44112e-05 7.80647e-06 1.14051e-05 5.25933e-06 -5.10526e-06 -3.64149e-06 1.00226e-05 3.79071e-06 6.39151e-06 -1.61074e-05 -1.342e-05 4.50643e-06 4.69473e-06 -3.57717e-07 4.52093e-05 6.25886e-06 3.15135e-06 -8.38804e-06 -6.42116e-06 -4.37908e-06 9.79136e-06 -5.12522e-07 -2.78354e-06 
1.64152e-05 -9.96439e-07 4.85916e-07 -8.44333e-07 4.6569e-07 -8.61447e-08 7.64169e-08 -1.08437e-05 1.41424e-05 7.07501e-06 4.01045e-05 1.33648e-05 8.41115e-06 9.74784e-06 2.66251e-05 -2.8929e-06 -9.67647e-06 -4.03992e-06 2.51136e-05 -1.00962e-06 2.5634e-05 6.25886e-06 3.87515e-05 -3.23903e-06 4.15571e-06 -4.72612e-06 1.33243e-05 3.52727e-06 6.18632e-06 9.52318e-06 
7.243e-06 5.15411e-06 2.74681e-07 1.56473e-06 -8.52634e-07 -3.14191e-06 -9.8691e-06 8.00807e-06 -1.47938e-05 1.84314e-05 -1.98801e-06 3.74406e-05 -2.09713e-06 2.85726e-05 -2.99151e-06 2.61942e-05 -3.61959e-09 1.11738e-05 -7.29555e-06 1.98738e-05 -2.94284e-06 3.15135e-06 -3.23903e-06 5.86714e-05 -1.10439e-06 3.29855e-05 3.39147e-06 4.42518e-06 -1.35369e-06 1.42022e-05 
-5.2812e-07 -3.42874e-06 2.47555e-06 -2.02373e-06 1.27633e-06 5.25142e-06 3.26701e-06 1.00676e-05 2.29791e-06 -1.38536e-06 2.18442e-06 6.16014e-06 6.5955e-06 -1.90731e-06 2.71648e-06 2.4762e-06 6.82924e-06 4.43736e-06 4.18541e-06 -7.92926e-07 7.69987e-06 -8.38804e-06 4.15571e-06 -1.10439e-06 1.26798e-05 -1.13229e-06 4.71773e-06 4.40434e-07 4.86244e-06 1.04154e-06 
-1.30488e-06 9.21079e-07 -4.40156e-07 5.68676e-06 -1.76864e-06 -6.4317e-06 -6.87605e-06 2.20215e-06 -1.43772e-05 1.07479e-05 -5.13473e-06 2.82064e-05 -3.41592e-06 1.68418e-05 -6.25435e-06 1.3986e-05 2.80168e-06 3.77822e-06 -8.55956e-06 1.19197e-05 -4.52538e-06 -6.42116e-06 -4.72612e-06 3.29855e-05 -1.13229e-06 3.6197e-05 2.1827e-06 -4.70086e-06 -2.09788e-06 8.36963e-06 
5.3769e-06 3.48989e-07 7.4629e-07 1.33904e-06 4.92767e-07 7.51442e-07 6.53644e-07 8.17021e-07 2.21555e-06 4.69956e-06 1.48386e-05 1.29892e-05 2.63509e-06 6.78286e-06 9.98215e-06 1.53716e-07 5.52997e-08 2.38556e-06 8.56749e-06 6.63015e-07 1.07766e-05 -4.37908e-06 1.33243e-05 3.39147e-06 4.71773e-06 2.1827e-06 1.08551e-05 -9.68266e-07 2.88041e-06 5.53568e-06 
-1.84011e-08 -3.54511e-06 1.94379e-06 -6.59846e-06 1.84747e-06 1.64207e-05 6.42698e-06 1.2175e-05 1.13844e-05 -6.6501e-06 -1.4596e-06 -4.33948e-06 1.14961e-06 -3.18815e-06 1.38902e-06 1.35546e-05 -4.77333e-06 1.04537e-05 8.27517e-06 5.54692e-06 6.95505e-06 9.79136e-06 3.52727e-06 4.42518e-06 4.40434e-07 -4.70086e-06 -9.68266e-07 3.45331e-05 3.26774e-06 -6.09313e-07 
1.84962e-06 -1.9854e-06 1.56281e-06 -1.93877e-06 1.53888e-06 5.27226e-06 2.71279e-06 5.92541e-06 3.5924e-06 -8.5038e-07 4.763e-06 3.08857e-06 5.28986e-06 -1.0216e-06 3.52291e-06 3.06603e-06 1.87627e-06 3.47447e-06 5.34909e-06 7.77196e-07 5.97637e-06 -5.12522e-07 6.18632e-06 -1.35369e-06 4.86244e-06 -2.09788e-06 2.88041e-06 3.26774e-06 7.08648e-06 8.64996e-07 
5.38431e-06 2.29105e-06 -4.38264e-07 2.39773e-06 -2.52364e-07 -1.04268e-06 -3.3155e-06 3.68909e-06 -2.14068e-06 4.6729e-06 1.14134e-05 1.26919e-05 2.31949e-06 1.25303e-05 7.09263e-06 1.98067e-06 -1.78901e-07 6.52757e-06 4.64985e-06 3.4191e-06 5.8684e-06 -2.78354e-06 9.52318e-06 1.42022e-05 1.04154e-06 8.36963e-06 5.53568e-06 -6.09313e-07 8.64996e-07 1.80578e-05 
WEIGHT 0.0278587
ESPERANCE 0.0110835 0.0174907 0.0080418 0.0183862 0.00785087 0.0446941 0.0178684 0.115434 0.0451708 0.130889 0.0550712 0.147357 0.0513081 0.100872 0.0357625 0.102903 0.0339709 0.0449227 0.0238298 0.0886864 0.0294913 0.0811855 0.033417 0.112141 0.0270944 0.0658893 0.0262686 0.0674802 0.0290155 0.0546129
COVARIANCE_MATRIX
2.30666e-05 -1.88287e-06 4.80454e-07 2.4645e-06 2.21546e-06 -2.75349e-07 4.42585e-06 5.54554e-06 8.84558e-07 4.81581e-06 2.75287e-06 8.37751e-06 1.88682e-06 2.20559e-06 6.89e-07 -5.88685e-07 1.89774e-06 -1.10212e-06 4.5895e-06 -2.53286e-06 5.25922e-06 5.15747e-06 5.36551e-06 9.09438e-07 1.67895e-06 -1.40586e-06 3.19351e-06 -1.54193e-06 -1.58502e-06 -1.18468e-06 
-1.88287e-06 1.98462e-05 2.50351e-06 1.5619e-06 -2.86231e-07 -2.94815e-06 6.23353e-07 -3.09367e-06 3.93073e-06 -4.18795e-06 1.16343e-05 -1.47618e-06 3.56209e-06 -5.91543e-06 5.03681e-06 -4.05206e-06 1.2575e-06 6.68635e-06 4.33285e-06 9.861e-07 3.35973e-06 -1.0032e-06 6.52633e-06 -1.30673e-06 7.0706e-07 -1.97955e-06 2.78549e-06 -5.48555e-06 2.3414e-06 1.35582e-06 
4.80454e-07 2.50351e-06 6.83833e-06 9.02669e-07 1.06143e-06 -1.12724e-06 3.59705e-08 1.94838e-06 -9.08251e-07 1.65954e-06 2.75952e-06 5.66182e-09 -2.05484e-07 1.21608e-07 -6.87456e-07 5.93537e-07 9.69256e-07 1.9532e-06 1.4447e-06 -1.00674e-06 -1.81335e-08 6.32171e-07 6.9634e-07 3.78807e-07 -1.68062e-07 2.12157e-06 1.99678e-07 -1.69788e-06 1.11794e-06 1.34038e-06 
2.4645e-06 1.5619e-06 9.02669e-07 1.48629e-05 1.65271e-06 3.73543e-06 1.66749e-06 4.0254e-06 5.19783e-07 -1.69677e-06 2.09626e-06 1.68524e-06 -1.47654e-06 1.49018e-07 1.54939e-06 1.86768e-07 5.34065e-08 1.45273e-06 2.88979e-06 8.64276e-07 5.10321e-07 1.50514e-06 1.44013e-06 9.60008e-08 1.20136e-06 6.82906e-06 -1.81512e-08 1.42854e-06 -2.97385e-07 2.58805e-06 
2.21546e-06 -2.86231e-07 1.06143e-06 1.65271e-06 4.11117e-06 -2.71536e-07 9.38677e-07 3.16917e-06 5.40214e-07 -1.05908e-06 -2.51065e-07 -1.78809e-06 8.46131e-07 -5.63043e-08 -8.22229e-07 -1.05434e-06 -3.96615e-07 6.60416e-07 1.79016e-06 -2.19801e-06 1.83299e-06 8.33061e-07 1.25567e-06 -1.67362e-06 1.34886e-06 1.43659e-06 9.84601e-07 1.40349e-06 -2.4181e-07 4.51985e-07 
-2.75349e-07 -2.94815e-06 -1.12724e-06 3.73543e-06 -2.71536e-07 1.5626e-05 7.61254e-07 5.80558e-06 -7.34985e-07 -6.21348e-06 -9.848e-06 3.75663e-06 -2.8871e-06 -2.22764e-06 -1.66127e-06 7.24304e-06 -1.23456e-06 1.80502e-06 -1.41107e-06 -1.8939e-06 -4.82386e-07 -3.968e-06 -3.5728e-06 2.89899e-06 1.76049e-06 -5.15256e-07 -1.88783e-06 5.54999e-06 -2.15472e-06 -5.29157e-06 
4.42585e-06 6.23353e-07 3.59705e-08 1.66749e-06 9.38677e-07 7.61254e-07 7.04683e-06 2.82915e-06 2.96128e-06 -8.78628e-07 3.1348e-06 3.68362e-06 2.17014e-06 3.93226e-07 2.7139e-07 7.02079e-08 6.54119e-07 1.72904e-06 2.13969e-06 -3.56387e-07 3.86659e-06 1.40623e-06 1.45288e-06 -2.14936e-06 -1.30274e-07 1.12812e-06 4.26258e-07 6.9335e-07 -2.60095e-07 5.67171e-07 
5.54554e-06 -3.09367e-06 1.94838e-06 4.0254e-06 3.16917e-06 5.80558e-06 2.82915e-06 2.30977e-05 -1.48222e-06 -6.63374e-06 -4.94941e-06 6.76796e-06 -2.43482e-06 6.05288e-07 -3.18009e-06 1.89197e-06 -5.04882e-07 5.07909e-06 3.07095e-06 -2.63512e-06 9.89906e-08 -2.28912e-06 -1.1607e-06 -6.66977e-08 1.68243e-06 3.44973e-06 -3.48022e-07 8.18099e-06 -2.33825e-06 7.93645e-07 
8.84558e-07 3.93073e-06 -9.08251e-07 5.19783e-07 5.40214e-07 -7.34985e-07 2.96128e-06 -1.48222e-06 1.07111e-05 -1.13848e-06 7.12459e-06 -1.12588e-06 7.23367e-06 -4.19028e-07 4.15462e-06 -4.13005e-06 1.15055e-06 2.38198e-06 1.91162e-06 6.52231e-07 6.36304e-06 3.30311e-06 5.4372e-06 -2.80741e-06 3.09895e-06 -4.49356e-08 2.31593e-06 4.55116e-06 1.65337e-06 1.34736e-06 
4.81581e-06 -4.18795e-06 1.65954e-06 -1.69677e-06 -1.05908e-06 -6.21348e-06 -8.78628e-07 -6.63374e-06 -1.13848e-06 2.42051e-05 2.78648e-06 6.01366e-06 6.37209e-07 6.12218e-06 3.0291e-07 4.71708e-06 -3.23493e-07 -9.16914e-06 -2.82181e-06 2.15242e-06 -7.79042e-07 1.42806e-05 6.08609e-08 6.51174e-06 -7.37714e-07 -4.16269e-06 3.31863e-07 -5.11562e-06 -4.18531e-07 5.61707e-07 
2.75287e-06 1.16343e-05 2.75952e-06 2.09626e-06 -2.51065e-07 -9.848e-06 3.1348e-06 -4.94941e-06 7.12459e-06 2.78648e-06 2.44801e-05 1.87845e-06 6.165e-06 -1.59834e-06 6.69224e-06 -9.18155e-06 4.69448e-06 5.40382e-06 5.55322e-06 1.67402e-06 3.63084e-06 3.16032e-06 8.57717e-06 -4.08225e-06 -1.85681e-07 1.339e-06 3.74136e-06 -6.69608e-06 3.87717e-06 5.55707e-06 
8.37751e-06 -1.47618e-06 5.66182e-09 1.68524e-06 -1.78809e-06 3.75663e-06 3.68362e-06 6.76796e-06 -1.12588e-06 6.01366e-06 1.87845e-06 3.42878e-05 -9.15552e-07 1.2437e-05 -2.2296e-07 1.31404e-05 2.42052e-06 1.64404e-06 2.00808e-06 3.89707e-06 4.83381e-07 5.92257e-06 -6.40531e-08 1.13034e-05 -9.50683e-07 3.31756e-06 -1.82835e-06 4.80555e-06 -2.58745e-07 -1.6237e-06 
1.88682e-06 3.56209e-06 -2.05484e-07 -1.47654e-06 8.46131e-07 -2.8871e-06 2.17014e-06 -2.43482e-06 7.23367e-06 6.37209e-07 6.165e-06 -9.15552e-07 1.3948e-05 1.64833e-07 3.19709e-06 -4.10651e-06 4.31667e-06 2.4097e-06 1.03632e-06 1.12176e-06 5.54546e-06 4.73167e-06 6.19746e-06 -4.27121e-06 4.06668e-06 -2.20077e-06 3.03101e-06 1.46121e-06 1.73602e-06 2.42393e-06 
2.20559e-06 -5.91543e-06 1.21608e-07 1.49018e-07 -5.63043e-08 -2.22764e-06 3.93226e-07 6.05288e-07 -4.19028e-07 6.12218e-06 -1.59834e-06 1.2437e-05 1.64833e-07 1.9462e-05 5.99344e-07 8.39355e-06 -1.9794e-06 -4.67282e-06 -3.31901e-08 4.94967e-06 1.4317e-06 8.59765e-06 8.52863e-07 8.87003e-06 2.22698e-07 5.57344e-06 -9.82582e-07 8.50973e-06 4.48731e-07 3.76373e-07 
6.89e-07 5.03681e-06 -6.87456e-07 1.54939e-06 -8.22229e-07 -1.66127e-06 2.7139e-07 -3.18009e-06 4.15462e-06 3.0291e-07 6.69224e-06 -2.2296e-07 3.19709e-06 5.99344e-07 7.87152e-06 -2.82765e-06 1.10334e-06 6.52074e-07 1.04839e-06 3.57312e-06 1.645e-06 2.77098e-06 5.19162e-06 3.12714e-06 2.19039e-06 -6.84887e-07 1.97095e-06 -1.04677e-06 3.1056e-06 2.28984e-06 
-5.88685e-07 -4.05206e-06 5.93537e-07 1.86768e-07 -1.05434e-06 7.24304e-06 7.02079e-08 1.89197e-06 -4.13005e-06 4.71708e-06 -9.18155e-06 1.31404e-05 -4.10651e-06 8.39355e-06 -2.82765e-06 2.13292e-05 -3.56007e-06 -1.81555e-06 -2.31942e-06 2.14758e-06 2.40405e-07 6.36222e-06 -4.25508e-06 1.49569e-05 -6.07289e-07 3.85817e-06 -3.43724e-06 3.99314e-06 -1.66277e-07 -5.91077e-06 
1.89774e-06 1.2575e-06 9.69256e-07 5.34065e-08 -3.96615e-07 -1.23456e-06 6.54119e-07 -5.04882e-07 1.15055e-06 -3.23493e-07 4.69448e-06 2.42052e-06 4.31667e-06 -1.9794e-06 1.10334e-06 -3.56007e-06 1.05757e-05 5.56105e-06 9.33173e-07 1.53016e-06 -4.48571e-07 -2.54209e-06 1.28452e-06 -1.41168e-06 3.12066e-06 -1.54089e-07 2.3492e-06 -2.67847e-07 2.00078e-06 3.62656e-06 
-1.10212e-06 6.68635e-06 1.9532e-06 1.45273e-06 6.60416e-07 1.80502e-06 1.72904e-06 5.07909e-06 2.38198e-06 -9.16914e-06 5.40382e-06 1.64404e-06 2.4097e-06 -4.67282e-06 6.52074e-07 -1.81555e-06 5.56105e-06 1.69635e-05 3.54998e-06 1.70432e-06 5.05626e-07 -5.33052e-06 1.78641e-06 -1.65062e-06 1.98148e-06 3.88692e-06 9.67888e-07 2.8729e-06 1.20952e-06 3.06491e-06 
4.5895e-06 4.33285e-06 1.4447e-06 2.88979e-06 1.79016e-06 -1.41107e-06 2.13969e-06 3.07095e-06 1.91162e-06 -2.82181e-06 5.55322e-06 2.00808e-06 1.03632e-06 -3.31901e-08 1.04839e-06 -2.31942e-06 9.33173e-07 3.54998e-06 7.56417e-06 -1.10744e-06 3.80401e-06 3.11454e-06 3.94878e-06 -9.61433e-07 2.14471e-06 2.46807e-06 1.45972e-06 1.25909e-06 1.18734e-06 9.91136e-07 
-2.53286e-06 9.861e-07 -1.00674e-06 8.64276e-07 -2.19801e-06 -1.8939e-06 -3.56387e-07 -2.63512e-06 6.52231e-07 2.15242e-06 1.67402e-06 3.89707e-06 1.12176e-06 4.94967e-06 3.57312e-06 2.14758e-06 1.53016e-06 1.70432e-06 -1.10744e-06 1.52405e-05 -9.65194e-08 5.56063e-06 8.57804e-07 6.17549e-06 1.33787e-06 1.70156e-06 -4.31872e-07 -5.87465e-07 4.99427e-06 1.94704e-06 
5.25922e-06 3.35973e-06 -1.81335e-08 5.10321e-07 1.83299e-06 -4.82386e-07 3.86659e-06 9.89906e-08 6.36304e-06 -7.79042e-07 3.63084e-06 4.83381e-07 5.54546e-06 1.4317e-06 1.645e-06 2.40405e-07 -4.48571e-07 5.05626e-07 3.80401e-06 -9.65194e-08 1.43794e-05 5.47226e-06 5.54021e-06 -3.6983e-06 3.69332e-06 1.17299e-06 2.9167e-06 6.31735e-06 1.57073e-06 -4.93101e-07 
5.15747e-06 -1.0032e-06 6.32171e-07 1.50514e-06 8.33061e-07 -3.968e-06 1.40623e-06 -2.28912e-06 3.30311e-06 1.42806e-05 3.16032e-06 5.92257e-06 4.73167e-06 8.59765e-06 2.77098e-06 6.36222e-06 -2.54209e-06 -5.33052e-06 3.11454e-06 5.56063e-06 5.47226e-06 3.76197e-05 5.71805e-06 1.51612e-05 2.93177e-06 3.36417e-06 -2.98991e-07 3.27926e-06 3.5451e-06 1.73651e-06 
5.36551e-06 6.52633e-06 6.9634e-07 1.44013e-06 1.25567e-06 -3.5728e-06 1.45288e-06 -1.1607e-06 5.4372e-06 6.08609e-08 8.57717e-06 -6.40531e-08 6.19746e-06 8.52863e-07 5.19162e-06 -4.25508e-06 1.28452e-06 1.78641e-06 3.94878e-06 8.57804e-07 5.54021e-06 5.71805e-06 1.05679e-05 1.16138e-07 3.81778e-06 -2.71796e-07 4.085e-06 3.04869e-07 2.41442e-06 1.30793e-06 
9.09438e-07 -1.30673e-06 3.78807e-07 9.60008e-08 -1.67362e-06 2.89899e-06 -2.14936e-06 -6.66977e-08 -2.80741e-06 6.51174e-06 -4.08225e-06 1.13034e-05 -4.27121e-06 8.87003e-06 3.12714e-06 1.49569e-05 -1.41168e-06 -1.65062e-06 -9.61433e-07 6.17549e-06 -3.6983e-06 1.51612e-05 1.16138e-07 4.16923e-05 3.95645e-06 7.17994e-06 -1.03117e-06 1.65018e-06 4.70629e-06 6.45036e-07 
1.67895e-06 7.0706e-07 -1.68062e-07 1.20136e-06 1.34886e-06 1.76049e-06 -1.30274e-07 1.68243e-06 3.09895e-06 -7.37714e-07 -1.85681e-07 -9.50683e-07 4.06668e-06 2.22698e-07 2.19039e-06 -6.07289e-07 3.12066e-06 1.98148e-06 2.14471e-06 1.33787e-06 3.69332e-06 2.93177e-06 3.81778e-06 3.95645e-06 1.01543e-05 -1.3651e-06 2.77768e-06 5.2753e-06 2.23345e-06 1.41508e-07 
-1.40586e-06 -1.97955e-06 2.12157e-06 6.82906e-06 1.43659e-06 -5.15256e-07 1.12812e-06 3.44973e-06 -4.49356e-08 -4.16269e-06 1.339e-06 3.31756e-06 -2.20077e-06 5.57344e-06 -6.84887e-07 3.85817e-06 -1.54089e-07 3.88692e-06 2.46807e-06 1.70156e-06 1.17299e-06 3.36417e-06 -2.71796e-07 7.17994e-06 -1.3651e-06 1.83709e-05 -2.44367e-06 8.5995e-06 1.60565e-06 5.93261e-06 
3.19351e-06 2.78549e-06 1.99678e-07 -1.81512e-08 9.84601e-07 -1.88783e-06 4.26258e-07 -3.48022e-07 2.31593e-06 3.31863e-07 3.74136e-06 -1.82835e-06 3.03101e-06 -9.82582e-07 1.97095e-06 -3.43724e-06 2.3492e-06 9.67888e-07 1.45972e-06 -4.31872e-07 2.9167e-06 -2.98991e-07 4.085e-06 -1.03117e-06 2.77768e-06 -2.44367e-06 6.1361e-06 -9.7788e-07 1.1087e-06 4.07e-07 
-1.54193e-06 -5.48555e-06 -1.69788e-06 1.42854e-06 1.40349e-06 5.54999e-06 6.9335e-07 8.18099e-06 4.55116e-06 -5.11562e-06 -6.69608e-06 4.80555e-06 1.46121e-06 8.50973e-06 -1.04677e-06 3.99314e-06 -2.67847e-07 2.8729e-06 1.25909e-06 -5.87465e-07 6.31735e-06 3.27926e-06 3.04869e-07 1.65018e-06 5.2753e-06 8.5995e-06 -9.7788e-07 3.11814e-05 -2.6946e-06 1.83407e-06 
-1.58502e-06 2.3414e-06 1.11794e-06 -2.97385e-07 -2.4181e-07 -2.15472e-06 -2.60095e-07 -2.33825e-06 1.65337e-06 -4.18531e-07 3.87717e-06 -2.58745e-07 1.73602e-06 4.48731e-07 3.1056e-06 -1.66277e-07 2.00078e-06 1.20952e-06 1.18734e-06 4.99427e-06 1.57073e-06 3.5451e-06 2.41442e-06 4.70629e-06 2.23345e-06 1.60565e-06 1.1087e-06 -2.6946e-06 8.118e-06 1.5178e-06 
-1.18468e-06 1.35582e-06 1.34038e-06 2.58805e-06 4.51985e-07 -5.29157e-06 5.67171e-07 7.93645e-07 1.34736e-06 5.61707e-07 5.55707e-06 -1.6237e-06 2.42393e-06 3.76373e-07 2.28984e-06 -5.91077e-06 3.62656e-06 3.06491e-06 9.91136e-07 1.94704e-06 -4.93101e-07 1.73651e-06 1.30793e-06 6.45036e-07 1.41508e-07 5.93261e-06 4.07e-07 1.83407e-06 1.5178e-06 1.53598e-05 
WEIGHT 0.0178693
ESPERANCE 0.0109806 0.0162514 0.00756448 0.0186419 0.00791749 0.0653177 0.0137632 0.147052 0.0280151 0.182477 0.0442338 0.275757 0.0383354 0.154753 0.0294004 0.187332 0.0278843 0.0501378 0.0243181 0.131637 0.0358972 0.124732 0.0378888 0.20318 0.0358805 0.108938 0.0288581 0.107207 0.0252557 0.074625
COVARIANCE_MATRIX
2.38761e-05 1.32158e-06 -2.5073e-06 5.21891e-07 5.61291e-07 -8.12473e-07 -7.20889e-07 -1.51087e-06 8.41074e-06 -1.9882e-06 1.38685e-05 -5.15269e-06 8.9042e-06 6.59451e-07 8.97207e-06 -3.86426e-06 5.92521e-07 2.89127e-06 8.317e-06 -2.30825e-06 1.01354e-05 2.3106e-07 1.48331e-05 1.70478e-06 3.09029e-06 -1.25749e-06 5.61535e-06 3.91485e-06 3.44631e-06 5.23577e-06 
1.32158e-06 2.55107e-05 1.32557e-06 6.06952e-07 1.15502e-06 -1.19501e-06 2.78679e-06 -1.06767e-06 2.12905e-06 -2.55033e-06 1.73591e-06 -1.02306e-05 5.32378e-06 -6.89429e-06 -4.95454e-08 -5.82147e-06 4.56021e-06 -3.26302e-07 -8.751e-07 -4.17309e-06 1.34067e-06 -7.08101e-06 1.33952e-06 -1.03124e-05 4.60409e-06 -4.91093e-06 3.53668e-06 -5.04054e-06 1.92042e-06 -4.63103e-06 
-2.5073e-06 1.32557e-06 5.47192e-06 -5.49706e-07 7.56497e-07 2.8285e-06 1.08903e-06 3.20884e-06 4.99619e-07 -1.40591e-07 -1.60965e-06 7.85124e-07 -5.74211e-07 -2.1432e-06 -7.51399e-08 1.64189e-06 3.1515e-07 1.78884e-06 1.7846e-07 1.2911e-06 -1.43376e-07 3.74046e-07 -1.75812e-06 -1.58758e-06 1.35054e-06 -1.22962e-06 -7.97772e-07 -1.45024e-07 1.03761e-06 -8.98963e-07 
5.21891e-07 6.06952e-07 -5.49706e-07 9.70046e-06 3.09295e-07 -1.56992e-06 1.83216e-06 -3.30052e-06 2.27832e-06 2.5416e-07 2.73382e-06 -3.31649e-06 3.13164e-06 3.02973e-06 2.87115e-06 -3.28519e-06 1.77138e-06 2.14593e-06 1.12436e-06 -2.41202e-07 2.51374e-06 -4.70546e-07 2.49865e-06 1.18874e-06 8.38726e-07 1.15223e-06 2.88274e-06 9.82775e-07 9.62852e-07 3.17314e-07 
5.61291e-07 1.15502e-06 7.56497e-07 3.09295e-07 4.46672e-06 8.41235e-07 2.19897e-06 3.85448e-06 3.25298e-06 -3.02009e-06 3.56158e-06 -6.32073e-06 4.92937e-06 -4.22012e-06 2.92788e-06 -4.07919e-06 4.38357e-06 3.85821e-06 2.47447e-06 -2.73961e-06 3.46368e-06 -4.99854e-06 3.56895e-06 -7.48872e-06 3.27202e-06 -4.67254e-06 2.08504e-06 -2.29912e-06 2.89049e-06 -1.18402e-06 
-8.12473e-07 -1.19501e-06 2.8285e-06 -1.56992e-06 8.41235e-07 2.18219e-05 3.76378e-06 3.0135e-05 5.83569e-07 -7.0352e-06 -4.38575e-06 8.98056e-06 1.71563e-06 -7.52751e-06 -4.54117e-06 1.38836e-05 5.72997e-06 1.98975e-05 -2.25892e-06 5.44333e-06 -3.75396e-07 -9.2578e-06 -4.66417e-06 5.22635e-06 5.80627e-06 2.33372e-06 -9.71325e-07 5.60043e-06 3.53793e-06 9.65973e-07 
-7.20889e-07 2.78679e-06 1.08903e-06 1.83216e-06 2.19897e-06 3.76378e-06 8.89913e-06 6.04096e-06 7.07357e-06 -7.70484e-06 4.92409e-06 -7.95871e-06 9.80291e-06 -8.33475e-06 2.66865e-06 -5.52509e-06 9.18119e-06 7.03668e-06 2.84747e-06 -5.06213e-06 5.55273e-06 -1.08058e-05 3.21574e-06 -1.10177e-05 5.9395e-06 -5.13055e-06 2.62785e-06 -3.79891e-06 4.93719e-06 -3.80084e-06 
-1.51087e-06 -1.06767e-06 3.20884e-06 -3.30052e-06 3.85448e-06 3.0135e-05 6.04096e-06 5.54871e-05 2.88963e-06 -1.25233e-05 -5.77716e-06 7.40789e-06 6.21669e-06 -1.36043e-05 -6.92119e-06 1.86854e-05 1.26579e-05 3.42145e-05 -2.18041e-06 8.43332e-06 1.19343e-06 -1.92183e-05 -5.48499e-06 1.63973e-06 1.10236e-05 -1.11814e-06 -1.11806e-06 7.90908e-06 7.95329e-06 8.06027e-07 
8.41074e-06 2.12905e-06 4.99619e-07 2.27832e-06 3.25298e-06 5.83569e-07 7.07357e-06 2.88963e-06 2.23021e-05 -1.22188e-05 2.14565e-05 -1.74158e-05 2.04749e-05 -1.08337e-05 1.41961e-05 -1.36586e-05 1.10235e-05 9.28129e-06 1.38914e-05 -9.50502e-06 1.69297e-05 -1.42985e-05 1.73125e-05 -1.72302e-05 1.02096e-05 -6.9778e-06 8.32596e-06 -4.81771e-06 1.04948e-05 -9.00324e-07 
-1.9882e-06 -2.55033e-06 -1.40591e-07 2.5416e-07 -3.02009e-06 -7.0352e-06 -7.70484e-06 -1.25233e-05 -1.22188e-05 2.07877e-05 -1.22552e-05 2.24777e-05 -1.64689e-05 2.02799e-05 -7.678e-06 1.48426e-05 -1.46599e-05 -1.41366e-05 -6.58199e-06 1.2672e-05 -9.6494e-06 2.87684e-05 -9.60335e-06 2.35076e-05 -1.0689e-05 1.02171e-05 -5.37422e-06 9.43688e-06 -9.52255e-06 7.37269e-06 
1.38685e-05 1.73591e-06 -1.60965e-06 2.73382e-06 3.56158e-06 -4.38575e-06 4.92409e-06 -5.77716e-06 2.14565e-05 -1.22552e-05 3.48716e-05 -2.36972e-05 2.13914e-05 -8.82641e-06 2.32091e-05 -2.23933e-05 7.75831e-06 7.24185e-06 1.97107e-05 -1.39175e-05 2.30598e-05 -1.76861e-05 2.94237e-05 -2.02553e-05 8.27257e-06 -6.67747e-06 1.20188e-05 -7.38773e-06 9.11541e-06 3.397e-07 
-5.15269e-06 -1.02306e-05 7.85124e-07 -3.31649e-06 -6.32073e-06 8.98056e-06 -7.95871e-06 7.40789e-06 -1.74158e-05 2.24777e-05 -2.36972e-05 5.36658e-05 -2.41042e-05 2.80461e-05 -1.70232e-05 4.15379e-05 -1.68567e-05 -4.59565e-06 -1.25484e-05 2.67117e-05 -1.59831e-05 3.72548e-05 -2.10874e-05 5.22862e-05 -1.0395e-05 2.53484e-05 -1.09541e-05 2.46864e-05 -1.15847e-05 1.2856e-05 
8.9042e-06 5.32378e-06 -5.74211e-07 3.13164e-06 4.92937e-06 1.71563e-06 9.80291e-06 6.21669e-06 2.04749e-05 -1.64689e-05 2.13914e-05 -2.41042e-05 3.40443e-05 -1.70917e-05 1.42183e-05 -1.92802e-05 2.241e-05 1.18677e-05 1.15908e-05 -1.41104e-05 1.9652e-05 -2.37373e-05 2.06902e-05 -2.75049e-05 1.64368e-05 -1.24779e-05 1.1464e-05 -1.02543e-05 1.33659e-05 -6.64066e-06 
6.59451e-07 -6.89429e-06 -2.1432e-06 3.02973e-06 -4.22012e-06 -7.52751e-06 -8.33475e-06 -1.36043e-05 -1.08337e-05 2.02799e-05 -8.82641e-06 2.80461e-05 -1.70917e-05 3.08817e-05 -5.52525e-06 1.77947e-05 -1.51856e-05 -1.24748e-05 -4.82102e-06 1.63359e-05 -7.55173e-06 3.16741e-05 -7.4478e-06 3.70103e-05 -1.02061e-05 1.76739e-05 -5.26723e-06 1.76324e-05 -9.08829e-06 1.1349e-05 
8.97207e-06 -4.95454e-08 -7.51399e-08 2.87115e-06 2.92788e-06 -4.54117e-06 2.66865e-06 -6.92119e-06 1.41961e-05 -7.678e-06 2.32091e-05 -1.70232e-05 1.42183e-05 -5.52525e-06 1.99135e-05 -1.66661e-05 4.92412e-06 4.70985e-06 1.44122e-05 -8.94678e-06 1.61218e-05 -1.12897e-05 2.19149e-05 -1.2845e-05 6.14467e-06 -3.36997e-06 8.5878e-06 -4.58587e-06 6.75126e-06 4.67498e-07 
-3.86426e-06 -5.82147e-06 1.64189e-06 -3.28519e-06 -4.07919e-06 1.38836e-05 -5.52509e-06 1.86854e-05 -1.36586e-05 1.48426e-05 -2.23933e-05 4.15379e-05 -1.92802e-05 1.77947e-05 -1.66661e-05 4.07502e-05 -1.15228e-05 4.55855e-06 -1.14147e-05 2.56318e-05 -1.45008e-05 2.54563e-05 -2.02949e-05 4.49376e-05 -4.99912e-06 2.19086e-05 -9.68802e-06 2.26862e-05 -6.71007e-06 1.1492e-05 
5.92521e-07 4.56021e-06 3.1515e-07 1.77138e-06 4.38357e-06 5.72997e-06 9.18119e-06 1.26579e-05 1.10235e-05 -1.46599e-05 7.75831e-06 -1.68567e-05 2.241e-05 -1.51856e-05 4.92412e-06 -1.15228e-05 2.40873e-05 1.29209e-05 4.03011e-06 -8.83077e-06 1.14773e-05 -2.19226e-05 7.75966e-06 -1.99504e-05 1.56233e-05 -9.85506e-06 5.9222e-06 -6.25062e-06 1.1738e-05 -9.11546e-06 
2.89127e-06 -3.26302e-07 1.78884e-06 2.14593e-06 3.85821e-06 1.98975e-05 7.03668e-06 3.42145e-05 9.28129e-06 -1.41366e-05 7.24185e-06 -4.59565e-06 1.18677e-05 -1.24748e-05 4.70985e-06 4.55855e-06 1.29209e-05 3.52873e-05 4.92718e-06 4.2699e-06 8.8175e-06 -1.98098e-05 7.6152e-06 -5.63725e-07 1.22104e-05 1.32012e-06 4.66578e-06 6.27282e-06 1.078e-05 3.69218e-06 
8.317e-06 -8.751e-07 1.7846e-07 1.12436e-06 2.47447e-06 -2.25892e-06 2.84747e-06 -2.18041e-06 1.38914e-05 -6.58199e-06 1.97107e-05 -1.25484e-05 1.15908e-05 -4.82102e-06 1.44122e-05 -1.14147e-05 4.03011e-06 4.92718e-06 1.50416e-05 -6.81714e-06 1.43128e-05 -9.09159e-06 1.75567e-05 -1.02516e-05 5.79278e-06 -3.64766e-06 6.48423e-06 -2.12872e-06 6.54188e-06 1.34233e-07 
-2.30825e-06 -4.17309e-06 1.2911e-06 -2.41202e-07 -2.73961e-06 5.44333e-06 -5.06213e-06 8.43332e-06 -9.50502e-06 1.2672e-05 -1.39175e-05 2.67117e-05 -1.41104e-05 1.63359e-05 -8.94678e-06 2.56318e-05 -8.83077e-06 4.2699e-06 -6.81714e-06 2.43213e-05 -9.63311e-06 2.21924e-05 -1.13007e-05 3.58013e-05 -3.45168e-06 1.93104e-05 -6.34592e-06 1.90173e-05 -3.50129e-06 1.2184e-05 
1.01354e-05 1.34067e-06 -1.43376e-07 2.51374e-06 3.46368e-06 -3.75396e-07 5.55273e-06 1.19343e-06 1.69297e-05 -9.6494e-06 2.30598e-05 -1.59831e-05 1.9652e-05 -7.55173e-06 1.61218e-05 -1.45008e-05 1.14773e-05 8.8175e-06 1.43128e-05 -9.63311e-06 2.14007e-05 -1.52655e-05 2.08994e-05 -1.54775e-05 1.10186e-05 -5.922e-06 9.46638e-06 -3.31305e-06 9.65567e-06 -2.13361e-06 
2.3106e-07 -7.08101e-06 3.74046e-07 -4.70546e-07 -4.99854e-06 -9.2578e-06 -1.08058e-05 -1.92183e-05 -1.42985e-05 2.87684e-05 -1.76861e-05 3.72548e-05 -2.37373e-05 3.16741e-05 -1.12897e-05 2.54563e-05 -2.19226e-05 -1.98098e-05 -9.09159e-06 2.21924e-05 -1.52655e-05 5.26624e-05 -1.4769e-05 4.23923e-05 -1.54805e-05 1.72864e-05 -8.7386e-06 1.91914e-05 -1.2648e-05 1.65329e-05 
1.48331e-05 1.33952e-06 -1.75812e-06 2.49865e-06 3.56895e-06 -4.66417e-06 3.21574e-06 -5.48499e-06 1.73125e-05 -9.60335e-06 2.94237e-05 -2.10874e-05 2.06902e-05 -7.4478e-06 2.19149e-05 -2.02949e-05 7.75966e-06 7.6152e-06 1.75567e-05 -1.13007e-05 2.08994e-05 -1.4769e-05 3.13394e-05 -1.71118e-05 8.04857e-06 -5.70642e-06 1.16948e-05 -6.2704e-06 8.60432e-06 1.74298e-06 
1.70478e-06 -1.03124e-05 -1.58758e-06 1.18874e-06 -7.48872e-06 5.22635e-06 -1.10177e-05 1.63973e-06 -1.72302e-05 2.35076e-05 -2.02553e-05 5.22862e-05 -2.75049e-05 3.70103e-05 -1.2845e-05 4.49376e-05 -1.99504e-05 -5.63725e-07 -1.02516e-05 3.58013e-05 -1.54775e-05 4.23923e-05 -1.71118e-05 7.58934e-05 -8.96275e-06 3.89859e-05 -1.03783e-05 3.69474e-05 -1.0022e-05 2.21387e-05 
3.09029e-06 4.60409e-06 1.35054e-06 8.38726e-07 3.27202e-06 5.80627e-06 5.9395e-06 1.10236e-05 1.02096e-05 -1.0689e-05 8.27257e-06 -1.0395e-05 1.64368e-05 -1.02061e-05 6.14467e-06 -4.99912e-06 1.56233e-05 1.22104e-05 5.79278e-06 -3.45168e-06 1.10186e-05 -1.54805e-05 8.04857e-06 -8.96275e-06 1.67496e-05 -2.99335e-06 5.6193e-06 -1.79377e-07 1.11948e-05 -3.85252e-06 
-1.25749e-06 -4.91093e-06 -1.22962e-06 1.15223e-06 -4.67254e-06 2.33372e-06 -5.13055e-06 -1.11814e-06 -6.9778e-06 1.02171e-05 -6.67747e-06 2.53484e-05 -1.24779e-05 1.76739e-05 -3.36997e-06 2.19086e-05 -9.85506e-06 1.32012e-06 -3.64766e-06 1.93104e-05 -5.922e-06 1.72864e-05 -5.70642e-06 3.89859e-05 -2.99335e-06 2.75417e-05 -4.2927e-06 1.73141e-05 -3.66783e-06 1.17617e-05 
5.61535e-06 3.53668e-06 -7.97772e-07 2.88274e-06 2.08504e-06 -9.71325e-07 2.62785e-06 -1.11806e-06 8.32596e-06 -5.37422e-06 1.20188e-05 -1.09541e-05 1.1464e-05 -5.26723e-06 8.5878e-06 -9.68802e-06 5.9222e-06 4.66578e-06 6.48423e-06 -6.34592e-06 9.46638e-06 -8.7386e-06 1.16948e-05 -1.03783e-05 5.6193e-06 -4.2927e-06 8.1993e-06 -3.63499e-06 4.46116e-06 -5.59303e-07 
3.91485e-06 -5.04054e-06 -1.45024e-07 9.82775e-07 -2.29912e-06 5.60043e-06 -3.79891e-06 7.90908e-06 -4.81771e-06 9.43688e-06 -7.38773e-06 2.46864e-05 -1.02543e-05 1.76324e-05 -4.58587e-06 2.26862e-05 -6.25062e-06 6.27282e-06 -2.12872e-06 1.90173e-05 -3.31305e-06 1.91914e-05 -6.2704e-06 3.69474e-05 -1.79377e-07 1.73141e-05 -3.63499e-06 2.56266e-05 -1.37985e-06 1.16117e-05 
3.44631e-06 1.92042e-06 1.03761e-06 9.62852e-07 2.89049e-06 3.53793e-06 4.93719e-06 7.95329e-06 1.04948e-05 -9.52255e-06 9.11541e-06 -1.15847e-05 1.33659e-05 -9.08829e-06 6.75126e-06 -6.71007e-06 1.1738e-05 1.078e-05 6.54188e-06 -3.50129e-06 9.65567e-06 -1.2648e-05 8.60432e-06 -1.0022e-05 1.11948e-05 -3.66783e-06 4.46116e-06 -1.37985e-06 1.1344e-05 -2.81777e-06 
5.23577e-06 -4.63103e-06 -8.98963e-07 3.17314e-07 -1.18402e-06 9.65973e-07 -3.80084e-06 8.06027e-07 -9.00324e-07 7.37269e-06 3.397e-07 1.2856e-05 -6.64066e-06 1.1349e-05 4.67498e-07 1.1492e-05 -9.11546e-06 3.69218e-06 1.34233e-07 1.2184e-05 -2.13361e-06 1.65329e-05 1.74298e-06 2.21387e-05 -3.85252e-06 1.17617e-05 -5.59303e-07 1.16117e-05 -2.81777e-06 1.93255e-05 
WEIGHT 0.023678
ESPERANCE 0.0132317 0.0176104 0.00872557 0.0175434 0.00886802 0.0541498 0.0172723 0.126089 0.049611 0.145017 0.0527379 0.190226 0.0574647 0.115426 0.0377756 0.131799 0.034463 0.0460336 0.0291726 0.0989649 0.0381699 0.100524 0.0420876 0.136168 0.0382981 0.0746766 0.0293479 0.0842486 0.0302951 0.0567623
COVARIANCE_MATRIX
2.84155e-05 9.56614e-06 -1.13254e-06 1.30881e-06 5.53065e-07 -4.97306e-06 -1.58168e-06 -4.43626e-06 3.1694e-06 4.38114e-07 1.1366e-05 -2.06893e-06 5.01773e-06 3.62151e-06 7.04107e-06 -9.80507e-06 -4.72368e-07 -7.07921e-07 3.44436e-06 3.69453e-06 6.64438e-06 4.56121e-06 1.05363e-05 -3.86576e-07 -1.76572e-06 -1.11209e-06 4.63472e-06 -4.30101e-06 8.26602e-07 5.63993e-06 
9.56614e-06 2.17904e-05 9.1389e-07 1.78753e-06 2.86792e-07 -2.41374e-06 -2.8609e-06 -8.35718e-06 4.9105e-06 -5.57678e-06 1.00052e-05 -1.41093e-05 2.38721e-06 -6.11048e-06 5.82158e-06 -9.09996e-06 -7.47499e-07 4.77652e-07 2.07305e-06 2.38224e-06 4.69891e-07 3.07076e-06 5.64248e-06 -2.51564e-06 -2.97281e-06 -3.32748e-06 1.67033e-06 -2.22824e-06 2.88252e-06 1.38544e-06 
-1.13254e-06 9.1389e-07 5.5357e-06 8.95885e-07 1.47654e-06 1.61894e-06 1.69866e-06 2.61847e-06 1.43999e-06 -2.62209e-06 -6.17423e-07 -4.11281e-06 9.05393e-07 -2.73136e-06 5.52977e-08 -2.59792e-06 1.07102e-06 3.044e-06 1.33949e-06 -2.4653e-06 -6.88037e-08 -2.73919e-06 -1.31349e-07 -5.09135e-06 9.61404e-07 -2.24165e-06 7.94406e-07 -3.39902e-09 6.31364e-07 -3.46259e-07 
1.30881e-06 1.78753e-06 8.95885e-07 1.78071e-05 4.83977e-07 4.87102e-06 3.39756e-06 8.86769e-06 -7.31822e-07 -7.56662e-06 -1.71999e-06 -1.00789e-05 -1.96953e-06 -8.91294e-06 -3.01662e-06 -8.21179e-06 5.31853e-07 3.7275e-06 8.7096e-07 -3.24786e-06 -5.63829e-07 -8.33538e-06 -2.81673e-06 -1.16147e-05 -5.05445e-06 -2.19586e-07 -2.17215e-06 -2.63704e-06 7.53034e-08 1.06277e-06 
5.53065e-07 2.86792e-07 1.47654e-06 4.83977e-07 6.10405e-06 9.00419e-07 1.77768e-06 3.73697e-06 1.04039e-06 4.31817e-07 -4.1041e-07 -1.39652e-06 -9.15428e-08 -3.84978e-07 1.2149e-06 -1.0941e-06 -2.60772e-07 2.41739e-06 1.17364e-06 -2.45421e-07 1.95052e-06 -3.43484e-06 5.99131e-07 -2.22021e-06 7.58407e-07 -4.18162e-07 2.19582e-07 -5.65843e-07 2.92689e-07 1.64726e-06 
-4.97306e-06 -2.41374e-06 1.61894e-06 4.87102e-06 9.00419e-07 1.8903e-05 6.60337e-06 1.74413e-05 -1.31864e-06 -5.03859e-06 -7.37527e-06 6.04516e-06 -2.10483e-06 -6.00522e-06 -3.75527e-06 7.15831e-06 2.59721e-06 9.78316e-06 -1.00183e-06 1.33177e-06 2.40587e-07 -9.36913e-06 -1.79762e-06 -4.14157e-06 1.87738e-06 -4.1482e-07 -6.43563e-07 4.50612e-06 -1.46724e-06 -5.11409e-07 
-1.58168e-06 -2.8609e-06 1.69866e-06 3.39756e-06 1.77768e-06 6.60337e-06 9.06683e-06 9.86382e-06 6.4425e-07 -5.43921e-06 -6.06692e-06 -4.11338e-06 -6.75418e-07 -6.6302e-06 -3.64534e-06 -3.96729e-06 3.01268e-06 5.45385e-06 5.27391e-07 -3.25709e-06 5.90994e-07 -1.13604e-05 -5.08309e-06 -1.20971e-05 1.37972e-07 -3.36036e-06 -1.59056e-06 -1.00742e-06 -1.9141e-06 -3.21239e-09 
-4.43626e-06 -8.35718e-06 2.61847e-06 8.86769e-06 3.73697e-06 1.74413e-05 9.86382e-06 3.87125e-05 -4.64199e-06 -5.74831e-06 -1.44753e-05 1.4746e-05 -5.38888e-06 -4.53005e-06 -6.33736e-06 4.01603e-06 4.88196e-06 1.63237e-05 -8.00296e-07 1.74319e-06 2.99131e-06 -1.76238e-05 -5.64832e-06 -9.17454e-06 3.73716e-06 -2.71827e-06 -3.99516e-07 7.26731e-06 -3.85343e-06 5.50833e-07 
3.1694e-06 4.9105e-06 1.43999e-06 -7.31822e-07 1.04039e-06 -1.31864e-06 6.4425e-07 -4.64199e-06 1.90373e-05 -4.43185e-06 1.23164e-05 -1.17684e-05 3.38605e-06 -4.26331e-06 7.42506e-06 -1.57707e-05 -5.40233e-06 -1.98525e-06 8.03422e-06 -6.83004e-06 4.19094e-06 -6.65375e-06 6.94848e-06 -1.84198e-05 3.1795e-07 -9.89455e-06 -1.83037e-06 -4.16277e-06 4.05715e-06 -8.61048e-07 
4.38114e-07 -5.57678e-06 -2.62209e-06 -7.56662e-06 4.31817e-07 -5.03859e-06 -5.43921e-06 -5.74831e-06 -4.43185e-06 2.46525e-05 1.14835e-07 2.26435e-05 -3.51799e-06 1.33923e-05 2.21103e-06 1.65042e-05 -3.14054e-06 -7.80993e-06 -2.58806e-06 1.00197e-05 -2.52708e-06 1.70124e-05 1.9369e-06 2.48399e-05 2.28891e-06 1.7396e-06 1.13547e-06 5.27482e-06 -1.62524e-06 5.85015e-07 
1.1366e-05 1.00052e-05 -6.17423e-07 -1.71999e-06 -4.1041e-07 -7.37527e-06 -6.06692e-06 -1.44753e-05 1.23164e-05 1.14835e-07 3.0233e-05 -1.19082e-05 1.12091e-05 1.12978e-06 1.60805e-05 -1.05544e-05 -3.25223e-06 -5.21332e-06 7.62703e-06 4.82206e-08 8.50268e-06 3.02497e-06 1.96536e-05 -1.78679e-06 8.15843e-07 -2.40252e-06 6.60088e-06 -8.32774e-06 6.61517e-06 2.17854e-06 
-2.06893e-06 -1.41093e-05 -4.11281e-06 -1.00789e-05 -1.39652e-06 6.04516e-06 -4.11338e-06 1.4746e-05 -1.17684e-05 2.26435e-05 -1.19082e-05 7.00695e-05 -8.51295e-06 2.83259e-05 -1.76457e-06 4.07098e-05 -3.50995e-07 1.41649e-06 -7.11731e-06 2.67894e-05 9.93192e-07 1.7064e-05 1.77848e-06 4.72381e-05 1.10851e-05 1.90676e-05 1.7969e-06 2.01268e-05 -4.0122e-06 4.92193e-06 
5.01773e-06 2.38721e-06 9.05393e-07 -1.96953e-06 -9.15428e-08 -2.10483e-06 -6.75418e-07 -5.38888e-06 3.38605e-06 -3.51799e-06 1.12091e-05 -8.51295e-06 1.75238e-05 9.13051e-07 6.86986e-06 -1.43453e-06 5.96922e-06 4.09972e-06 1.84308e-06 3.70903e-07 6.44044e-06 3.53616e-06 1.05698e-05 1.14429e-06 8.11787e-06 -3.04329e-07 7.77953e-06 -3.07348e-06 4.30403e-06 8.39489e-07 
3.62151e-06 -6.11048e-06 -2.73136e-06 -8.91294e-06 -3.84978e-07 -6.00522e-06 -6.6302e-06 -4.53005e-06 -4.26331e-06 1.33923e-05 1.12978e-06 2.83259e-05 9.13051e-07 2.77071e-05 4.37783e-06 1.72465e-05 -1.64267e-06 -2.31367e-07 -1.93399e-06 1.67452e-05 2.10611e-06 1.74969e-05 5.48911e-06 2.99772e-05 3.81842e-06 1.19835e-05 2.43106e-06 1.01737e-05 2.18499e-06 4.72287e-06 
