DESCRIPTOR_NAME Steinhardt
FILTER_TYPE element
NUMBER_OF_DIMENSION 30
CUTOFF_RADIUS 5.000000
STEINHARDT_STYLE Multi
AVE_STYLE Multi
STEINHARDT_MODE Full
FILTER_VALUE H
NUMBER_OF_CLUSTER 7
WEIGHT 0.031816
ESPERANCE 0.0155901 0.0156794 0.00761189 0.0167412 0.00930986 0.0508328 0.0196762 0.142333 0.0434331 0.140634 0.060559 0.238128 0.0546753 0.139291 0.0457642 0.164969 0.0389472 0.0564653 0.0253665 0.145568 0.0415325 0.117552 0.0434467 0.232546 0.0440224 0.1181 0.0355949 0.113589 0.0304187 0.079666
COVARIANCE_MATRIX
4.17067e-05 -3.57296e-06 8.07859e-07 7.73973e-07 -1.48038e-06 -8.48417e-06 -1.38896e-06 -7.28043e-06 1.06961e-05 9.67297e-06 1.55926e-05 9.24822e-06 1.09993e-05 1.7093e-05 9.80117e-06 3.97328e-06 -3.63598e-06 -7.80212e-06 3.498e-06 1.08077e-06 1.09396e-05 7.42862e-06 1.56684e-05 1.88517e-05 1.93889e-06 1.25664e-05 7.00992e-06 1.35945e-05 4.38458e-06 9.74344e-06 
-3.57296e-06 2.02043e-05 8.93204e-07 2.21383e-06 6.10656e-07 4.41367e-06 1.17721e-06 8.40932e-06 -2.167e-06 -4.2772e-06 -5.50169e-06 3.67792e-06 -2.99723e-06 -2.43107e-06 -4.00494e-06 1.77276e-06 1.51776e-06 8.91557e-06 -5.28182e-07 3.15301e-06 -3.36986e-06 -4.11072e-06 -3.17176e-06 4.81345e-06 -3.27026e-07 2.9144e-06 -2.51495e-06 9.73192e-07 -5.75082e-07 6.04164e-06 
8.07859e-07 8.93204e-07 5.3699e-06 1.5719e-06 7.75546e-07 3.09809e-06 5.99514e-07 3.23587e-06 1.07666e-06 1.14286e-06 3.27027e-06 2.53488e-06 1.98482e-06 -6.29813e-07 2.21587e-06 3.5172e-06 5.59409e-07 8.92384e-07 1.78504e-06 3.64697e-06 2.2193e-06 4.42565e-07 2.10076e-06 2.54141e-06 1.72876e-06 2.1769e-06 1.90999e-06 -5.38407e-07 1.62602e-06 1.72058e-06 
7.73973e-07 2.21383e-06 1.5719e-06 8.79436e-06 1.24981e-06 3.18034e-06 1.6758e-06 5.55227e-06 1.8311e-06 -2.85189e-06 -1.99373e-06 -4.64289e-07 -4.29532e-08 -3.33269e-06 -5.94868e-07 2.43625e-07 1.61846e-06 3.72033e-06 3.54593e-07 1.1979e-06 -8.4035e-07 -3.58102e-06 -1.6897e-06 1.37782e-06 1.72827e-06 2.36566e-07 3.97152e-08 -2.41207e-06 5.74977e-07 2.95596e-06 
-1.48038e-06 6.10656e-07 7.75546e-07 1.24981e-06 4.95368e-06 4.52529e-06 2.75235e-06 4.51791e-06 -2.38442e-07 6.15461e-06 3.70889e-06 8.79492e-06 2.4677e-06 5.78965e-07 1.61475e-06 9.00653e-06 2.27944e-06 3.55359e-06 1.86496e-06 6.28846e-06 9.67971e-07 2.41039e-06 3.89533e-07 5.00687e-06 1.14888e-06 2.88286e-06 2.67434e-06 1.93141e-06 1.56152e-06 2.88772e-06 
-8.48417e-06 4.41367e-06 3.09809e-06 3.18034e-06 4.52529e-06 3.12241e-05 6.11847e-06 3.62078e-05 -1.70598e-06 9.55285e-06 2.64048e-06 3.39358e-05 2.1734e-07 -8.0563e-06 -1.24003e-06 3.76109e-05 1.9559e-06 2.99551e-05 1.32457e-06 3.36117e-05 -2.60697e-06 5.97321e-07 -3.80485e-06 2.78915e-05 1.46963e-06 1.98679e-05 2.82673e-06 1.26613e-05 1.94805e-06 1.6639e-05 
-1.38896e-06 1.17721e-06 5.99514e-07 1.6758e-06 2.75235e-06 6.11847e-06 1.00043e-05 8.59576e-06 -3.91087e-07 3.91273e-06 5.92496e-06 5.05625e-06 3.93131e-06 -2.19848e-06 2.39184e-06 6.54072e-06 8.12772e-06 7.14617e-06 3.88053e-06 4.54866e-06 2.1112e-06 -5.59108e-07 7.01953e-07 4.91589e-06 2.21464e-06 2.97891e-06 5.39703e-06 1.80637e-06 1.69759e-06 3.49931e-06 
-7.28043e-06 8.40932e-06 3.23587e-06 5.55227e-06 4.51791e-06 3.62078e-05 8.59576e-06 6.56427e-05 3.5724e-06 -1.00344e-05 3.22819e-06 2.89475e-05 1.73722e-06 -1.90193e-05 9.17086e-07 3.28478e-05 6.65007e-06 5.24175e-05 2.88456e-06 3.56563e-05 -2.05117e-06 -1.63629e-05 -1.60001e-06 2.94247e-05 3.75887e-06 2.09162e-05 4.1707e-06 1.72215e-05 3.01624e-06 2.30711e-05 
1.06961e-05 -2.167e-06 1.07666e-06 1.8311e-06 -2.38442e-07 -1.70598e-06 -3.91087e-07 3.5724e-06 1.32322e-05 -1.1268e-05 1.16648e-05 -1.19968e-05 9.63615e-06 -5.6136e-06 9.78535e-06 -9.11137e-06 2.34258e-06 2.8255e-06 5.48597e-06 -3.00693e-06 8.55e-06 -8.81225e-06 9.24749e-06 -3.52993e-06 5.05312e-06 -2.55184e-06 4.5921e-06 -7.22376e-07 5.98409e-06 4.28329e-07 
9.67297e-06 -4.2772e-06 1.14286e-06 -2.85189e-06 6.15461e-06 9.55285e-06 3.91273e-06 -1.00344e-05 -1.1268e-05 8.56065e-05 1.70781e-05 9.59166e-05 4.77698e-06 4.51719e-05 1.43123e-06 8.04487e-05 -7.15811e-06 -1.21179e-05 2.21886e-06 4.40248e-05 5.79582e-06 5.77578e-05 5.82439e-06 5.863e-05 -2.82033e-06 3.88689e-05 1.09562e-05 3.29905e-05 1.841e-06 2.58348e-05 
1.55926e-05 -5.50169e-06 3.27027e-06 -1.99373e-06 3.70889e-06 2.64048e-06 5.92496e-06 3.22819e-06 1.16648e-05 1.70781e-05 5.45913e-05 1.18064e-05 3.08057e-05 4.6568e-06 3.35188e-05 1.79776e-05 6.33371e-06 -4.03634e-06 2.23901e-05 1.33769e-05 2.84825e-05 7.05226e-06 3.34483e-05 1.16708e-05 7.74293e-06 9.54047e-06 2.49039e-05 7.03473e-06 1.38435e-05 5.1948e-06 
9.24822e-06 3.67792e-06 2.53488e-06 -4.64289e-07 8.79492e-06 3.39358e-05 5.05625e-06 2.89475e-05 -1.19968e-05 9.59166e-05 1.18064e-05 0.000166642 -2.74568e-07 5.48255e-05 -7.21629e-06 0.000134128 -1.00265e-05 1.93752e-05 -3.52441e-06 8.98777e-05 -2.71542e-06 6.75631e-05 -1.88157e-08 0.000112332 -3.21435e-06 7.36938e-05 1.21541e-05 5.87152e-05 2.12813e-06 5.41286e-05 
1.09993e-05 -2.99723e-06 1.98482e-06 -4.29532e-08 2.4677e-06 2.1734e-07 3.93131e-06 1.73722e-06 9.63615e-06 4.77698e-06 3.08057e-05 -2.74568e-07 2.34654e-05 3.18662e-07 2.07954e-05 4.18102e-06 5.82217e-06 -2.85599e-06 1.21945e-05 3.98397e-06 1.83857e-05 -7.54452e-07 2.07471e-05 1.40991e-06 7.30764e-06 8.35269e-07 1.56701e-05 1.47612e-06 1.01083e-05 6.54574e-07 
1.7093e-05 -2.43107e-06 -6.29813e-07 -3.33269e-06 5.78965e-07 -8.0563e-06 -2.19848e-06 -1.90193e-05 -5.6136e-06 4.51719e-05 4.6568e-06 5.48255e-05 3.18662e-07 4.65242e-05 -3.33872e-06 3.76374e-05 -7.48939e-06 -1.71783e-05 -2.61833e-06 1.82262e-05 7.46686e-07 3.90502e-05 4.85258e-06 4.16618e-05 -2.36868e-06 2.79828e-05 4.09139e-06 2.90572e-05 -1.20819e-06 1.59952e-05 
9.80117e-06 -4.00494e-06 2.21587e-06 -5.94868e-07 1.61475e-06 -1.24003e-06 2.39184e-06 9.17086e-07 9.78535e-06 1.43123e-06 3.35188e-05 -7.21629e-06 2.07954e-05 -3.33872e-06 2.66057e-05 -7.07121e-07 3.87566e-06 -3.24606e-06 1.537e-05 2.36768e-06 1.96583e-05 -2.68647e-06 2.31742e-05 -1.70929e-06 5.1371e-06 -3.26096e-08 1.51739e-05 -5.57491e-07 9.56871e-06 -5.31405e-07 
3.97328e-06 1.77276e-06 3.5172e-06 2.43625e-07 9.00653e-06 3.76109e-05 6.54072e-06 3.28478e-05 -9.11137e-06 8.04487e-05 1.79776e-05 0.000134128 4.18102e-06 3.76374e-05 -7.07121e-07 0.000120387 -7.66168e-06 2.32632e-05 2.14629e-06 8.0193e-05 1.80867e-06 5.13893e-05 2.92912e-06 9.49614e-05 -1.58566e-06 6.39175e-05 1.32778e-05 4.91254e-05 4.23159e-06 4.60502e-05 
-3.63598e-06 1.51776e-06 5.59409e-07 1.61846e-06 2.27944e-06 1.9559e-06 8.12772e-06 6.65007e-06 2.34258e-06 -7.15811e-06 6.33371e-06 -1.00265e-05 5.82217e-06 -7.48939e-06 3.87566e-06 -7.66168e-06 1.34194e-05 6.03491e-06 4.7147e-06 -3.681e-06 3.30733e-06 -7.46577e-06 2.01007e-06 -6.3215e-06 4.91727e-06 -4.91752e-06 5.27175e-06 -2.44809e-06 3.1667e-06 -1.5076e-06 
-7.80212e-06 8.91557e-06 8.92384e-07 3.72033e-06 3.55359e-06 2.99551e-05 7.14617e-06 5.24175e-05 2.8255e-06 -1.21179e-05 -4.03634e-06 1.93752e-05 -2.85599e-06 -1.71783e-05 -3.24606e-06 2.32632e-05 6.03491e-06 5.90176e-05 1.23219e-06 3.04299e-05 -5.20897e-06 -1.92637e-05 -5.76045e-06 2.754e-05 1.82855e-06 2.52099e-05 -1.36917e-06 1.56684e-05 1.27385e-06 2.78638e-05 
3.498e-06 -5.28182e-07 1.78504e-06 3.54593e-07 1.86496e-06 1.32457e-06 3.88053e-06 2.88456e-06 5.48597e-06 2.21886e-06 2.23901e-05 -3.52441e-06 1.21945e-05 -2.61833e-06 1.537e-05 2.14629e-06 4.7147e-06 1.23219e-06 1.47595e-05 2.50479e-06 1.31466e-05 -2.33683e-06 1.47271e-05 -6.52003e-07 3.44446e-06 2.19313e-06 1.02066e-05 3.63134e-07 6.223e-06 1.79878e-06 
1.08077e-06 3.15301e-06 3.64697e-06 1.1979e-06 6.28846e-06 3.36117e-05 4.54866e-06 3.56563e-05 -3.00693e-06 4.40248e-05 1.33769e-05 8.98777e-05 3.98397e-06 1.82262e-05 2.36768e-06 8.0193e-05 -3.681e-06 3.04299e-05 2.50479e-06 6.79524e-05 6.89633e-07 2.77479e-05 2.93354e-06 7.26192e-05 8.37098e-07 5.11247e-05 8.95715e-06 3.46537e-05 4.63068e-06 3.7272e-05 
1.09396e-05 -3.36986e-06 2.2193e-06 -8.4035e-07 9.67971e-07 -2.60697e-06 2.1112e-06 -2.05117e-06 8.55e-06 5.79582e-06 2.84825e-05 -2.71542e-06 1.83857e-05 7.46686e-07 1.96583e-05 1.80867e-06 3.30733e-06 -5.20897e-06 1.31466e-05 6.89633e-07 2.12287e-05 -1.5629e-06 2.09415e-05 -1.40555e-06 6.07977e-06 9.35403e-07 1.36856e-05 4.17697e-07 8.88575e-06 1.08596e-06 
7.42862e-06 -4.11072e-06 4.42565e-07 -3.58102e-06 2.41039e-06 5.97321e-07 -5.59108e-07 -1.63629e-05 -8.81225e-06 5.77578e-05 7.05226e-06 6.75631e-05 -7.54452e-07 3.90502e-05 -2.68647e-06 5.13893e-05 -7.46577e-06 -1.92637e-05 -2.33683e-06 2.77479e-05 -1.5629e-06 5.79498e-05 1.30925e-06 3.95353e-05 -4.37785e-06 2.1677e-05 5.19025e-06 2.60617e-05 -8.81869e-07 1.01035e-05 
1.56684e-05 -3.17176e-06 2.10076e-06 -1.6897e-06 3.89533e-07 -3.80485e-06 7.01953e-07 -1.60001e-06 9.24749e-06 5.82439e-06 3.34483e-05 -1.88157e-08 2.07471e-05 4.85258e-06 2.31742e-05 2.92912e-06 2.01007e-06 -5.76045e-06 1.47271e-05 2.93354e-06 2.09415e-05 1.30925e-06 2.87063e-05 3.06488e-06 5.52294e-06 4.0629e-06 1.56634e-05 5.43273e-06 9.28904e-06 1.43819e-06 
1.88517e-05 4.81345e-06 2.54141e-06 1.37782e-06 5.00687e-06 2.78915e-05 4.91589e-06 2.94247e-05 -3.52993e-06 5.863e-05 1.16708e-05 0.000112332 1.40991e-06 4.16618e-05 -1.70929e-06 9.49614e-05 -6.3215e-06 2.754e-05 -6.52003e-07 7.26192e-05 -1.40555e-06 3.95353e-05 3.06488e-06 0.000109547 -1.08416e-06 7.26755e-05 8.83713e-06 5.55818e-05 2.02499e-06 5.37766e-05 
1.93889e-06 -3.27026e-07 1.72876e-06 1.72827e-06 1.14888e-06 1.46963e-06 2.21464e-06 3.75887e-06 5.05312e-06 -2.82033e-06 7.74293e-06 -3.21435e-06 7.30764e-06 -2.36868e-06 5.1371e-06 -1.58566e-06 4.91727e-06 1.82855e-06 3.44446e-06 8.37098e-07 6.07977e-06 -4.37785e-06 5.52294e-06 -1.08416e-06 9.30807e-06 -1.46696e-06 5.11637e-06 -1.65361e-07 4.91791e-06 1.14223e-06 
1.25664e-05 2.9144e-06 2.1769e-06 2.36566e-07 2.88286e-06 1.98679e-05 2.97891e-06 2.09162e-05 -2.55184e-06 3.88689e-05 9.54047e-06 7.36938e-05 8.35269e-07 2.79828e-05 -3.26096e-08 6.39175e-05 -4.91752e-06 2.52099e-05 2.19313e-06 5.11247e-05 9.35403e-07 2.1677e-05 4.0629e-06 7.26755e-05 -1.46696e-06 6.08364e-05 4.8092e-06 3.63597e-05 1.75445e-06 4.25619e-05 
7.00992e-06 -2.51495e-06 1.90999e-06 3.97152e-08 2.67434e-06 2.82673e-06 5.39703e-06 4.1707e-06 4.5921e-06 1.09562e-05 2.49039e-05 1.21541e-05 1.56701e-05 4.09139e-06 1.51739e-05 1.32778e-05 5.27175e-06 -1.36917e-06 1.02066e-05 8.95715e-06 1.36856e-05 5.19025e-06 1.56634e-05 8.83713e-06 5.11637e-06 4.8092e-06 1.64301e-05 4.85123e-06 6.88578e-06 3.2226e-06 
1.35945e-05 9.73192e-07 -5.38407e-07 -2.41207e-06 1.93141e-06 1.26613e-05 1.80637e-06 1.72215e-05 -7.22376e-07 3.29905e-05 7.03473e-06 5.87152e-05 1.47612e-06 2.90572e-05 -5.57491e-07 4.91254e-05 -2.44809e-06 1.56684e-05 3.63134e-07 3.46537e-05 4.17697e-07 2.60617e-05 5.43273e-06 5.55818e-05 -1.65361e-07 3.63597e-05 4.85123e-06 4.88768e-05 9.05299e-07 2.60215e-05 
4.38458e-06 -5.75082e-07 1.62602e-06 5.74977e-07 1.56152e-06 1.94805e-06 1.69759e-06 3.01624e-06 5.98409e-06 1.841e-06 1.38435e-05 2.12813e-06 1.01083e-05 -1.20819e-06 9.56871e-06 4.23159e-06 3.1667e-06 1.27385e-06 6.223e-06 4.63068e-06 8.88575e-06 -8.81869e-07 9.28904e-06 2.02499e-06 4.91791e-06 1.75445e-06 6.88578e-06 9.05299e-07 8.23315e-06 1.93875e-06 
9.74344e-06 6.04164e-06 1.72058e-06 2.95596e-06 2.88772e-06 1.6639e-05 3.49931e-06 2.30711e-05 4.28329e-07 2.58348e-05 5.1948e-06 5.41286e-05 6.54574e-07 1.59952e-05 -5.31405e-07 4.60502e-05 -1.5076e-06 2.78638e-05 1.79878e-06 3.7272e-05 1.08596e-06 1.01035e-05 1.43819e-06 5.37766e-05 1.14223e-06 4.25619e-05 3.2226e-06 2.60215e-05 1.93875e-06 4.13427e-05 
WEIGHT 0.0248685
ESPERANCE 0.0115708 0.0174365 0.00982106 0.021762 0.0100887 0.040444 0.0196221 0.147456 0.0395506 0.108592 0.0341427 0.19413 0.041476 0.107902 0.0309883 0.130792 0.0320707 0.0665522 0.0296334 0.127405 0.034393 0.0932363 0.0337902 0.185828 0.0359029 0.0915033 0.024637 0.0936012 0.0255705 0.0638063
COVARIANCE_MATRIX
2.1812e-05 -3.72171e-06 -4.72692e-07 -4.59402e-06 2.51648e-06 -2.52151e-07 3.21058e-07 8.55431e-07 6.91081e-06 -5.66643e-06 2.92668e-06 -8.79983e-06 3.78566e-06 -1.69311e-06 5.77888e-07 -5.24302e-06 3.19858e-06 3.6649e-06 4.46075e-06 -5.14757e-06 7.09025e-06 -1.63121e-06 4.73171e-06 -7.32482e-07 6.16764e-06 -2.59172e-08 2.75167e-06 2.85481e-06 1.44599e-06 -1.39416e-06 
-3.72171e-06 2.03661e-05 1.39369e-06 2.62962e-06 -1.74982e-06 5.77615e-06 -8.80862e-08 -3.08623e-07 -6.30942e-06 4.26569e-06 -3.7877e-06 4.88215e-06 -3.46912e-06 5.12753e-07 -2.88326e-06 5.93889e-06 -4.89449e-06 9.98157e-07 -1.00307e-06 4.28834e-06 -6.6746e-06 -1.60914e-06 -6.54677e-06 2.39437e-06 -5.87149e-06 1.70533e-06 -2.16421e-06 1.13321e-07 -1.14731e-06 4.22741e-06 
-4.72692e-07 1.39369e-06 1.10788e-05 -1.78758e-06 -4.48702e-07 -4.9837e-07 -8.9705e-07 -3.0218e-06 -1.91536e-06 3.45233e-06 3.8276e-06 -1.27528e-06 8.51454e-07 2.15199e-07 2.71586e-06 8.93088e-08 -9.20218e-07 -4.03499e-06 -6.68063e-07 -2.44029e-06 -1.14946e-06 -1.29193e-06 -1.46985e-06 -9.95428e-08 -1.96203e-06 1.18318e-07 -1.0821e-06 -2.41151e-06 -4.65373e-07 1.33445e-06 
-4.59402e-06 2.62962e-06 -1.78758e-06 1.85316e-05 -1.33515e-06 -8.82218e-07 -4.008e-07 1.03913e-05 -3.62611e-06 2.25746e-06 -8.74821e-06 8.96846e-06 -4.02292e-06 -1.77709e-06 -1.94961e-06 4.96808e-06 9.43852e-07 5.05894e-06 -1.22863e-06 2.87552e-06 -2.30138e-06 -1.93182e-06 -3.37985e-06 4.14967e-06 -4.88517e-07 2.59491e-06 -3.98239e-08 1.82017e-06 -1.83858e-06 2.57459e-06 
2.51648e-06 -1.74982e-06 -4.48702e-07 -1.33515e-06 4.42029e-06 1.37548e-06 2.11595e-06 1.94248e-06 2.0633e-06 6.22396e-07 1.11404e-06 4.85194e-07 1.69097e-07 1.66833e-06 1.15399e-06 1.06044e-06 1.47427e-06 2.31039e-06 4.31266e-07 3.05105e-06 8.7393e-07 1.55195e-06 1.50071e-06 2.02755e-06 1.03834e-06 1.65519e-06 1.22438e-06 2.90549e-06 9.40662e-07 8.28193e-07 
-2.52151e-07 5.77615e-06 -4.9837e-07 -8.82218e-07 1.37548e-06 1.55737e-05 2.34315e-06 6.06934e-06 1.20176e-06 -9.15732e-07 -1.35316e-06 -4.05044e-07 -9.41257e-07 -3.1847e-06 -6.84057e-07 2.20722e-06 8.23827e-07 6.65786e-06 6.16453e-07 7.41284e-06 -1.20332e-06 2.15742e-07 -1.98793e-06 1.18914e-06 -1.40316e-06 2.02008e-06 1.09026e-06 8.14474e-07 1.20741e-06 2.27632e-06 
3.21058e-07 -8.80862e-08 -8.9705e-07 -4.008e-07 2.11595e-06 2.34315e-06 7.87766e-06 4.95537e-06 -1.20179e-06 4.58298e-06 -1.46565e-06 7.13533e-06 -3.30942e-06 -6.53548e-07 3.25316e-07 5.01063e-06 -8.15939e-08 4.29207e-06 9.54218e-07 4.26704e-06 -2.10065e-06 4.3722e-06 -1.47225e-06 -4.89017e-07 -3.26329e-06 2.43134e-06 1.51688e-06 1.94225e-06 4.59721e-07 3.12148e-06 
8.55431e-07 -3.08623e-07 -3.0218e-06 1.03913e-05 1.94248e-06 6.06934e-06 4.95537e-06 3.63905e-05 8.11692e-07 -2.75119e-06 -8.21398e-06 1.34571e-05 -4.77875e-06 -1.31059e-06 1.74328e-08 6.71853e-06 9.93126e-06 1.89311e-05 4.20812e-06 9.37796e-06 -2.3922e-06 2.43123e-06 -3.83326e-07 1.03613e-05 5.13591e-06 8.72841e-06 1.32571e-06 9.2597e-06 1.5526e-06 7.17193e-06 
6.91081e-06 -6.30942e-06 -1.91536e-06 -3.62611e-06 2.0633e-06 1.20176e-06 -1.20179e-06 8.11692e-07 1.47602e-05 -1.47988e-05 8.04104e-06 -1.3748e-05 5.31184e-06 -4.67816e-07 1.20453e-06 -8.77748e-06 8.37201e-06 -1.94393e-07 4.32016e-06 -3.92519e-06 1.02517e-05 -6.01535e-06 8.06344e-06 3.934e-06 1.40093e-05 2.39424e-06 2.0564e-06 4.40923e-06 3.75412e-06 -5.78787e-06 
-5.66643e-06 4.26569e-06 3.45233e-06 2.25746e-06 6.22396e-07 -9.15732e-07 4.58298e-06 -2.75119e-06 -1.47988e-05 3.87131e-05 -5.34855e-06 2.12576e-05 -7.64208e-06 8.22756e-06 1.61862e-06 1.34304e-05 -1.03841e-05 2.30832e-06 -5.90629e-06 1.50564e-05 -1.31894e-05 1.75646e-05 -1.01083e-05 -9.79396e-07 -1.7625e-05 6.03776e-07 -2.79732e-06 2.49107e-06 -3.18351e-06 2.06241e-05 
2.92668e-06 -3.7877e-06 3.8276e-06 -8.74821e-06 1.11404e-06 -1.35316e-06 -1.46565e-06 -8.21398e-06 8.04104e-06 -5.34855e-06 2.28079e-05 -1.16678e-05 4.70634e-06 2.9785e-06 5.24069e-06 -6.38877e-06 1.21681e-06 -9.60351e-06 3.78936e-06 -1.90913e-06 3.1593e-06 -4.04914e-06 3.21658e-06 1.42181e-06 7.33131e-06 1.13918e-06 -1.6859e-06 3.20936e-06 2.18258e-06 -2.95817e-06 
-8.79983e-06 4.88215e-06 -1.27528e-06 8.96846e-06 4.85194e-07 -4.05044e-07 7.13533e-06 1.34571e-05 -1.3748e-05 2.12576e-05 -1.16678e-05 4.64999e-05 -1.34526e-05 9.18407e-06 -3.99243e-06 2.64189e-05 -7.03326e-06 1.19664e-05 -4.1162e-06 2.61829e-05 -1.46732e-05 1.45714e-05 -1.17115e-05 1.4981e-05 -1.3624e-05 1.23193e-05 -3.1547e-06 1.34155e-05 -4.98325e-06 1.2944e-05 
3.78566e-06 -3.46912e-06 8.51454e-07 -4.02292e-06 1.69097e-07 -9.41257e-07 -3.30942e-06 -4.77875e-06 5.31184e-06 -7.64208e-06 4.70634e-06 -1.34526e-05 1.3556e-05 -8.35677e-07 4.39831e-06 -8.35614e-06 4.60526e-06 -3.49447e-06 2.89264e-06 -5.3896e-06 8.01166e-06 -1.61561e-06 5.5847e-06 2.36895e-07 8.12392e-06 -4.0314e-06 4.81017e-07 -1.92208e-07 2.63135e-06 -5.65366e-06 
-1.69311e-06 5.12753e-07 2.15199e-07 -1.77709e-06 1.66833e-06 -3.1847e-06 -6.53548e-07 -1.31059e-06 -4.67816e-07 8.22756e-06 2.9785e-06 9.18407e-06 -8.35677e-07 1.80488e-05 -4.22855e-07 4.93124e-06 1.3841e-06 1.84496e-06 -5.75975e-07 1.33211e-05 -2.33432e-06 4.86008e-06 2.61574e-08 1.31757e-05 2.77554e-06 8.52937e-06 -2.3324e-06 1.28431e-05 3.5281e-07 4.97921e-06 
5.77888e-07 -2.88326e-06 2.71586e-06 -1.94961e-06 1.15399e-06 -6.84057e-07 3.25316e-07 1.74328e-08 1.20453e-06 1.61862e-06 5.24069e-06 -3.99243e-06 4.39831e-06 -4.22855e-07 8.00349e-06 -2.35245e-06 1.11509e-06 -5.21918e-07 1.2317e-06 -2.4597e-06 1.18141e-06 2.2243e-06 1.64402e-06 -4.26694e-07 7.1135e-07 -3.616e-06 4.36324e-08 3.58344e-07 1.40552e-06 1.96593e-06 
-5.24302e-06 5.93889e-06 8.93088e-08 4.96808e-06 1.06044e-06 2.20722e-06 5.01063e-06 6.71853e-06 -8.77748e-06 1.34304e-05 -6.38877e-06 2.64189e-05 -8.35614e-06 4.93124e-06 -2.35245e-06 2.18541e-05 -5.86493e-06 4.94811e-06 -3.06955e-06 1.89463e-05 -9.4475e-06 8.86836e-06 -8.32431e-06 1.08788e-05 -1.14922e-05 7.34553e-06 -1.92217e-06 9.64791e-06 -3.26579e-06 7.82654e-06 
3.19858e-06 -4.89449e-06 -9.20218e-07 9.43852e-07 1.47427e-06 8.23827e-07 -8.15939e-08 9.93126e-06 8.37201e-06 -1.03841e-05 1.21681e-06 -7.03326e-06 4.60526e-06 1.3841e-06 1.11509e-06 -5.86493e-06 1.6325e-05 4.6325e-06 3.39834e-06 1.19652e-06 9.08489e-06 -3.22489e-06 6.51537e-06 1.1377e-05 1.64755e-05 3.46951e-06 2.23176e-06 8.48842e-06 3.41684e-06 -5.00834e-07 
3.6649e-06 9.98157e-07 -4.03499e-06 5.05894e-06 2.31039e-06 6.65786e-06 4.29207e-06 1.89311e-05 -1.94393e-07 2.30832e-06 -9.60351e-06 1.19664e-05 -3.49447e-06 1.84496e-06 -5.21918e-07 4.94811e-06 4.6325e-06 2.94922e-05 2.60543e-06 1.02042e-05 -2.39839e-06 8.63708e-06 8.37933e-07 1.16546e-05 2.13117e-06 4.69199e-06 3.37746e-06 1.07843e-05 1.47016e-06 1.3285e-05 
4.46075e-06 -1.00307e-06 -6.68063e-07 -1.22863e-06 4.31266e-07 6.16453e-07 9.54218e-07 4.20812e-06 4.32016e-06 -5.90629e-06 3.78936e-06 -4.1162e-06 2.89264e-06 -5.75975e-07 1.2317e-06 -3.06955e-06 3.39834e-06 2.60543e-06 7.41741e-06 -2.07445e-06 3.79931e-06 -1.72544e-06 2.78813e-06 2.12681e-06 5.51026e-06 3.82422e-06 5.77255e-07 2.62758e-06 1.64362e-06 -1.3534e-06 
-5.14757e-06 4.28834e-06 -2.44029e-06 2.87552e-06 3.05105e-06 7.41284e-06 4.26704e-06 9.37796e-06 -3.92519e-06 1.50564e-05 -1.90913e-06 2.61829e-05 -5.3896e-06 1.33211e-05 -2.4597e-06 1.89463e-05 1.19652e-06 1.02042e-05 -2.07445e-06 4.4179e-05 -6.94306e-06 1.55495e-05 -1.74283e-06 2.71294e-05 -1.04633e-06 1.34916e-05 -2.93175e-06 2.38024e-05 -6.63355e-07 1.35595e-05 
7.09025e-06 -6.6746e-06 -1.14946e-06 -2.30138e-06 8.7393e-07 -1.20332e-06 -2.10065e-06 -2.3922e-06 1.02517e-05 -1.31894e-05 3.1593e-06 -1.46732e-05 8.01166e-06 -2.33432e-06 1.18141e-06 -9.4475e-06 9.08489e-06 -2.39839e-06 3.79931e-06 -6.94306e-06 1.63042e-05 -7.34487e-06 8.37752e-06 3.73363e-06 1.41266e-05 -5.03782e-07 3.33527e-06 3.47333e-06 3.0728e-06 -6.59771e-06 
-1.63121e-06 -1.60914e-06 -1.29193e-06 -1.93182e-06 1.55195e-06 2.15742e-07 4.3722e-06 2.43123e-06 -6.01535e-06 1.75646e-05 -4.04914e-06 1.45714e-05 -1.61561e-06 4.86008e-06 2.2243e-06 8.86836e-06 -3.22489e-06 8.63708e-06 -1.72544e-06 1.55495e-05 -7.34487e-06 2.61782e-05 -1.05653e-06 2.49274e-06 -8.50641e-06 -5.63036e-06 -2.11384e-07 3.70706e-06 -2.8769e-07 8.77778e-06 
4.73171e-06 -6.54677e-06 -1.46985e-06 -3.37985e-06 1.50071e-06 -1.98793e-06 -1.47225e-06 -3.83326e-07 8.06344e-06 -1.01083e-05 3.21658e-06 -1.17115e-05 5.5847e-06 2.61574e-08 1.64402e-06 -8.32431e-06 6.51537e-06 8.37933e-07 2.78813e-06 -1.74283e-06 8.37752e-06 -1.05653e-06 1.3242e-05 2.42354e-06 9.73649e-06 -1.13804e-06 2.8329e-06 -1.50959e-07 2.98462e-06 -5.07399e-06 
-7.32482e-07 2.39437e-06 -9.95428e-08 4.14967e-06 2.02755e-06 1.18914e-06 -4.89017e-07 1.03613e-05 3.934e-06 -9.79396e-07 1.42181e-06 1.4981e-05 2.36895e-07 1.31757e-05 -4.26694e-07 1.08788e-05 1.1377e-05 1.16546e-05 2.12681e-06 2.71294e-05 3.73363e-06 2.49274e-06 2.42354e-06 4.59345e-05 1.40853e-05 1.95059e-05 -3.1216e-06 3.14111e-05 8.74896e-07 1.21071e-05 
6.16764e-06 -5.87149e-06 -1.96203e-06 -4.88517e-07 1.03834e-06 -1.40316e-06 -3.26329e-06 5.13591e-06 1.40093e-05 -1.7625e-05 7.33131e-06 -1.3624e-05 8.12392e-06 2.77554e-06 7.1135e-07 -1.14922e-05 1.64755e-05 2.13117e-06 5.51026e-06 -1.04633e-06 1.41266e-05 -8.50641e-06 9.73649e-06 1.40853e-05 3.10603e-05 7.37937e-06 2.25808e-06 1.19027e-05 5.50132e-06 -2.4589e-06 
-2.59172e-08 1.70533e-06 1.18318e-07 2.59491e-06 1.65519e-06 2.02008e-06 2.43134e-06 8.72841e-06 2.39424e-06 6.03776e-07 1.13918e-06 1.23193e-05 -4.0314e-06 8.52937e-06 -3.616e-06 7.34553e-06 3.46951e-06 4.69199e-06 3.82422e-06 1.34916e-05 -5.03782e-07 -5.63036e-06 -1.13804e-06 1.95059e-05 7.37937e-06 3.13942e-05 -1.61278e-06 1.42701e-05 3.49476e-07 1.31584e-05 
2.75167e-06 -2.16421e-06 -1.0821e-06 -3.98239e-08 1.22438e-06 1.09026e-06 1.51688e-06 1.32571e-06 2.0564e-06 -2.79732e-06 -1.6859e-06 -3.1547e-06 4.81017e-07 -2.3324e-06 4.36324e-08 -1.92217e-06 2.23176e-06 3.37746e-06 5.77255e-07 -2.93175e-06 3.33527e-06 -2.11384e-07 2.8329e-06 -3.1216e-06 2.25808e-06 -1.61278e-06 6.07693e-06 -1.92318e-06 1.29604e-06 -3.50402e-07 
2.85481e-06 1.13321e-07 -2.41151e-06 1.82017e-06 2.90549e-06 8.14474e-07 1.94225e-06 9.2597e-06 4.40923e-06 2.49107e-06 3.20936e-06 1.34155e-05 -1.92208e-07 1.28431e-05 3.58344e-07 9.64791e-06 8.48842e-06 1.07843e-05 2.62758e-06 2.38024e-05 3.47333e-06 3.70706e-06 -1.50959e-07 3.14111e-05 1.19027e-05 1.42701e-05 -1.92318e-06 3.65364e-05 1.9274e-06 1.48195e-05 
1.44599e-06 -1.14731e-06 -4.65373e-07 -1.83858e-06 9.40662e-07 1.20741e-06 4.59721e-07 1.5526e-06 3.75412e-06 -3.18351e-06 2.18258e-06 -4.98325e-06 2.63135e-06 3.5281e-07 1.40552e-06 -3.26579e-06 3.41684e-06 1.47016e-06 1.64362e-06 -6.63355e-07 3.0728e-06 -2.8769e-07 2.98462e-06 8.74896e-07 5.50132e-06 3.49476e-07 1.29604e-06 1.9274e-06 4.75399e-06 7.49684e-07 
-1.39416e-06 4.22741e-06 1.33445e-06 2.57459e-06 8.28193e-07 2.27632e-06 3.12148e-06 7.17193e-06 -5.78787e-06 2.06241e-05 -2.95817e-06 1.2944e-05 -5.65366e-06 4.97921e-06 1.96593e-06 7.82654e-06 -5.00834e-07 1.3285e-05 -1.3534e-06 1.35595e-05 -6.59771e-06 8.77778e-06 -5.07399e-06 1.21071e-05 -2.4589e-06 1.31584e-05 -3.50402e-07 1.48195e-05 7.49684e-07 3.82816e-05 
WEIGHT 0.022953
ESPERANCE 0.0140686 0.0284713 0.00785728 0.0227654 0.00720437 0.0615908 0.0175167 0.154651 0.0275073 0.148863 0.0419949 0.250858 0.0488453 0.128975 0.0334149 0.161518 0.0365988 0.0782346 0.022024 0.125747 0.0374039 0.10068 0.0383082 0.183007 0.0417476 0.0913731 0.0342086 0.0956379 0.0246476 0.0859143
COVARIANCE_MATRIX
4.48481e-05 -1.90006e-05 -4.8296e-07 4.03638e-06 -2.40457e-08 -2.79897e-06 -9.40268e-07 2.13846e-06 -1.0101e-05 2.05212e-05 8.56942e-06 1.10629e-05 7.50866e-06 2.19549e-05 4.96355e-06 -1.44464e-06 -3.59577e-06 -6.38047e-06 8.39107e-07 -5.41722e-06 1.29388e-06 5.78981e-06 9.19985e-06 -1.31938e-05 5.73449e-06 -7.5045e-06 -1.25158e-06 -3.98182e-06 2.43231e-06 1.98858e-07 
-1.90006e-05 3.80258e-05 9.37689e-07 -1.15993e-05 -8.15733e-08 1.01636e-05 -3.20445e-06 -3.81695e-06 -1.22993e-06 4.62298e-06 -8.84666e-06 5.94006e-06 -2.64317e-06 -3.16087e-06 -6.39841e-06 6.97921e-06 5.0841e-06 2.77428e-07 -2.56229e-06 -5.29524e-06 -4.66805e-06 -2.3728e-06 -4.50291e-06 9.71641e-06 -6.49607e-07 9.37295e-06 -2.73272e-06 5.06215e-06 -1.01716e-06 -1.01873e-07 
-4.8296e-07 9.37689e-07 5.84323e-06 -5.03934e-07 -3.65098e-07 -2.51041e-06 1.96313e-06 9.66451e-08 3.52962e-06 -9.39769e-06 1.91877e-06 -7.43768e-06 2.71197e-06 -7.51588e-06 7.3331e-07 -2.88858e-06 8.52314e-07 1.23808e-06 2.26755e-06 -5.87256e-07 1.39248e-06 -3.6695e-07 -7.13909e-07 -1.78949e-07 -1.25237e-06 -1.16267e-06 4.75045e-06 -2.67123e-06 -1.7361e-06 -2.33846e-07 
4.03638e-06 -1.15993e-05 -5.03934e-07 2.40314e-05 5.917e-07 -7.44876e-06 7.62269e-07 -3.94077e-06 3.06157e-06 -2.56906e-06 1.90401e-06 -6.79464e-06 3.5561e-07 7.64875e-07 1.96315e-06 5.68927e-07 -1.31071e-06 1.90711e-06 1.04939e-06 1.0678e-05 1.56579e-06 7.35075e-06 1.3963e-06 8.29814e-06 -2.80252e-07 3.75536e-07 2.69706e-06 6.47864e-06 -4.19909e-07 1.02374e-05 
-2.40457e-08 -8.15733e-08 -3.65098e-07 5.917e-07 3.34379e-06 4.33882e-08 6.37771e-07 9.92737e-07 1.23498e-06 -3.01979e-06 2.98086e-07 -2.69322e-06 3.1109e-07 -2.37517e-06 3.17848e-07 -1.14544e-06 -1.36412e-07 5.20001e-07 8.07097e-07 1.02535e-06 2.70542e-07 -1.79427e-07 4.70906e-07 -1.11791e-06 8.94188e-08 -7.12625e-07 -4.45181e-07 -1.77166e-06 1.02032e-06 -1.21534e-06 
-2.79897e-06 1.01636e-05 -2.51041e-06 -7.44876e-06 4.33882e-08 4.21507e-05 -4.13208e-06 3.04231e-05 -9.30488e-06 1.91254e-05 -6.78322e-06 2.90475e-05 2.69356e-06 6.67934e-06 -7.19826e-06 2.60982e-05 1.24947e-05 2.13053e-05 -6.88677e-06 -1.28811e-05 -3.13286e-06 -1.32307e-05 9.78287e-07 3.2742e-06 6.88043e-06 -2.12235e-06 -6.72904e-06 1.06811e-05 4.24415e-06 5.31974e-06 
-9.40268e-07 -3.20445e-06 1.96313e-06 7.62269e-07 6.37771e-07 -4.13208e-06 8.07179e-06 2.65765e-07 8.34077e-06 -1.73634e-05 5.42518e-06 -1.41009e-05 1.68341e-06 -1.16876e-05 3.4221e-06 -8.27129e-06 -1.69698e-06 1.53037e-07 4.11963e-06 1.6075e-06 2.98847e-06 -1.59317e-06 -2.90127e-07 -3.65219e-06 -3.30934e-06 -4.82022e-06 4.3818e-06 -5.86991e-06 -1.81838e-06 -4.8073e-06 
2.13846e-06 -3.81695e-06 9.66451e-08 -3.94077e-06 9.92737e-07 3.04231e-05 2.65765e-07 4.27495e-05 -2.67809e-06 -3.16541e-06 -2.23436e-06 1.3129e-05 5.0689e-06 -6.58242e-06 -2.43575e-06 1.86634e-05 9.09001e-06 2.97779e-05 -1.76138e-06 -4.5673e-06 1.88259e-06 -1.03906e-05 3.30284e-06 7.5243e-07 7.11206e-06 -5.91232e-06 -7.05472e-08 3.78518e-06 4.66023e-06 2.40579e-06 
-1.0101e-05 -1.22993e-06 3.52962e-06 3.06157e-06 1.23498e-06 -9.30488e-06 8.34077e-06 -2.67809e-06 1.92137e-05 -3.28525e-05 6.82051e-06 -2.78319e-05 2.58455e-06 -2.45961e-05 4.63274e-06 -1.318e-05 -1.64675e-06 3.03105e-06 7.55255e-06 6.20657e-06 5.96968e-06 -2.13301e-06 -2.13676e-06 -1.86266e-06 -5.40935e-06 -3.81147e-06 8.82637e-06 -6.4179e-06 -2.94586e-06 -2.95718e-06 
2.05212e-05 4.62298e-06 -9.39769e-06 -2.56906e-06 -3.01979e-06 1.91254e-05 -1.73634e-05 -3.16541e-06 -3.28525e-05 8.80956e-05 -1.44376e-05 6.30385e-05 -4.09761e-06 6.29677e-05 -9.70216e-06 2.82727e-05 9.51266e-06 -1.00837e-05 -1.53715e-05 -9.69462e-06 -8.23678e-06 9.86089e-06 5.85253e-06 6.65871e-06 1.85655e-05 8.30046e-06 -1.95856e-05 2.36471e-05 8.00075e-06 1.53207e-05 
8.56942e-06 -8.84666e-06 1.91877e-06 1.90401e-06 2.98086e-07 -6.78322e-06 5.42518e-06 -2.23436e-06 6.82051e-06 -1.44376e-05 1.41038e-05 -1.24811e-05 5.11068e-06 -8.27083e-06 6.42503e-06 -9.04223e-06 -3.22e-06 -2.6623e-06 6.02894e-06 -4.59057e-07 4.31787e-06 -8.06161e-07 3.62437e-06 -7.35138e-06 -3.47102e-06 -5.92805e-06 5.73945e-06 -8.67367e-06 -2.13192e-06 -4.06098e-06 
1.10629e-05 5.94006e-06 -7.43768e-06 -6.79464e-06 -2.69322e-06 2.90475e-05 -1.41009e-05 1.3129e-05 -2.78319e-05 6.30385e-05 -1.24811e-05 6.63032e-05 -6.17818e-06 4.70802e-05 -1.10727e-05 3.61139e-05 9.03466e-06 3.06269e-06 -1.3018e-05 -1.07766e-05 -8.03648e-06 2.12023e-06 5.2831e-06 1.17297e-05 1.40315e-05 1.27737e-05 -1.59248e-05 1.68039e-05 6.03575e-06 9.54199e-06 
7.50866e-06 -2.64317e-06 2.71197e-06 3.5561e-07 3.1109e-07 2.69356e-06 1.68341e-06 5.0689e-06 2.58455e-06 -4.09761e-06 5.11068e-06 -6.17818e-06 1.54462e-05 -5.2114e-06 1.8734e-06 -2.14904e-06 9.02107e-06 4.59376e-06 2.11979e-06 -3.14525e-06 5.26923e-06 -1.13203e-06 4.04901e-06 -4.52221e-06 4.95932e-06 -6.88955e-06 6.20691e-06 -2.93156e-07 1.96113e-06 1.20306e-06 
2.19549e-05 -3.16087e-06 -7.51588e-06 7.64875e-07 -2.37517e-06 6.67934e-06 -1.16876e-05 -6.58242e-06 -2.45961e-05 6.29677e-05 -8.27083e-06 4.70802e-05 -5.2114e-06 5.87733e-05 -6.86944e-06 1.76213e-05 2.20353e-06 -1.13538e-05 -9.79286e-06 1.49293e-06 -6.34084e-06 1.66838e-05 5.38529e-06 1.35269e-05 1.23103e-05 1.0787e-05 -1.25879e-05 2.07768e-05 5.41994e-06 1.73379e-05 
4.96355e-06 -6.39841e-06 7.3331e-07 1.96315e-06 3.17848e-07 -7.19826e-06 3.4221e-06 -2.43575e-06 4.63274e-06 -9.70216e-06 6.42503e-06 -1.10727e-05 1.8734e-06 -6.86944e-06 7.60862e-06 -8.49759e-06 -3.69874e-06 -2.85876e-06 3.52957e-06 -5.06676e-07 2.65644e-06 -7.9758e-07 2.08385e-06 -8.10321e-06 -1.56385e-06 -5.91819e-06 2.6574e-06 -7.30183e-06 -9.29658e-07 -5.9996e-06 
-1.44464e-06 6.97921e-06 -2.88858e-06 5.68927e-07 -1.14544e-06 2.60982e-05 -8.27129e-06 1.86634e-05 -1.318e-05 2.82727e-05 -9.04223e-06 3.61139e-05 -2.14904e-06 1.76213e-05 -8.49759e-06 3.24554e-05 8.80836e-06 1.66006e-05 -7.30317e-06 -4.6619e-07 -3.98596e-06 -1.36263e-06 1.7726e-06 1.79189e-05 7.89084e-06 1.14618e-05 -7.01158e-06 1.63994e-05 3.32214e-06 1.56185e-05 
-3.59577e-06 5.0841e-06 8.52314e-07 -1.31071e-06 -1.36412e-07 1.24947e-05 -1.69698e-06 9.09001e-06 -1.64675e-06 9.51266e-06 -3.22e-06 9.03466e-06 9.02107e-06 2.20353e-06 -3.69874e-06 8.80836e-06 1.73581e-05 7.31426e-06 -2.03307e-06 -3.54118e-06 2.55127e-06 -1.36896e-06 2.22944e-06 2.30276e-06 9.212e-06 -2.01838e-06 1.71986e-06 5.92099e-06 3.11926e-06 3.96024e-06 
-6.38047e-06 2.77428e-07 1.23808e-06 1.90711e-06 5.20001e-07 2.13053e-05 1.53037e-07 2.97779e-05 3.03105e-06 -1.00837e-05 -2.6623e-06 3.06269e-06 4.59376e-06 -1.13538e-05 -2.85876e-06 1.66006e-05 7.31426e-06 3.71855e-05 -1.54431e-07 8.14746e-06 3.09452e-06 -6.32547e-06 -7.75712e-07 1.4999e-05 3.92438e-06 4.50513e-06 2.81667e-06 1.65251e-05 2.33588e-06 1.67432e-05 
8.39107e-07 -2.56229e-06 2.26755e-06 1.04939e-06 8.07097e-07 -6.88677e-06 4.11963e-06 -1.76138e-06 7.55255e-06 -1.53715e-05 6.02894e-06 -1.3018e-05 2.11979e-06 -9.79286e-06 3.52957e-06 -7.30317e-06 -2.03307e-06 -1.54431e-07 7.76602e-06 3.11799e-06 3.78793e-06 4.73956e-07 6.83186e-07 -2.18421e-06 -2.28225e-06 -1.61751e-06 5.48773e-06 -5.29492e-06 -8.74084e-07 -1.36117e-06 
-5.41722e-06 -5.29524e-06 -5.87256e-07 1.0678e-05 1.02535e-06 -1.28811e-05 1.6075e-06 -4.5673e-06 6.20657e-06 -9.69462e-06 -4.59057e-07 -1.07766e-05 -3.14525e-06 1.49293e-06 -5.06676e-07 -4.6619e-07 -3.54118e-06 8.14746e-06 3.11799e-06 3.35192e-05 2.05974e-06 1.36693e-05 -2.34278e-06 2.8248e-05 -6.51275e-07 1.85096e-05 3.21364e-06 1.54189e-05 -4.85904e-07 2.34141e-05 
1.29388e-06 -4.66805e-06 1.39248e-06 1.56579e-06 2.70542e-07 -3.13286e-06 2.98847e-06 1.88259e-06 5.96968e-06 -8.23678e-06 4.31787e-06 -8.03648e-06 5.26923e-06 -6.34084e-06 2.65644e-06 -3.98596e-06 2.55127e-06 3.09452e-06 3.78793e-06 2.05974e-06 7.2255e-06 3.18229e-08 1.91468e-06 -1.98758e-06 2.82025e-06 -3.14519e-06 5.10618e-06 -1.48203e-06 9.75477e-07 1.18674e-06 
5.78981e-06 -2.3728e-06 -3.6695e-07 7.35075e-06 -1.79427e-07 -1.32307e-05 -1.59317e-06 -1.03906e-05 -2.13301e-06 9.86089e-06 -8.06161e-07 2.12023e-06 -1.13203e-06 1.66838e-05 -7.9758e-07 -1.36263e-06 -1.36896e-06 -6.32547e-06 4.73956e-07 1.36693e-05 3.18229e-08 2.16822e-05 1.23498e-06 1.36242e-05 2.63491e-06 7.49466e-06 9.97724e-07 7.69082e-06 3.26553e-07 1.22594e-05 
9.19985e-06 -4.50291e-06 -7.13909e-07 1.3963e-06 4.70906e-07 9.78287e-07 -2.90127e-07 3.30284e-06 -2.13676e-06 5.85253e-06 3.62437e-06 5.2831e-06 4.04901e-06 5.38529e-06 2.08385e-06 1.7726e-06 2.22944e-06 -7.75712e-07 6.83186e-07 -2.34278e-06 1.91468e-06 1.23498e-06 8.47157e-06 -3.83696e-06 4.22017e-06 -2.82675e-06 1.57805e-06 -2.4069e-06 2.09981e-06 -1.80102e-06 
-1.31938e-05 9.71641e-06 -1.78949e-07 8.29814e-06 -1.11791e-06 3.2742e-06 -3.65219e-06 7.5243e-07 -1.86266e-06 6.65871e-06 -7.35138e-06 1.17297e-05 -4.52221e-06 1.35269e-05 -8.10321e-06 1.79189e-05 2.30276e-06 1.4999e-05 -2.18421e-06 2.8248e-05 -1.98758e-06 1.36242e-05 -3.83696e-06 5.28846e-05 2.29313e-06 2.79199e-05 1.51946e-06 3.21985e-05 -1.10784e-06 3.66871e-05 
5.73449e-06 -6.49607e-07 -1.25237e-06 -2.80252e-07 8.94188e-08 6.88043e-06 -3.30934e-06 7.11206e-06 -5.40935e-06 1.85655e-05 -3.47102e-06 1.40315e-05 4.95932e-06 1.23103e-05 -1.56385e-06 7.89084e-06 9.212e-06 3.92438e-06 -2.28225e-06 -6.51275e-07 2.82025e-06 2.63491e-06 4.22017e-06 2.29313e-06 1.46893e-05 -1.26903e-06 -1.3523e-06 5.58923e-06 5.64511e-06 4.66312e-06 
-7.5045e-06 9.37295e-06 -1.16267e-06 3.75536e-07 -7.12625e-07 -2.12235e-06 -4.82022e-06 -5.91232e-06 -3.81147e-06 8.30046e-06 -5.92805e-06 1.27737e-05 -6.88955e-06 1.0787e-05 -5.91819e-06 1.14618e-05 -2.01838e-06 4.50513e-06 -1.61751e-06 1.85096e-05 -3.14519e-06 7.49466e-06 -2.82675e-06 2.79199e-05 -1.26903e-06 3.12176e-05 -1.86159e-06 1.43373e-05 -1.17469e-06 1.94224e-05 
-1.25158e-06 -2.73272e-06 4.75045e-06 2.69706e-06 -4.45181e-07 -6.72904e-06 4.3818e-06 -7.05472e-08 8.82637e-06 -1.95856e-05 5.73945e-06 -1.59248e-05 6.20691e-06 -1.25879e-05 2.6574e-06 -7.01158e-06 1.71986e-06 2.81667e-06 5.48773e-06 3.21364e-06 5.10618e-06 9.97724e-07 1.57805e-06 1.51946e-06 -1.3523e-06 -1.86159e-06 1.2024e-05 -2.83705e-06 -1.82615e-06 2.40245e-06 
-3.98182e-06 5.06215e-06 -2.67123e-06 6.47864e-06 -1.77166e-06 1.06811e-05 -5.86991e-06 3.78518e-06 -6.4179e-06 2.36471e-05 -8.67367e-06 1.68039e-05 -2.93156e-07 2.07768e-05 -7.30183e-06 1.63994e-05 5.92099e-06 1.65251e-05 -5.29492e-06 1.54189e-05 -1.48203e-06 7.69082e-06 -2.4069e-06 3.21985e-05 5.58923e-06 1.43373e-05 -2.83705e-06 4.10715e-05 1.88172e-06 3.13422e-05 
2.43231e-06 -1.01716e-06 -1.7361e-06 -4.19909e-07 1.02032e-06 4.24415e-06 -1.81838e-06 4.66023e-06 -2.94586e-06 8.00075e-06 -2.13192e-06 6.03575e-06 1.96113e-06 5.41994e-06 -9.29658e-07 3.32214e-06 3.11926e-06 2.33588e-06 -8.74084e-07 -4.85904e-07 9.75477e-07 3.26553e-07 2.09981e-06 -1.10784e-06 5.64511e-06 -1.17469e-06 -1.82615e-06 1.88172e-06 6.32802e-06 9.80064e-07 
1.98858e-07 -1.01873e-07 -2.33846e-07 1.02374e-05 -1.21534e-06 5.31974e-06 -4.8073e-06 2.40579e-06 -2.95718e-06 1.53207e-05 -4.06098e-06 9.54199e-06 1.20306e-06 1.73379e-05 -5.9996e-06 1.56185e-05 3.96024e-06 1.67432e-05 -1.36117e-06 2.34141e-05 1.18674e-06 1.22594e-05 -1.80102e-06 3.66871e-05 4.66312e-06 1.94224e-05 2.40245e-06 3.13422e-05 9.80064e-07 4.57741e-05 
WEIGHT 0.0157835
ESPERANCE 0.01328 0.024752 0.00792346 0.0249223 0.00705647 0.0671715 0.0142418 0.154425 0.0216039 0.176293 0.0385853 0.277017 0.0388167 0.151004 0.0332146 0.177144 0.0335044 0.0735432 0.0218077 0.129887 0.0359885 0.112568 0.0412672 0.195787 0.0447941 0.0986714 0.0291113 0.108386 0.0270764 0.0882838
COVARIANCE_MATRIX
3.09655e-05 -1.42726e-05 -5.92866e-08 6.22804e-06 3.91609e-06 -7.75861e-06 3.45238e-06 -8.39993e-06 3.95361e-06 6.10562e-06 8.24951e-06 -2.41011e-06 6.00727e-06 1.21329e-05 4.5383e-06 -6.64638e-06 -1.37426e-06 -7.34318e-06 6.94125e-07 2.53339e-06 3.74076e-06 8.92417e-06 5.08474e-06 -5.57041e-07 1.2005e-06 -5.19506e-06 1.83911e-06 2.24411e-07 -2.81362e-06 6.81639e-06 
-1.42726e-05 3.61138e-05 -3.64015e-06 -1.2109e-05 -2.99936e-06 9.61803e-06 -3.06445e-06 8.32825e-06 -5.69272e-06 -1.56579e-06 -7.21551e-06 6.27334e-06 -7.73494e-07 -8.14437e-06 -5.84257e-06 9.07953e-06 4.49979e-06 6.75238e-06 -1.6862e-06 -1.25105e-07 -3.55228e-06 -6.35371e-06 -6.25451e-06 6.67639e-06 4.57638e-07 1.39555e-05 -2.7126e-06 3.61299e-06 4.6034e-07 -5.69551e-06 
-5.92866e-08 -3.64015e-06 5.86984e-06 -4.71923e-07 7.27112e-07 4.2629e-06 9.83259e-07 5.44453e-06 8.49631e-07 4.25854e-06 -8.35518e-08 8.88427e-06 -2.5133e-06 3.90531e-06 -2.51724e-07 8.88976e-06 -8.951e-09 -2.81991e-07 1.27604e-06 2.0649e-06 5.11926e-07 4.40978e-06 2.4475e-06 6.84481e-06 1.4413e-06 3.1244e-06 1.77825e-06 2.18945e-06 1.09304e-06 -1.13107e-07 
6.22804e-06 -1.2109e-05 -4.71923e-07 2.65518e-05 6.57564e-08 -1.15652e-05 1.66686e-06 -1.83423e-05 -9.84019e-07 -9.8666e-07 3.05387e-06 -1.07353e-05 -1.16879e-06 1.03166e-05 3.52431e-06 -1.35468e-05 -1.56902e-06 -3.25718e-06 -1.24994e-06 7.20277e-06 9.76996e-07 4.48599e-06 5.61859e-07 2.89258e-06 -3.19122e-06 8.19317e-07 4.04988e-08 2.38691e-06 -1.98131e-06 1.88847e-05 
3.91609e-06 -2.99936e-06 7.27112e-07 6.57564e-08 3.61551e-06 -1.21457e-07 1.55284e-06 -2.04004e-07 2.82531e-06 -3.49491e-07 2.27441e-06 -4.98245e-07 1.90481e-06 -1.67705e-07 1.89345e-06 -5.555e-07 -1.7318e-07 -3.97416e-07 1.28241e-06 -6.08637e-07 1.25834e-06 -1.16492e-06 1.38395e-06 3.82041e-07 6.04451e-07 -1.17698e-06 6.94997e-07 6.54598e-07 7.16217e-08 9.96907e-07 
-7.75861e-06 9.61803e-06 4.2629e-06 -1.15652e-05 -1.21457e-07 3.72983e-05 2.81135e-06 4.9833e-05 2.00193e-06 -9.04579e-06 -3.28773e-06 1.84981e-05 -2.20407e-07 -1.6941e-05 -3.2788e-06 3.40319e-05 8.2654e-06 3.2382e-05 3.18909e-06 4.49091e-06 -6.77202e-08 -6.19409e-06 -6.02116e-07 1.74001e-05 6.65523e-06 8.30604e-06 2.78627e-06 1.55639e-05 3.53748e-06 -1.95605e-06 
3.45238e-06 -3.06445e-06 9.83259e-07 1.66686e-06 1.55284e-06 2.81135e-06 6.15295e-06 4.2578e-06 3.36872e-06 -6.87064e-06 3.81389e-06 -5.65219e-06 2.90063e-06 -5.64497e-06 4.11762e-06 -2.67919e-06 2.15803e-06 4.97555e-06 2.37384e-06 -3.76958e-07 2.37953e-06 -5.43216e-06 7.16646e-07 -1.90843e-06 6.19869e-07 -2.24998e-06 1.32073e-06 9.16756e-08 -2.22028e-07 3.25642e-06 
-8.39993e-06 8.32825e-06 5.44453e-06 -1.83423e-05 -2.04004e-07 4.9833e-05 4.2578e-06 7.97779e-05 4.05495e-06 -1.53608e-05 -3.96168e-06 2.27127e-05 1.32308e-06 -2.53493e-05 -3.33827e-06 4.67294e-05 1.13856e-05 5.11481e-05 5.01252e-06 7.67494e-06 1.45918e-06 -9.3009e-06 3.44959e-07 2.13414e-05 1.12893e-05 7.96139e-06 4.17451e-06 2.0685e-05 6.42933e-06 -2.1532e-06 
3.95361e-06 -5.69272e-06 8.49631e-07 -9.84019e-07 2.82531e-06 2.00193e-06 3.36872e-06 4.05495e-06 1.0817e-05 -7.57507e-06 8.23011e-06 -6.84206e-06 4.17927e-06 -7.06043e-06 6.18322e-06 -4.75776e-06 -1.94899e-06 4.65832e-06 4.9488e-06 -2.60838e-06 4.013e-06 -7.14107e-06 2.28778e-06 -5.91046e-06 -1.06579e-06 -6.19427e-06 1.33356e-06 8.77456e-07 -9.79143e-07 3.0482e-06 
6.10562e-06 -1.56579e-06 4.25854e-06 -9.8666e-07 -3.49491e-07 -9.04579e-06 -6.87064e-06 -1.53608e-05 -7.57507e-06 4.39945e-05 -7.72492e-06 4.01955e-05 -1.08026e-05 4.23868e-05 -5.63908e-06 2.06098e-05 -6.30374e-06 -2.9838e-05 -1.26286e-06 8.07561e-06 -1.54513e-06 3.72225e-05 9.82287e-06 2.58342e-05 7.07023e-06 1.52074e-05 2.85077e-06 4.77311e-06 2.33993e-06 -1.28596e-05 
8.24951e-06 -7.21551e-06 -8.35518e-08 3.05387e-06 2.27441e-06 -3.28773e-06 3.81389e-06 -3.96168e-06 8.23011e-06 -7.72492e-06 1.48674e-05 -1.17377e-05 4.35708e-06 -4.19448e-06 9.30602e-06 -1.20089e-05 -4.1442e-06 1.38213e-06 5.72388e-06 -3.23833e-06 5.80364e-06 -5.65297e-06 4.5308e-06 -1.05605e-05 -2.27242e-06 -8.84333e-06 1.71442e-06 -2.79386e-06 -2.71482e-06 3.4779e-06 
-2.41011e-06 6.27334e-06 8.88427e-06 -1.07353e-05 -4.98245e-07 1.84981e-05 -5.65219e-06 2.27127e-05 -6.84206e-06 4.01955e-05 -1.17377e-05 6.75047e-05 -1.57927e-05 3.43424e-05 -9.55166e-06 5.4635e-05 -1.9565e-06 -1.07278e-05 2.14487e-06 1.07239e-05 -2.3221e-06 3.6956e-05 7.66423e-06 4.66672e-05 1.12481e-05 3.00715e-05 4.98972e-06 1.49656e-05 4.32677e-06 -1.54409e-05 
6.00727e-06 -7.73494e-07 -2.5133e-06 -1.16879e-06 1.90481e-06 -2.20407e-07 2.90063e-06 1.32308e-06 4.17927e-06 -1.08026e-05 4.35708e-06 -1.57927e-05 1.42562e-05 -1.15957e-05 4.16492e-06 -1.02254e-05 6.69763e-06 7.79324e-06 -2.4736e-07 -1.39344e-06 3.30033e-06 -9.78291e-06 1.75829e-06 -9.77543e-06 3.79652e-06 -8.70246e-06 1.54367e-06 4.16961e-08 9.0491e-07 3.53809e-06 
1.21329e-05 -8.14437e-06 3.90531e-06 1.03166e-05 -1.67705e-07 -1.6941e-05 -5.64497e-06 -2.53493e-05 -7.06043e-06 4.23868e-05 -4.19448e-06 3.43424e-05 -1.15957e-05 5.61063e-05 -2.33613e-06 1.0046e-05 -1.09076e-05 -3.3104e-05 -1.0243e-06 1.25153e-05 -1.0209e-07 4.15065e-05 1.07158e-05 2.94927e-05 3.23619e-06 1.73004e-05 2.35743e-06 8.83376e-06 8.45671e-07 -1.8187e-06 
