DESCRIPTOR_NAME Steinhardt
FILTER_TYPE element
NUMBER_OF_DIMENSION 30
CUTOFF_RADIUS 5.000000
STEINHARDT_STYLE Multi
AVE_STYLE Multi
STEINHARDT_MODE Full
FILTER_VALUE H
NUMBER_OF_CLUSTER 7
WEIGHT 0.0338029
ESPERANCE 0.0156334 0.0201748 0.00764573 0.0300326 0.00865347 0.0522034 0.0124344 0.136123 0.0276408 0.16208 0.0437883 0.254637 0.0427401 0.140101 0.0362068 0.158648 0.0295831 0.066246 0.0256907 0.128663 0.0389598 0.104854 0.0429926 0.178855 0.0396745 0.0983501 0.0312712 0.0993717 0.0302651 0.0877037
COVARIANCE_MATRIX
3.32536e-05 -5.11751e-06 -1.59262e-06 6.67784e-06 2.31411e-06 -1.69361e-05 -7.84405e-06 -1.42641e-05 -2.6003e-06 5.57878e-06 -1.48343e-06 -6.6396e-06 6.3566e-06 6.98975e-06 1.14063e-06 -9.9296e-06 2.1462e-06 -1.24662e-05 -3.83042e-06 -1.65965e-06 -3.51382e-06 6.63322e-06 -2.12285e-06 -8.78767e-07 -1.09788e-06 -3.14039e-06 -1.7363e-06 -5.01071e-06 1.8794e-06 2.62216e-06 
-5.11751e-06 5.72422e-05 -1.48001e-06 -6.68523e-06 -1.26057e-06 2.68268e-06 1.04955e-06 -1.29824e-05 -5.38965e-06 5.37804e-06 -1.08944e-05 1.74848e-05 -3.87523e-06 -2.35991e-07 -5.67117e-06 1.22108e-05 7.78472e-08 -9.99872e-07 -2.09742e-06 -3.57058e-06 -5.60982e-06 2.42755e-06 -5.6583e-06 1.65306e-05 -3.73431e-06 1.95628e-05 -3.00128e-06 -8.22557e-07 -1.53842e-06 -4.38065e-08 
-1.59262e-06 -1.48001e-06 6.42521e-06 -1.15004e-06 1.12041e-06 3.28123e-06 2.5082e-06 5.01011e-06 3.04487e-06 -1.23633e-06 3.24253e-06 2.50341e-06 -2.24122e-07 -2.91523e-06 3.31256e-06 1.67923e-06 -3.29731e-07 2.28086e-06 3.21626e-06 2.1966e-06 4.29949e-06 -3.96528e-07 2.972e-06 1.40015e-06 1.73784e-06 2.07637e-06 1.83813e-06 1.76125e-06 8.18832e-07 -1.67727e-06 
6.67784e-06 -6.68523e-06 -1.15004e-06 2.13284e-05 2.51656e-07 -7.19576e-06 -2.62908e-06 -1.11858e-05 8.66821e-06 1.19126e-05 1.30392e-05 6.4651e-06 -2.60328e-06 2.10892e-05 8.49851e-06 -2.36821e-06 -6.04489e-06 -6.50635e-06 6.4871e-06 9.86528e-06 8.00909e-06 1.37912e-05 8.16916e-06 1.31208e-05 5.09586e-07 6.50211e-06 3.25194e-06 1.22268e-05 1.89148e-06 1.77e-05 
2.31411e-06 -1.26057e-06 1.12041e-06 2.51656e-07 4.93963e-06 -7.24588e-07 3.90679e-07 6.39337e-07 -7.38943e-07 -9.97187e-08 -3.51791e-06 -1.68106e-06 1.20009e-06 -7.16457e-07 1.19863e-07 -7.59936e-07 2.36395e-06 1.65068e-07 -8.99479e-07 2.31744e-07 -1.5493e-06 1.36584e-06 -2.33725e-06 5.87242e-07 -1.93511e-07 -1.05577e-06 -7.72306e-07 3.37131e-08 -7.02969e-07 -1.28861e-06 
-1.69361e-05 2.68268e-06 3.28123e-06 -7.19576e-06 -7.24588e-07 2.29833e-05 5.77901e-06 1.992e-05 -9.19637e-08 -1.02246e-05 -5.57323e-06 2.946e-06 1.18418e-06 -1.72608e-05 -3.96885e-06 1.05975e-05 5.02916e-06 1.29246e-05 -1.48366e-06 -1.63685e-06 -9.06708e-07 -1.21267e-05 -2.32897e-06 -3.12215e-06 1.64513e-06 9.45959e-07 1.43187e-06 2.35357e-06 -2.237e-06 -5.93576e-06 
-7.84405e-06 1.04955e-06 2.5082e-06 -2.62908e-06 3.90679e-07 5.77901e-06 7.0912e-06 6.86699e-06 3.49074e-06 -1.86098e-06 1.30872e-06 2.82555e-06 5.51406e-07 -3.40679e-06 1.22808e-06 3.51464e-06 4.85369e-07 5.11867e-06 2.86338e-06 -6.4068e-07 3.38423e-06 -2.87394e-06 1.58809e-06 9.39019e-07 1.32219e-06 1.23332e-06 2.36877e-06 2.54779e-06 2.19698e-07 -8.21689e-07 
-1.42641e-05 -1.29824e-05 5.01011e-06 -1.11858e-05 6.39337e-07 1.992e-05 6.86699e-06 3.63427e-05 -4.61002e-06 -1.41146e-05 -8.65564e-06 -3.11854e-06 5.32664e-06 -2.43713e-05 -3.99537e-06 1.04451e-05 8.6793e-06 1.52489e-05 -2.57948e-06 -7.15806e-06 -1.62855e-06 -1.83798e-05 -3.11801e-06 -1.62761e-05 6.5936e-06 -7.70849e-06 8.53662e-07 -1.55889e-06 4.94129e-08 -2.24661e-05 
-2.6003e-06 -5.38965e-06 3.04487e-06 8.66821e-06 -7.38943e-07 -9.19637e-08 3.49074e-06 -4.61002e-06 2.77479e-05 3.1153e-06 3.36926e-05 9.553e-06 -3.51034e-06 1.26569e-05 1.93762e-05 -1.27653e-06 -1.2738e-05 5.61663e-06 2.16998e-05 1.59522e-05 2.69589e-05 8.06399e-06 2.44773e-05 1.24878e-05 3.5185e-06 9.86032e-06 1.10227e-05 1.49749e-05 7.36472e-06 2.33355e-05 
5.57878e-06 5.37804e-06 -1.23633e-06 1.19126e-05 -9.97187e-08 -1.02246e-05 -1.86098e-06 -1.41146e-05 3.1153e-06 3.10513e-05 1.0868e-05 2.63781e-05 -8.45754e-06 3.92586e-05 9.54673e-06 2.43323e-06 -6.75332e-06 -1.29036e-05 7.7602e-06 7.81061e-06 1.00747e-05 2.24324e-05 1.08547e-05 2.70029e-05 3.50655e-06 1.32318e-05 1.7696e-06 1.40089e-05 3.8427e-06 1.43854e-05 
-1.48343e-06 -1.08944e-05 3.24253e-06 1.30392e-05 -3.51791e-06 -5.57323e-06 1.30872e-06 -8.65564e-06 3.36926e-05 1.0868e-05 6.49287e-05 2.11585e-05 -8.83262e-06 2.63668e-05 3.79533e-05 -2.10181e-06 -2.62144e-05 1.87777e-06 3.83275e-05 2.46552e-05 4.70804e-05 1.57127e-05 4.86355e-05 1.4727e-05 1.24155e-05 1.54949e-05 1.73248e-05 1.93e-05 1.54813e-05 2.89695e-05 
-6.6396e-06 1.74848e-05 2.50341e-06 6.4651e-06 -1.68106e-06 2.946e-06 2.82555e-06 -3.11854e-06 9.553e-06 2.63781e-05 2.11585e-05 5.08912e-05 -1.24204e-05 3.25212e-05 1.66961e-05 2.23473e-05 -1.1645e-05 -1.74108e-06 1.75021e-05 1.34154e-05 2.32072e-05 1.54065e-05 2.27736e-05 3.85231e-05 9.83768e-06 3.18533e-05 8.12354e-06 2.19949e-05 7.19567e-06 1.43989e-05 
6.3566e-06 -3.87523e-06 -2.24122e-07 -2.60328e-06 1.20009e-06 1.18418e-06 5.51406e-07 5.32664e-06 -3.51034e-06 -8.45754e-06 -8.83262e-06 -1.24204e-05 1.49511e-05 -1.40195e-05 -4.21082e-06 -2.64775e-06 1.02215e-05 1.42618e-06 -5.82109e-06 -8.50991e-06 -5.56301e-06 -8.965e-06 -5.71472e-06 -1.26067e-05 2.55132e-06 -9.53945e-06 -2.97211e-07 -7.7966e-06 -6.62025e-07 -9.84442e-06 
6.98975e-06 -2.35991e-07 -2.91523e-06 2.10892e-05 -7.16457e-07 -1.72608e-05 -3.40679e-06 -2.43713e-05 1.26569e-05 3.92586e-05 2.63668e-05 3.25212e-05 -1.40195e-05 7.00299e-05 1.73906e-05 -2.5932e-06 -1.52373e-05 -1.22132e-05 1.6479e-05 2.51869e-05 1.95248e-05 3.80058e-05 2.09002e-05 4.79825e-05 2.98364e-06 2.14635e-05 4.39926e-06 3.23323e-05 7.00787e-06 3.99728e-05 
1.14063e-06 -5.67117e-06 3.31256e-06 8.49851e-06 1.19863e-07 -3.96885e-06 1.22808e-06 -3.99537e-06 1.93762e-05 9.54673e-06 3.79533e-05 1.66961e-05 -4.21082e-06 1.73906e-05 2.95642e-05 -3.22857e-07 -1.52881e-05 8.92753e-07 2.50459e-05 1.45254e-05 3.13791e-05 1.12533e-05 3.20788e-05 1.14455e-05 1.16214e-05 1.02274e-05 1.10398e-05 1.36713e-05 1.0803e-05 1.46962e-05 
-9.9296e-06 1.22108e-05 1.67923e-06 -2.36821e-06 -7.59936e-07 1.05975e-05 3.51464e-06 1.04451e-05 -1.27653e-06 2.43323e-06 -2.10181e-06 2.23473e-05 -2.64775e-06 -2.5932e-06 -3.22857e-07 2.43767e-05 5.43747e-07 9.56263e-06 1.93667e-06 2.90324e-06 4.66625e-06 -3.30749e-06 3.88448e-06 1.54244e-05 5.15284e-06 1.77266e-05 3.41492e-06 8.0311e-06 1.99166e-06 -2.49398e-06 
2.1462e-06 7.78472e-08 -3.29731e-07 -6.04489e-06 2.36395e-06 5.02916e-06 4.85369e-07 8.6793e-06 -1.2738e-05 -6.75332e-06 -2.62144e-05 -1.1645e-05 1.02215e-05 -1.52373e-05 -1.52881e-05 5.43747e-07 2.04438e-05 7.5037e-07 -1.57461e-05 -1.09721e-05 -1.8172e-05 -1.02654e-05 -1.81568e-05 -1.06808e-05 -1.07896e-06 -9.70993e-06 -5.04262e-06 -9.72892e-06 -4.03154e-06 -1.67279e-05 
-1.24662e-05 -9.99872e-07 2.28086e-06 -6.50635e-06 1.65068e-07 1.29246e-05 5.11867e-06 1.52489e-05 5.61663e-06 -1.29036e-05 1.87777e-06 -1.74108e-06 1.42618e-06 -1.22132e-05 8.92753e-07 9.56263e-06 7.5037e-07 2.92001e-05 3.89533e-06 1.31253e-05 7.08442e-06 -3.21815e-06 5.31049e-06 9.43712e-06 3.292e-06 7.44499e-06 4.67092e-06 1.30059e-05 1.63162e-06 1.25152e-05 
-3.83042e-06 -2.09742e-06 3.21626e-06 6.4871e-06 -8.99479e-07 -1.48366e-06 2.86338e-06 -2.57948e-06 2.16998e-05 7.7602e-06 3.83275e-05 1.75021e-05 -5.82109e-06 1.6479e-05 2.50459e-05 1.93667e-06 -1.57461e-05 3.89533e-06 2.81722e-05 1.56596e-05 3.23333e-05 9.92902e-06 3.0902e-05 1.35461e-05 1.03962e-05 1.26569e-05 1.16463e-05 1.48167e-05 1.0313e-05 1.79364e-05 
-1.65965e-06 -3.57058e-06 2.1966e-06 9.86528e-06 2.31744e-07 -1.63685e-06 -6.4068e-07 -7.15806e-06 1.59522e-05 7.81061e-06 2.46552e-05 1.34154e-05 -8.50991e-06 2.51869e-05 1.45254e-05 2.90324e-06 -1.09721e-05 1.31253e-05 1.56596e-05 3.6651e-05 2.06206e-05 2.1377e-05 2.04575e-05 3.49176e-05 2.5002e-06 2.26237e-05 7.99564e-06 2.85057e-05 5.62342e-06 3.69062e-05 
-3.51382e-06 -5.60982e-06 4.29949e-06 8.00909e-06 -1.5493e-06 -9.06708e-07 3.38423e-06 -1.62855e-06 2.69589e-05 1.00747e-05 4.70804e-05 2.32072e-05 -5.56301e-06 1.95248e-05 3.13791e-05 4.66625e-06 -1.8172e-05 7.08442e-06 3.23333e-05 2.06206e-05 4.50061e-05 1.2928e-05 4.07708e-05 1.75828e-05 1.60167e-05 1.57545e-05 1.65398e-05 1.76633e-05 1.4473e-05 2.19638e-05 
6.63322e-06 2.42755e-06 -3.96528e-07 1.37912e-05 1.36584e-06 -1.21267e-05 -2.87394e-06 -1.83798e-05 8.06399e-06 2.24324e-05 1.57127e-05 1.54065e-05 -8.965e-06 3.80058e-05 1.12533e-05 -3.30749e-06 -1.02654e-05 -3.21815e-06 9.92902e-06 2.1377e-05 1.2928e-05 3.37725e-05 1.39106e-05 3.12364e-05 1.47758e-06 1.61092e-05 3.18607e-06 1.87876e-05 3.7423e-06 3.12874e-05 
-2.12285e-06 -5.6583e-06 2.972e-06 8.16916e-06 -2.33725e-06 -2.32897e-06 1.58809e-06 -3.11801e-06 2.44773e-05 1.08547e-05 4.86355e-05 2.27736e-05 -5.71472e-06 2.09002e-05 3.20788e-05 3.88448e-06 -1.81568e-05 5.31049e-06 3.0902e-05 2.04575e-05 4.07708e-05 1.39106e-05 4.56383e-05 1.47051e-05 1.60403e-05 1.47162e-05 1.59822e-05 1.55017e-05 1.46278e-05 2.00907e-05 
-8.78767e-07 1.65306e-05 1.40015e-06 1.31208e-05 5.87242e-07 -3.12215e-06 9.39019e-07 -1.62761e-05 1.24878e-05 2.70029e-05 1.4727e-05 3.85231e-05 -1.26067e-05 4.79825e-05 1.14455e-05 1.54244e-05 -1.06808e-05 9.43712e-06 1.35461e-05 3.49176e-05 1.75828e-05 3.12364e-05 1.47051e-05 7.34848e-05 1.67614e-06 4.04862e-05 6.52697e-06 4.34394e-05 3.97138e-06 4.93495e-05 
-1.09788e-06 -3.73431e-06 1.73784e-06 5.09586e-07 -1.93511e-07 1.64513e-06 1.32219e-06 6.5936e-06 3.5185e-06 3.50655e-06 1.24155e-05 9.83768e-06 2.55132e-06 2.98364e-06 1.16214e-05 5.15284e-06 -1.07896e-06 3.292e-06 1.03962e-05 2.5002e-06 1.60167e-05 1.47758e-06 1.60403e-05 1.67614e-06 1.79615e-05 3.17102e-06 6.85568e-06 9.11123e-07 8.51883e-06 -2.7543e-06 
-3.14039e-06 1.95628e-05 2.07637e-06 6.50211e-06 -1.05577e-06 9.45959e-07 1.23332e-06 -7.70849e-06 9.86032e-06 1.32318e-05 1.54949e-05 3.18533e-05 -9.53945e-06 2.14635e-05 1.02274e-05 1.77266e-05 -9.70993e-06 7.44499e-06 1.26569e-05 2.26237e-05 1.57545e-05 1.61092e-05 1.47162e-05 4.04862e-05 3.17102e-06 3.81932e-05 5.81928e-06 2.35946e-05 4.73977e-06 2.49418e-05 
-1.7363e-06 -3.00128e-06 1.83813e-06 3.25194e-06 -7.72306e-07 1.43187e-06 2.36877e-06 8.53662e-07 1.10227e-05 1.7696e-06 1.73248e-05 8.12354e-06 -2.97211e-07 4.39926e-06 1.10398e-05 3.41492e-06 -5.04262e-06 4.67092e-06 1.16463e-05 7.99564e-06 1.65398e-05 3.18607e-06 1.59822e-05 6.52697e-06 6.85568e-06 5.81928e-06 1.02925e-05 6.26484e-06 5.58339e-06 8.54648e-06 
-5.01071e-06 -8.22557e-07 1.76125e-06 1.22268e-05 3.37131e-08 2.35357e-06 2.54779e-06 -1.55889e-06 1.49749e-05 1.40089e-05 1.93e-05 2.19949e-05 -7.7966e-06 3.23323e-05 1.36713e-05 8.0311e-06 -9.72892e-06 1.30059e-05 1.48167e-05 2.85057e-05 1.76633e-05 1.87876e-05 1.55017e-05 4.34394e-05 9.11123e-07 2.35946e-05 6.26484e-06 4.45769e-05 3.99116e-06 3.70699e-05 
1.8794e-06 -1.53842e-06 8.18832e-07 1.89148e-06 -7.02969e-07 -2.237e-06 2.19698e-07 4.94129e-08 7.36472e-06 3.8427e-06 1.54813e-05 7.19567e-06 -6.62025e-07 7.00787e-06 1.0803e-05 1.99166e-06 -4.03154e-06 1.63162e-06 1.0313e-05 5.62342e-06 1.4473e-05 3.7423e-06 1.46278e-05 3.97138e-06 8.51883e-06 4.73977e-06 5.58339e-06 3.99116e-06 1.064e-05 2.76115e-06 
2.62216e-06 -4.38065e-08 -1.67727e-06 1.77e-05 -1.28861e-06 -5.93576e-06 -8.21689e-07 -2.24661e-05 2.33355e-05 1.43854e-05 2.89695e-05 1.43989e-05 -9.84442e-06 3.99728e-05 1.46962e-05 -2.49398e-06 -1.67279e-05 1.25152e-05 1.79364e-05 3.69062e-05 2.19638e-05 3.12874e-05 2.00907e-05 4.93495e-05 -2.7543e-06 2.49418e-05 8.54648e-06 3.70699e-05 2.76115e-06 7.02824e-05 
WEIGHT 0.0264584
ESPERANCE 0.0117525 0.0214864 0.00974299 0.0224879 0.00900364 0.0417062 0.0133447 0.111227 0.0426117 0.132749 0.0443433 0.194495 0.0553101 0.117419 0.0352924 0.127617 0.0305881 0.0503053 0.0238391 0.114005 0.0369243 0.0921757 0.0346121 0.161757 0.0326868 0.0847182 0.0295295 0.0848736 0.028231 0.0682895
COVARIANCE_MATRIX
2.39674e-05 7.599e-07 -1.2578e-06 7.31638e-06 3.64152e-07 -4.42911e-06 -3.06661e-06 1.35969e-07 -8.61998e-08 1.20023e-05 2.1133e-06 1.51139e-05 1.08135e-05 1.46165e-05 2.79111e-06 2.05609e-06 8.37665e-08 2.61933e-06 -3.04523e-07 6.8425e-06 1.72418e-06 6.14541e-06 8.36916e-07 8.31713e-06 3.27795e-06 3.93378e-06 1.53612e-06 6.62843e-06 1.65477e-06 1.40179e-05 
7.599e-07 2.95752e-05 -1.76092e-06 -1.54906e-06 -1.3908e-07 -9.47468e-06 9.06334e-07 -1.73657e-05 -5.65099e-07 -2.79826e-06 -1.09031e-06 5.21037e-06 -3.77805e-06 1.73887e-06 -4.24529e-06 1.84021e-06 -3.2426e-06 1.43826e-06 1.15639e-06 -7.69572e-06 2.76218e-06 7.70628e-06 1.4796e-06 5.16714e-06 -2.81861e-06 1.34542e-05 -1.7966e-06 -2.85968e-06 -1.22196e-06 -1.21742e-05 
-1.2578e-06 -1.76092e-06 6.74681e-06 -8.29899e-07 1.5985e-06 3.09048e-06 2.23784e-07 2.82313e-06 -2.79606e-06 -1.6335e-06 -6.07222e-06 -1.34827e-07 4.6448e-06 -2.11537e-06 2.12854e-06 1.75193e-06 2.43991e-06 9.57517e-07 -7.81242e-07 -1.39621e-06 -3.06063e-07 -1.5893e-06 -7.50392e-07 -1.78264e-06 9.71462e-07 -2.20765e-06 1.6781e-07 -6.24573e-08 1.61034e-07 -1.0854e-06 
7.31638e-06 -1.54906e-06 -8.29899e-07 2.12096e-05 -2.18032e-06 -5.24082e-06 -1.21143e-06 5.73317e-06 1.50341e-06 1.1541e-05 7.9219e-06 1.62914e-05 3.27909e-07 1.06408e-05 1.19673e-06 6.14119e-06 -1.91494e-07 2.07031e-06 1.64679e-06 1.39365e-05 2.08932e-06 5.60485e-06 3.91693e-06 2.28792e-06 3.79238e-06 2.12308e-06 7.48056e-06 4.41933e-06 2.0428e-06 1.20784e-05 
3.64152e-07 -1.3908e-07 1.5985e-06 -2.18032e-06 4.45778e-06 1.24064e-06 -6.28571e-07 7.52502e-07 -1.50465e-06 -1.79382e-06 -4.4646e-06 2.68246e-07 4.30379e-06 2.11273e-07 1.86037e-06 -8.81494e-07 7.13488e-07 1.80727e-07 -5.83759e-07 -1.61804e-06 -6.10307e-07 -1.41965e-06 -1.52345e-06 2.50264e-06 1.8739e-07 -1.63916e-07 -1.08755e-06 1.01835e-06 3.39349e-07 -1.70329e-06 
-4.42911e-06 -9.47468e-06 3.09048e-06 -5.24082e-06 1.24064e-06 1.75677e-05 2.75541e-07 9.42288e-06 -4.27209e-06 -5.66419e-06 -8.86681e-06 -9.28582e-06 3.55125e-06 -8.78983e-06 2.09484e-06 -3.12903e-06 4.54005e-06 -1.26569e-06 -2.84588e-06 -3.29657e-06 -3.24827e-06 -8.1588e-06 -3.67793e-06 -4.65214e-06 1.32571e-06 -7.01203e-06 -1.69937e-06 2.32791e-07 1.35644e-06 -7.95725e-07 
-3.06661e-06 9.06334e-07 2.23784e-07 -1.21143e-06 -6.28571e-07 2.75541e-07 6.14538e-06 -2.22589e-06 4.6796e-06 -1.38865e-06 6.90166e-06 5.40477e-07 -6.39639e-06 -4.31e-06 -1.77571e-06 7.63686e-07 6.90393e-07 2.46974e-06 4.16284e-06 3.05662e-06 1.94297e-06 6.98928e-07 2.16808e-06 -2.93258e-06 -1.49063e-06 2.74066e-06 2.37222e-06 1.20723e-07 -4.72747e-07 -1.71894e-06 
1.35969e-07 -1.73657e-05 2.82313e-06 5.73317e-06 7.52502e-07 9.42288e-06 -2.22589e-06 2.69188e-05 -6.51797e-06 2.13356e-06 -6.50643e-06 9.914e-06 6.35709e-06 -1.43475e-06 3.64951e-06 5.67765e-06 3.44544e-06 3.71232e-06 -1.59883e-06 1.3921e-05 -2.90854e-06 -4.21701e-06 -1.28419e-06 2.36585e-06 3.1944e-06 -2.75589e-06 2.29052e-06 7.09228e-06 2.55726e-06 7.90064e-06 
-8.61998e-08 -5.65099e-07 -2.79606e-06 1.50341e-06 -1.50465e-06 -4.27209e-06 4.6796e-06 -6.51797e-06 1.63145e-05 -2.41887e-07 1.9965e-05 -4.59096e-06 -7.50052e-06 -3.39612e-06 -7.75492e-07 -3.49878e-06 -1.60873e-06 -2.75054e-06 7.62651e-06 1.67533e-06 4.01848e-06 -1.50627e-06 5.12603e-06 -6.87943e-06 -1.37517e-06 -1.71829e-06 4.12339e-06 -1.404e-06 -9.07861e-07 -9.20563e-07 
1.20023e-05 -2.79826e-06 -1.6335e-06 1.1541e-05 -1.79382e-06 -5.66419e-06 -1.38865e-06 2.13356e-06 -2.41887e-07 2.58059e-05 9.21519e-06 1.71868e-05 1.40481e-06 2.15685e-05 1.65383e-06 7.07251e-06 1.5678e-06 4.10225e-06 -1.9365e-06 1.70427e-05 -5.34824e-07 1.43116e-05 2.08013e-06 1.34311e-05 3.86628e-06 5.49678e-06 5.08889e-06 7.67542e-06 4.06652e-06 2.01859e-05 
2.1133e-06 -1.09031e-06 -6.07222e-06 7.9219e-06 -4.4646e-06 -8.86681e-06 6.90166e-06 -6.50643e-06 1.9965e-05 9.21519e-06 4.00879e-05 -2.42083e-06 -1.55036e-05 2.00757e-06 -2.07965e-06 -3.31682e-06 -1.81537e-06 -3.45449e-06 1.03122e-05 1.35395e-05 6.14049e-06 7.47664e-06 1.06232e-05 -6.53145e-06 -2.13042e-07 1.968e-07 9.20643e-06 -6.33762e-07 1.88915e-06 7.86707e-06 
1.51139e-05 5.21037e-06 -1.34827e-07 1.62914e-05 2.68246e-07 -9.28582e-06 5.40477e-07 9.914e-06 -4.59096e-06 1.71868e-05 -2.42083e-06 8.38516e-05 -4.93723e-06 1.11055e-05 -7.59613e-06 4.31896e-05 -5.41732e-06 2.21824e-05 1.10259e-05 4.51263e-05 4.50795e-06 2.79077e-05 3.23828e-06 1.61041e-05 2.67497e-07 3.3982e-05 1.17004e-05 2.02631e-05 -8.3373e-07 2.91943e-05 
1.08135e-05 -3.77805e-06 4.6448e-06 3.27909e-07 4.30379e-06 3.55125e-06 -6.39639e-06 6.35709e-06 -7.50052e-06 1.40481e-06 -1.55036e-05 -4.93723e-06 2.91044e-05 8.00507e-06 1.11561e-05 -5.57084e-06 4.30956e-06 -4.17226e-06 -7.88228e-06 -1.25377e-05 2.56681e-09 -1.14631e-05 -2.5883e-06 6.13316e-06 5.50799e-06 -5.47109e-06 -3.84537e-06 1.85421e-06 1.54224e-06 -2.80739e-06 
1.46165e-05 1.73887e-06 -2.11537e-06 1.06408e-05 2.11273e-07 -8.78983e-06 -4.31e-06 -1.43475e-06 -3.39612e-06 2.15685e-05 2.00757e-06 1.11055e-05 8.00507e-06 3.70515e-05 3.29241e-06 2.9879e-06 1.46616e-06 2.70579e-06 -5.70872e-06 7.10364e-06 -1.44692e-07 1.52498e-05 1.10604e-06 2.40635e-05 4.0469e-06 4.82548e-06 5.60134e-07 9.40185e-06 3.59136e-06 2.17225e-05 
2.79111e-06 -4.24529e-06 2.12854e-06 1.19673e-06 1.86037e-06 2.09484e-06 -1.77571e-06 3.64951e-06 -7.75492e-07 1.65383e-06 -2.07965e-06 -7.59613e-06 1.11561e-05 3.29241e-06 8.83855e-06 -5.7463e-06 2.41277e-06 -3.78558e-06 -3.59467e-06 -6.26727e-06 5.7075e-07 -6.09008e-06 1.62036e-07 1.41136e-06 3.50024e-06 -5.44761e-06 -4.84467e-07 3.31316e-08 2.04214e-06 -3.15731e-07 
2.05609e-06 1.84021e-06 1.75193e-06 6.14119e-06 -8.81494e-07 -3.12903e-06 7.63686e-07 5.67765e-06 -3.49878e-06 7.07251e-06 -3.31682e-06 4.31896e-05 -5.57084e-06 2.9879e-06 -5.7463e-06 3.2892e-05 -2.37547e-06 1.03304e-05 5.3193e-06 2.31117e-05 2.22709e-06 1.62078e-05 1.7421e-06 1.01967e-05 -5.86589e-07 1.88568e-05 5.75831e-06 1.07758e-05 -1.75361e-06 1.46733e-05 
8.37665e-08 -3.2426e-06 2.43991e-06 -1.91494e-07 7.13488e-07 4.54005e-06 6.90393e-07 3.44544e-06 -1.60873e-06 1.5678e-06 -1.81537e-06 -5.41732e-06 4.30956e-06 1.46616e-06 2.41277e-06 -2.37547e-06 6.91327e-06 -1.32839e-06 -2.49114e-06 -5.87568e-07 -5.96846e-07 -1.87125e-06 5.62475e-07 2.42147e-06 2.64838e-06 -2.87696e-06 8.5147e-07 3.50475e-07 1.62698e-06 1.44661e-06 
2.61933e-06 1.43826e-06 9.57517e-07 2.07031e-06 1.80727e-07 -1.26569e-06 2.46974e-06 3.71232e-06 -2.75054e-06 4.10225e-06 -3.45449e-06 2.21824e-05 -4.17226e-06 2.70579e-06 -3.78558e-06 1.03304e-05 -1.32839e-06 1.94863e-05 4.21802e-06 1.17122e-05 1.38143e-06 7.21394e-06 -1.01804e-06 3.56439e-06 -2.88046e-06 1.14736e-05 3.11789e-06 7.85911e-06 -3.11702e-07 7.33317e-06 
-3.04523e-07 1.15639e-06 -7.81242e-07 1.64679e-06 -5.83759e-07 -2.84588e-06 4.16284e-06 -1.59883e-06 7.62651e-06 -1.9365e-06 1.03122e-05 1.10259e-05 -7.88228e-06 -5.70872e-06 -3.59467e-06 5.3193e-06 -2.49114e-06 4.21802e-06 1.17215e-05 9.44285e-06 3.78643e-06 2.8722e-06 4.4433e-06 -5.89071e-06 -1.0663e-06 5.16151e-06 4.87463e-06 1.99969e-06 -1.45612e-06 -4.22484e-07 
6.8425e-06 -7.69572e-06 -1.39621e-06 1.39365e-05 -1.61804e-06 -3.29657e-06 3.05662e-06 1.3921e-05 1.67533e-06 1.70427e-05 1.35395e-05 4.51263e-05 -1.25377e-05 7.10364e-06 -6.26727e-06 2.31117e-05 -5.87568e-07 1.17122e-05 9.44285e-06 5.30203e-05 1.69583e-06 2.61372e-05 5.07747e-06 1.18678e-05 2.35551e-06 1.76581e-05 1.11965e-05 1.26624e-05 2.95211e-06 2.75168e-05 
1.72418e-06 2.76218e-06 -3.06063e-07 2.08932e-06 -6.10307e-07 -3.24827e-06 1.94297e-06 -2.90854e-06 4.01848e-06 -5.34824e-07 6.14049e-06 4.50795e-06 2.56681e-09 -1.44692e-07 5.7075e-07 2.22709e-06 -5.96846e-07 1.38143e-06 3.78643e-06 1.69583e-06 8.15599e-06 2.56224e-06 4.27936e-06 -7.7186e-07 2.2972e-06 3.74755e-06 3.53232e-06 2.01969e-06 -3.0568e-07 2.35593e-06 
6.14541e-06 7.70628e-06 -1.5893e-06 5.60485e-06 -1.41965e-06 -8.1588e-06 6.98928e-07 -4.21701e-06 -1.50627e-06 1.43116e-05 7.47664e-06 2.79077e-05 -1.14631e-05 1.52498e-05 -6.09008e-06 1.62078e-05 -1.87125e-06 7.21394e-06 2.8722e-06 2.61372e-05 2.56224e-06 3.84055e-05 3.4147e-06 1.53635e-05 1.3548e-06 1.51966e-05 4.81981e-06 4.58312e-06 1.26344e-06 2.37071e-05 
8.36916e-07 1.4796e-06 -7.50392e-07 3.91693e-06 -1.52345e-06 -3.67793e-06 2.16808e-06 -1.28419e-06 5.12603e-06 2.08013e-06 1.06232e-05 3.23828e-06 -2.5883e-06 1.10604e-06 1.62036e-07 1.7421e-06 5.62475e-07 -1.01804e-06 4.4433e-06 5.07747e-06 4.27936e-06 3.4147e-06 9.46747e-06 -1.63644e-06 2.88249e-06 1.65484e-06 4.94579e-06 6.59334e-07 1.14076e-06 2.77365e-06 
8.31713e-06 5.16714e-06 -1.78264e-06 2.28792e-06 2.50264e-06 -4.65214e-06 -2.93258e-06 2.36585e-06 -6.87943e-06 1.34311e-05 -6.53145e-06 1.61041e-05 6.13316e-06 2.40635e-05 1.41136e-06 1.01967e-05 2.42147e-06 3.56439e-06 -5.89071e-06 1.18678e-05 -7.7186e-07 1.53635e-05 -1.63644e-06 4.06175e-05 2.21814e-06 1.60788e-05 -1.10854e-06 1.08455e-05 3.003e-06 1.63447e-05 
3.27795e-06 -2.81861e-06 9.71462e-07 3.79238e-06 1.8739e-07 1.32571e-06 -1.49063e-06 3.1944e-06 -1.37517e-06 3.86628e-06 -2.13042e-07 2.67497e-07 5.50799e-06 4.0469e-06 3.50024e-06 -5.86589e-07 2.64838e-06 -2.88046e-06 -1.0663e-06 2.35551e-06 2.2972e-06 1.3548e-06 2.88249e-06 2.21814e-06 9.01272e-06 -4.19548e-06 2.75494e-06 1.3914e-06 2.23296e-06 6.05156e-06 
3.93378e-06 1.34542e-05 -2.20765e-06 2.12308e-06 -1.63916e-07 -7.01203e-06 2.74066e-06 -2.75589e-06 -1.71829e-06 5.49678e-06 1.968e-07 3.3982e-05 -5.47109e-06 4.82548e-06 -5.44761e-06 1.88568e-05 -2.87696e-06 1.14736e-05 5.16151e-06 1.76581e-05 3.74755e-06 1.51966e-05 1.65484e-06 1.60788e-05 -4.19548e-06 3.3019e-05 1.48319e-06 8.303e-06 -1.10587e-06 6.70762e-07 
1.53612e-06 -1.7966e-06 1.6781e-07 7.48056e-06 -1.08755e-06 -1.69937e-06 2.37222e-06 2.29052e-06 4.12339e-06 5.08889e-06 9.20643e-06 1.17004e-05 -3.84537e-06 5.60134e-07 -4.84467e-07 5.75831e-06 8.5147e-07 3.11789e-06 4.87463e-06 1.11965e-05 3.53232e-06 4.81981e-06 4.94579e-06 -1.10854e-06 2.75494e-06 1.48319e-06 9.80902e-06 3.57127e-06 1.52414e-06 1.13318e-05 
6.62843e-06 -2.85968e-06 -6.24573e-08 4.41933e-06 1.01835e-06 2.32791e-07 1.20723e-07 7.09228e-06 -1.404e-06 7.67542e-06 -6.33762e-07 2.02631e-05 1.85421e-06 9.40185e-06 3.31316e-08 1.07758e-05 3.50475e-07 7.85911e-06 1.99969e-06 1.26624e-05 2.01969e-06 4.58312e-06 6.59334e-07 1.08455e-05 1.3914e-06 8.303e-06 3.57127e-06 1.90694e-05 1.39151e-06 1.49773e-05 
1.65477e-06 -1.22196e-06 1.61034e-07 2.0428e-06 3.39349e-07 1.35644e-06 -4.72747e-07 2.55726e-06 -9.07861e-07 4.06652e-06 1.88915e-06 -8.3373e-07 1.54224e-06 3.59136e-06 2.04214e-06 -1.75361e-06 1.62698e-06 -3.11702e-07 -1.45612e-06 2.95211e-06 -3.0568e-07 1.26344e-06 1.14076e-06 3.003e-06 2.23296e-06 -1.10587e-06 1.52414e-06 1.39151e-06 5.18261e-06 4.68151e-06 
1.40179e-05 -1.21742e-05 -1.0854e-06 1.20784e-05 -1.70329e-06 -7.95725e-07 -1.71894e-06 7.90064e-06 -9.20563e-07 2.01859e-05 7.86707e-06 2.91943e-05 -2.80739e-06 2.17225e-05 -3.15731e-07 1.46733e-05 1.44661e-06 7.33317e-06 -4.22484e-07 2.75168e-05 2.35593e-06 2.37071e-05 2.77365e-06 1.63447e-05 6.05156e-06 6.70762e-07 1.13318e-05 1.49773e-05 4.68151e-06 5.5712e-05 
WEIGHT 0.0220176
ESPERANCE 0.0181256 0.0227659 0.00889883 0.0190415 0.00933144 0.0606384 0.014623 0.133194 0.0363697 0.177882 0.0466592 0.26953 0.0461484 0.155258 0.0396697 0.181545 0.0307834 0.0533353 0.0258195 0.134415 0.0383074 0.130102 0.0407191 0.215528 0.0406074 0.114323 0.0292257 0.110742 0.0321806 0.0806255
COVARIANCE_MATRIX
4.66155e-05 -1.72454e-05 1.22265e-06 9.84194e-06 7.55231e-07 -4.7462e-06 -8.57226e-06 -1.23695e-05 8.47022e-06 9.4331e-06 2.39943e-05 1.15387e-05 1.10112e-05 1.37352e-05 1.94172e-05 -1.59176e-06 -1.38687e-05 4.011e-07 9.02488e-06 -4.91975e-06 1.38789e-05 1.90146e-05 2.02318e-05 -9.39078e-07 2.66941e-06 -4.66681e-06 7.55869e-06 -1.57336e-06 3.08304e-06 1.3579e-05 
-1.72454e-05 4.18145e-05 -1.53297e-06 1.67784e-06 6.11552e-07 -2.74864e-07 1.02101e-06 2.55643e-07 6.83755e-07 -9.52284e-06 -4.24433e-06 -3.45027e-06 1.00623e-06 1.55848e-06 -5.87784e-06 -7.49856e-06 1.31368e-05 -2.05135e-08 -5.94691e-06 2.10397e-06 -4.08388e-06 -7.58565e-06 -6.94854e-06 1.00092e-05 1.77589e-06 6.18384e-06 -2.12179e-06 6.53767e-06 2.21543e-07 -6.02271e-07 
1.22265e-06 -1.53297e-06 8.12991e-06 3.88164e-07 -3.00525e-08 -2.58879e-06 1.43657e-06 -1.31146e-06 -8.75855e-07 1.46429e-06 -4.23431e-07 -2.43518e-06 2.71202e-06 1.60556e-06 -5.03414e-07 -2.38005e-06 2.2991e-06 1.26795e-06 -1.58882e-06 1.35797e-06 -1.77641e-07 -6.9174e-07 1.39855e-07 -1.0209e-06 6.13699e-08 6.20115e-07 1.5907e-06 -4.00893e-07 -7.89064e-07 2.08065e-06 
9.84194e-06 1.67784e-06 3.88164e-07 1.63971e-05 3.34261e-07 -1.20401e-06 -1.7282e-06 -8.11307e-06 5.05092e-06 2.37526e-06 9.75662e-06 5.71345e-06 6.3863e-06 3.46769e-06 7.89147e-06 -1.40857e-06 -3.18467e-06 -1.24156e-06 3.93582e-06 2.70883e-07 6.75236e-06 1.09647e-05 8.1929e-06 -1.11299e-06 1.07798e-06 6.28249e-06 3.2839e-06 -1.25487e-06 2.59783e-06 7.30177e-06 
7.55231e-07 6.11552e-07 -3.00525e-08 3.34261e-07 5.24739e-06 -7.81728e-07 -6.75327e-07 -2.33572e-07 4.17482e-07 2.01494e-06 4.11118e-07 1.44683e-06 9.13326e-08 2.96713e-06 7.54454e-07 1.31281e-06 1.055e-06 -1.10897e-06 -4.79152e-07 3.90341e-06 -4.10253e-07 2.27541e-06 -1.81962e-07 6.1592e-06 1.35164e-06 1.51863e-06 4.21833e-09 2.20901e-06 7.43722e-07 2.69537e-06 
-4.7462e-06 -2.74864e-07 -2.58879e-06 -1.20401e-06 -7.81728e-07 1.63902e-05 4.26616e-06 2.04137e-05 2.26033e-06 -1.87401e-06 -9.64029e-07 1.19979e-05 -3.02851e-06 -8.44315e-06 2.85086e-06 1.12423e-05 2.36981e-06 9.24202e-06 3.04396e-06 3.91868e-06 2.28916e-06 -4.51523e-06 8.25941e-07 -3.39665e-07 -8.74252e-07 3.88157e-08 2.41198e-06 3.37317e-07 2.16736e-06 -2.08502e-06 
-8.57226e-06 1.02101e-06 1.43657e-06 -1.7282e-06 -6.75327e-07 4.26616e-06 8.01548e-06 7.08458e-06 -9.78747e-07 -2.89312e-06 -4.51425e-06 -2.20922e-07 -1.97893e-06 -4.8707e-06 -2.01719e-06 4.54063e-07 4.18237e-06 3.01809e-06 1.8745e-07 -2.30839e-07 -1.39029e-06 -6.34685e-06 -3.27152e-06 -4.72305e-06 -1.6595e-06 -4.88518e-07 7.25127e-07 -2.25096e-06 -3.10986e-07 -5.24261e-06 
-1.23695e-05 2.55643e-07 -1.31146e-06 -8.11307e-06 -2.33572e-07 2.04137e-05 7.08458e-06 4.38792e-05 -4.27667e-06 -2.84457e-06 -9.84302e-06 1.36141e-05 -8.88434e-06 -1.28029e-05 -4.22991e-06 1.90003e-05 6.5256e-06 2.01696e-05 -1.75497e-06 1.23418e-05 -2.89176e-06 -9.34709e-06 -6.7172e-06 5.00499e-06 -1.86132e-06 -1.122e-06 7.86686e-07 7.71501e-06 3.53432e-08 5.79896e-07 
8.47022e-06 6.83755e-07 -8.75855e-07 5.05092e-06 4.17482e-07 2.26033e-06 -9.78747e-07 -4.27667e-06 1.34221e-05 2.24682e-07 1.55811e-05 3.85075e-06 8.0923e-06 7.04958e-07 1.42718e-05 -3.26802e-06 -3.15278e-06 -1.79755e-07 7.73792e-06 -4.1654e-06 1.0953e-05 5.29192e-06 1.15504e-05 -7.13449e-06 1.34671e-07 -3.15202e-06 6.18744e-06 -4.88222e-06 5.07896e-06 1.32874e-06 
9.4331e-06 -9.52284e-06 1.46429e-06 2.37526e-06 2.01494e-06 -1.87401e-06 -2.89312e-06 -2.84457e-06 2.24682e-07 2.30806e-05 8.13522e-07 2.62104e-05 -6.92765e-06 1.88979e-05 3.7473e-06 2.12143e-05 -1.11863e-05 -6.3328e-06 3.31625e-06 1.49214e-05 3.20967e-06 2.26923e-05 3.81019e-06 2.07823e-05 -5.13614e-06 1.42148e-05 1.29283e-06 7.83242e-06 1.79882e-06 1.39434e-05 
2.39943e-05 -4.24433e-06 -4.23431e-07 9.75662e-06 4.11118e-07 -9.64029e-07 -4.51425e-06 -9.84302e-06 1.55811e-05 8.13522e-07 3.12136e-05 3.77524e-06 1.44898e-05 2.1156e-06 2.32952e-05 -6.41636e-06 -1.07931e-05 -8.80093e-07 1.1327e-05 -7.48317e-06 1.81572e-05 1.31628e-05 2.0813e-05 -1.25453e-05 1.333e-06 -5.81148e-06 1.01668e-05 -7.52037e-06 5.59831e-06 5.06952e-06 
1.15387e-05 -3.45027e-06 -2.43518e-06 5.71345e-06 1.44683e-06 1.19979e-05 -2.20922e-07 1.36141e-05 3.85075e-06 2.62104e-05 3.77524e-06 5.75329e-05 -1.14125e-05 2.24231e-05 1.01222e-05 4.03772e-05 -1.23014e-05 1.35678e-07 7.29097e-06 2.36432e-05 7.96885e-06 3.33104e-05 7.14716e-06 3.11581e-05 -9.10228e-06 2.33355e-05 5.75681e-06 1.42569e-05 4.1126e-06 1.84233e-05 
1.10112e-05 1.00623e-06 2.71202e-06 6.3863e-06 9.13326e-08 -3.02851e-06 -1.97893e-06 -8.88434e-06 8.0923e-06 -6.92765e-06 1.44898e-05 -1.14125e-05 2.02441e-05 -3.03098e-06 1.29548e-05 -1.44244e-05 2.7825e-06 1.58327e-08 1.90084e-06 -8.40546e-06 8.56121e-06 -4.12892e-06 1.25456e-05 -1.16711e-05 7.37966e-06 -6.51614e-06 6.47291e-06 -6.87781e-06 3.79673e-06 1.05821e-08 
1.37352e-05 1.55848e-06 1.60556e-06 3.46769e-06 2.96713e-06 -8.44315e-06 -4.8707e-06 -1.28029e-05 7.04958e-07 1.88979e-05 2.1156e-06 2.24231e-05 -3.03098e-06 3.01337e-05 3.18325e-06 1.1981e-05 -6.51062e-06 -7.30208e-06 3.16364e-07 1.23804e-05 1.6997e-06 2.1662e-05 2.81492e-06 2.9257e-05 -3.9367e-06 1.55946e-05 5.16092e-07 1.29669e-05 1.04524e-06 1.50342e-05 
1.94172e-05 -5.87784e-06 -5.03414e-07 7.89147e-06 7.54454e-07 2.85086e-06 -2.01719e-06 -4.22991e-06 1.42718e-05 3.7473e-06 2.32952e-05 1.01222e-05 1.29548e-05 3.18325e-06 2.53642e-05 -1.39867e-06 -9.2345e-06 -1.22575e-06 1.02961e-05 -3.42786e-06 1.61264e-05 1.00545e-05 1.91039e-05 -7.79313e-06 9.96178e-07 -3.85254e-06 1.0631e-05 -7.21463e-06 6.11177e-06 4.7446e-06 
-1.59176e-06 -7.49856e-06 -2.38005e-06 -1.40857e-06 1.31281e-06 1.12423e-05 4.54063e-07 1.90003e-05 -3.26802e-06 2.12143e-05 -6.41636e-06 4.03772e-05 -1.44244e-05 1.1981e-05 -1.39867e-06 4.44343e-05 -9.07801e-06 -7.6929e-07 2.03025e-06 2.53141e-05 -6.75331e-07 2.15903e-05 -1.89654e-06 3.26437e-05 -7.21438e-06 2.38513e-05 -9.6266e-07 1.58243e-05 3.55654e-07 1.17601e-05 
-1.38687e-05 1.31368e-05 2.2991e-06 -3.18467e-06 1.055e-06 2.36981e-06 4.18237e-06 6.5256e-06 -3.15278e-06 -1.11863e-05 -1.07931e-05 -1.23014e-05 2.7825e-06 -6.51062e-06 -9.2345e-06 -9.07801e-06 1.93101e-05 6.0448e-06 -7.08445e-06 -7.06635e-07 -7.36365e-06 -1.84701e-05 -8.59479e-06 1.44033e-06 5.57046e-06 -2.20709e-06 -2.15556e-06 1.65354e-06 2.28877e-08 -6.18166e-06 
4.011e-07 -2.05135e-08 1.26795e-06 -1.24156e-06 -1.10897e-06 9.24202e-06 3.01809e-06 2.01696e-05 -1.79755e-07 -6.3328e-06 -8.80093e-07 1.35678e-07 1.58327e-08 -7.30208e-06 -1.22575e-06 -7.6929e-07 6.0448e-06 2.05955e-05 3.1477e-07 -1.54792e-07 1.96921e-06 -9.18956e-06 -2.46255e-07 -4.04769e-06 1.4843e-06 -5.88137e-06 2.02901e-06 3.35415e-06 1.75165e-06 3.74576e-06 
9.02488e-06 -5.94691e-06 -1.58882e-06 3.93582e-06 -4.79152e-07 3.04396e-06 1.8745e-07 -1.75497e-06 7.73792e-06 3.31625e-06 1.1327e-05 7.29097e-06 1.90084e-06 3.16364e-07 1.02961e-05 2.03025e-06 -7.08445e-06 3.1477e-07 1.12768e-05 -3.69596e-06 9.77125e-06 6.56648e-06 9.71406e-06 -7.4776e-06 -9.61842e-07 -2.54381e-06 4.99043e-06 -4.66378e-06 4.05102e-06 2.41351e-06 
-4.91975e-06 2.10397e-06 1.35797e-06 2.70883e-07 3.90341e-06 3.91868e-06 -2.30839e-07 1.23418e-05 -4.1654e-06 1.49214e-05 -7.48317e-06 2.36432e-05 -8.40546e-06 1.23804e-05 -3.42786e-06 2.53141e-05 -7.06635e-07 -1.54792e-07 -3.69596e-06 2.72298e-05 -4.35387e-06 1.53004e-05 -4.38006e-06 3.15934e-05 -4.1611e-06 2.07732e-05 -1.62933e-06 1.52291e-05 5.72202e-08 1.19071e-05 
1.38789e-05 -4.08388e-06 -1.77641e-07 6.75236e-06 -4.10253e-07 2.28916e-06 -1.39029e-06 -2.89176e-06 1.0953e-05 3.20967e-06 1.81572e-05 7.96885e-06 8.56121e-06 1.6997e-06 1.61264e-05 -6.75331e-07 -7.36365e-06 1.96921e-06 9.77125e-06 -4.35387e-06 1.70372e-05 8.00349e-06 1.57693e-05 -8.86857e-06 1.5956e-06 -2.44407e-06 8.08471e-06 -4.46311e-06 6.04114e-06 7.08329e-06 
1.90146e-05 -7.58565e-06 -6.9174e-07 1.09647e-05 2.27541e-06 -4.51523e-06 -6.34685e-06 -9.34709e-06 5.29192e-06 2.26923e-05 1.31628e-05 3.33104e-05 -4.12892e-06 2.1662e-05 1.00545e-05 2.15903e-05 -1.84701e-05 -9.18956e-06 6.56648e-06 1.53004e-05 8.00349e-06 5.33467e-05 1.02986e-05 1.1809e-05 -8.5969e-06 1.33874e-05 4.1637e-06 8.19781e-06 2.13935e-06 1.6079e-05 
2.02318e-05 -6.94854e-06 1.39855e-07 8.1929e-06 -1.81962e-07 8.25941e-07 -3.27152e-06 -6.7172e-06 1.15504e-05 3.81019e-06 2.0813e-05 7.14716e-06 1.25456e-05 2.81492e-06 1.91039e-05 -1.89654e-06 -8.59479e-06 -2.46255e-07 9.71406e-06 -4.38006e-06 1.57693e-05 1.02986e-05 2.17632e-05 -9.65838e-06 2.36483e-06 -2.56803e-06 9.12595e-06 -5.65881e-06 6.31303e-06 6.87701e-06 
-9.39078e-07 1.00092e-05 -1.0209e-06 -1.11299e-06 6.1592e-06 -3.39665e-07 -4.72305e-06 5.00499e-06 -7.13449e-06 2.07823e-05 -1.25453e-05 3.11581e-05 -1.16711e-05 2.9257e-05 -7.79313e-06 3.26437e-05 1.44033e-06 -4.04769e-06 -7.4776e-06 3.15934e-05 -8.86857e-06 1.1809e-05 -9.65838e-06 6.68408e-05 -1.45552e-06 3.24831e-05 -6.76044e-06 2.75906e-05 -1.29341e-06 1.95682e-05 
2.66941e-06 1.77589e-06 6.13699e-08 1.07798e-06 1.35164e-06 -8.74252e-07 -1.6595e-06 -1.86132e-06 1.34671e-07 -5.13614e-06 1.333e-06 -9.10228e-06 7.37966e-06 -3.9367e-06 9.96178e-07 -7.21438e-06 5.57046e-06 1.4843e-06 -9.61842e-07 -4.1611e-06 1.5956e-06 -8.5969e-06 2.36483e-06 -1.45552e-06 1.15897e-05 -4.70703e-06 3.18991e-07 -2.44464e-06 2.47194e-06 7.53411e-07 
-4.66681e-06 6.18384e-06 6.20115e-07 6.28249e-06 1.51863e-06 3.88157e-08 -4.88518e-07 -1.122e-06 -3.15202e-06 1.42148e-05 -5.81148e-06 2.33355e-05 -6.51614e-06 1.55946e-05 -3.85254e-06 2.38513e-05 -2.20709e-06 -5.88137e-06 -2.54381e-06 2.07732e-05 -2.44407e-06 1.33874e-05 -2.56803e-06 3.24831e-05 -4.70703e-06 3.35455e-05 -3.24428e-06 1.65002e-05 -1.26074e-06 1.0958e-05 
7.55869e-06 -2.12179e-06 1.5907e-06 3.2839e-06 4.21833e-09 2.41198e-06 7.25127e-07 7.86686e-07 6.18744e-06 1.29283e-06 1.01668e-05 5.75681e-06 6.47291e-06 5.16092e-07 1.0631e-05 -9.6266e-07 -2.15556e-06 2.02901e-06 4.99043e-06 -1.62933e-06 8.08471e-06 4.1637e-06 9.12595e-06 -6.76044e-06 3.18991e-07 -3.24428e-06 8.7641e-06 -4.40234e-06 3.6153e-06 3.13193e-06 
-1.57336e-06 6.53767e-06 -4.00893e-07 -1.25487e-06 2.20901e-06 3.37317e-07 -2.25096e-06 7.71501e-06 -4.88222e-06 7.83242e-06 -7.52037e-06 1.42569e-05 -6.87781e-06 1.29669e-05 -7.21463e-06 1.58243e-05 1.65354e-06 3.35415e-06 -4.66378e-06 1.52291e-05 -4.46311e-06 8.19781e-06 -5.65881e-06 2.75906e-05 -2.44464e-06 1.65002e-05 -4.40234e-06 2.09138e-05 -1.54702e-06 1.00044e-05 
3.08304e-06 2.21543e-07 -7.89064e-07 2.59783e-06 7.43722e-07 2.16736e-06 -3.10986e-07 3.53432e-08 5.07896e-06 1.79882e-06 5.59831e-06 4.1126e-06 3.79673e-06 1.04524e-06 6.11177e-06 3.55654e-07 2.28877e-08 1.75165e-06 4.05102e-06 5.72202e-08 6.04114e-06 2.13935e-06 6.31303e-06 -1.29341e-06 2.47194e-06 -1.26074e-06 3.6153e-06 -1.54702e-06 6.51398e-06 3.35957e-06 
1.3579e-05 -6.02271e-07 2.08065e-06 7.30177e-06 2.69537e-06 -2.08502e-06 -5.24261e-06 5.79896e-07 1.32874e-06 1.39434e-05 5.06952e-06 1.84233e-05 1.05821e-08 1.50342e-05 4.7446e-06 1.17601e-05 -6.18166e-06 3.74576e-06 2.41351e-06 1.19071e-05 7.08329e-06 1.6079e-05 6.87701e-06 1.95682e-05 7.53411e-07 1.0958e-05 3.13193e-06 1.00044e-05 3.35957e-06 3.00649e-05 
WEIGHT 0.0194097
ESPERANCE 0.0103666 0.0245615 0.0113906 0.0174136 0.00969497 0.0446068 0.0162781 0.106888 0.0506017 0.142418 0.0582011 0.196549 0.0613921 0.128459 0.0439901 0.130127 0.033841 0.0488875 0.0283037 0.108358 0.0451599 0.0981533 0.0440987 0.178743 0.0453717 0.0899937 0.0311709 0.0882307 0.0356136 0.0647757
COVARIANCE_MATRIX
1.75829e-05 4.77784e-07 -5.26306e-07 -2.08377e-06 2.01481e-06 -2.21412e-06 1.8054e-06 -1.17095e-06 4.07942e-06 4.68495e-06 9.31449e-06 1.22466e-05 2.69112e-07 5.56675e-06 5.69212e-06 7.99613e-06 -3.02132e-06 -1.12526e-06 7.48078e-06 5.55776e-06 7.11152e-06 1.29894e-05 4.95991e-06 6.46201e-06 1.87854e-06 6.91988e-06 2.92411e-07 4.18408e-06 3.11883e-06 -7.09229e-07 
4.77784e-07 3.53269e-05 8.90127e-07 1.00555e-05 7.08316e-07 -2.08531e-07 1.43298e-07 -3.06886e-06 -4.15322e-06 6.05387e-07 -5.14263e-06 1.15909e-05 -3.74251e-06 8.22642e-06 -6.60786e-06 1.20811e-07 4.32432e-06 -1.12165e-06 -5.01301e-07 3.05514e-06 -2.6576e-06 1.08131e-05 -3.33006e-06 6.08812e-06 2.69058e-06 7.14021e-06 7.76212e-07 4.86514e-06 -1.22742e-06 -9.17538e-06 
-5.26306e-07 8.90127e-07 8.18519e-06 2.30203e-06 -5.15346e-07 -3.95218e-06 2.2819e-06 -1.61193e-06 1.24669e-06 3.73911e-07 7.38135e-06 -5.8397e-06 3.82842e-07 -3.57653e-06 6.6841e-08 -2.89966e-06 -1.86197e-06 4.11733e-07 5.90972e-07 -6.10159e-07 4.85467e-06 1.60272e-06 1.52232e-06 -6.17992e-06 -6.42853e-07 -2.20695e-06 2.32051e-06 -3.0363e-06 1.54193e-06 2.90143e-06 
-2.08377e-06 1.00555e-05 2.30203e-06 1.40776e-05 -3.36526e-07 -1.31501e-06 5.90022e-07 2.06765e-06 -8.06824e-07 7.94358e-07 1.76334e-07 -2.17898e-07 -3.89281e-07 1.5887e-06 -1.94576e-06 1.17558e-06 4.15542e-07 2.74997e-06 -8.37929e-07 9.80026e-07 7.2311e-08 1.30763e-06 -1.88283e-06 1.7377e-07 2.92621e-08 3.7314e-06 -3.48394e-07 2.20093e-06 -9.44951e-07 -7.44394e-07 
2.01481e-06 7.08316e-07 -5.15346e-07 -3.36526e-07 5.55963e-06 -2.55755e-07 -1.01975e-06 -1.10807e-06 4.05858e-06 8.97694e-08 5.90809e-06 8.01522e-07 1.91305e-06 2.81311e-06 3.62247e-06 8.05758e-07 -1.1995e-06 -3.9642e-06 2.17686e-06 1.49024e-06 3.1236e-06 1.37698e-06 2.31339e-06 3.74744e-06 1.72371e-06 2.58502e-06 7.28265e-07 1.29479e-06 2.86417e-06 -7.67777e-07 
-2.21412e-06 -2.08531e-07 -3.95218e-06 -1.31501e-06 -2.55755e-07 1.99774e-05 -2.88425e-06 1.74051e-05 -7.19575e-06 4.10321e-06 -1.54726e-05 1.227e-05 -1.51821e-06 -4.10957e-07 -4.58926e-06 9.7436e-06 6.53845e-06 5.49289e-06 -6.75905e-06 4.01083e-06 -9.67508e-06 -8.69286e-06 -4.35594e-06 1.26596e-05 -1.77e-06 1.04584e-07 -8.64275e-07 7.02391e-06 -3.7697e-06 2.06374e-06 
1.8054e-06 1.43298e-07 2.2819e-06 5.90022e-07 -1.01975e-06 -2.88425e-06 6.40253e-06 9.10541e-07 1.82834e-06 7.63531e-07 6.35443e-06 4.66509e-07 -1.25527e-06 7.52093e-08 6.63883e-07 1.45783e-06 -9.3433e-07 2.53405e-06 3.85918e-06 -4.15693e-07 3.56453e-06 7.66544e-06 -9.06392e-07 -4.11119e-06 -5.22159e-07 -2.09879e-06 6.00255e-07 -7.96696e-07 1.25222e-06 7.4548e-07 
-1.17095e-06 -3.06886e-06 -1.61193e-06 2.06765e-06 -1.10807e-06 1.74051e-05 9.10541e-07 3.8113e-05 -9.43695e-06 1.47337e-05 -1.58819e-05 2.0709e-05 -5.72242e-06 6.66605e-06 -3.64771e-06 1.84271e-05 5.78698e-06 1.28124e-05 -5.87518e-06 8.83922e-06 -1.18909e-05 -8.10301e-06 -9.4826e-06 1.65647e-05 -6.86334e-06 -1.46569e-06 4.37282e-07 1.36217e-05 -5.03482e-06 1.4982e-05 
4.07942e-06 -4.15322e-06 1.24669e-06 -8.06824e-07 4.05858e-06 -7.19575e-06 1.82834e-06 -9.43695e-06 1.77456e-05 -6.12043e-06 2.5036e-05 -1.50845e-05 8.53541e-06 -2.97982e-06 1.15355e-05 -7.07799e-06 -6.92615e-06 -2.78846e-06 9.7196e-06 -5.11496e-06 1.48878e-05 2.58986e-06 7.7433e-06 -5.98525e-06 4.6638e-06 -5.57182e-07 1.35528e-06 -3.03971e-06 8.2681e-06 -2.03895e-06 
4.68495e-06 6.05387e-07 3.73911e-07 7.94358e-07 8.97694e-08 4.10321e-06 7.63531e-07 1.47337e-05 -6.12043e-06 2.73356e-05 -3.61405e-06 2.69954e-05 -6.43402e-06 1.34471e-05 1.9856e-06 1.87363e-05 1.44491e-07 6.06458e-06 2.14274e-07 1.1217e-05 -1.34224e-06 1.02566e-05 -1.0882e-06 1.84265e-05 -1.04766e-06 7.839e-06 1.50046e-06 1.14262e-05 -9.09517e-07 1.32903e-05 
9.31449e-06 -5.14263e-06 7.38135e-06 1.76334e-07 5.90809e-06 -1.54726e-05 6.35443e-06 -1.58819e-05 2.5036e-05 -3.61405e-06 5.14726e-05 -1.95695e-05 1.06621e-05 -4.99934e-06 1.7232e-05 -8.88274e-06 -1.31829e-05 -5.1339e-06 1.76225e-05 -5.92774e-06 2.97358e-05 1.22631e-05 1.31601e-05 -1.14846e-05 8.84315e-06 -9.37421e-07 4.47758e-06 -7.29764e-06 1.52682e-05 3.78376e-06 
1.22466e-05 1.15909e-05 -5.8397e-06 -2.17898e-07 8.01522e-07 1.227e-05 4.66509e-07 2.0709e-05 -1.50845e-05 2.69954e-05 -1.95695e-05 6.7812e-05 -1.3089e-05 2.82667e-05 -4.62078e-07 4.01342e-05 2.26015e-06 -2.30644e-06 2.67443e-06 2.32627e-05 -8.26453e-06 3.19539e-05 -4.93953e-06 3.39571e-05 -1.90965e-06 2.15103e-05 -3.40658e-06 1.97539e-05 -3.43509e-06 9.06645e-06 
2.69112e-07 -3.74251e-06 3.82842e-07 -3.89281e-07 1.91305e-06 -1.51821e-06 -1.25527e-06 -5.72242e-06 8.53541e-06 -6.43402e-06 1.06621e-05 -1.3089e-05 1.22378e-05 -3.90524e-06 6.48215e-06 -6.86908e-06 -3.17613e-07 -1.46618e-06 3.22254e-06 -4.6382e-06 6.42977e-06 -4.97206e-06 6.31952e-06 -2.99814e-06 5.70733e-06 -9.40875e-07 1.25111e-06 4.99512e-07 4.39415e-06 -1.47879e-06 
5.56675e-06 8.22642e-06 -3.57653e-06 1.5887e-06 2.81311e-06 -4.10957e-07 7.52093e-08 6.66605e-06 -2.97982e-06 1.34471e-05 -4.99934e-06 2.82667e-05 -3.90524e-06 2.90788e-05 2.67828e-06 1.85784e-05 -3.20249e-07 -9.22846e-07 2.86174e-06 7.34601e-06 -7.85342e-07 1.5962e-05 -6.28544e-07 2.48253e-05 2.05544e-06 1.17431e-05 -1.05061e-06 1.49361e-05 6.75857e-07 6.60322e-06 
