DESCRIPTOR_NAME Steinhardt
FILTER_TYPE element
NUMBER_OF_DIMENSION 30
CUTOFF_RADIUS 5.000000
STEINHARDT_STYLE Multi
AVE_STYLE Multi
STEINHARDT_MODE Full
FILTER_VALUE H
NUMBER_OF_CLUSTER 7
WEIGHT 0.0376666
ESPERANCE 0.00987668 0.0174741 0.0096111 0.0211048 0.00742494 0.0542749 0.0152862 0.130733 0.0339476 0.161004 0.0349985 0.225267 0.0528155 0.135325 0.0317313 0.154029 0.0354656 0.0626153 0.0218773 0.115801 0.033583 0.0932557 0.0344487 0.185756 0.0354761 0.0933906 0.0274988 0.102052 0.0264203 0.0894883
COVARIANCE_MATRIX
1.44028e-05 -6.55723e-07 6.64958e-07 -6.59876e-08 1.58155e-06 -5.56345e-07 5.94735e-07 -1.52189e-06 3.06424e-06 2.0441e-06 1.84589e-06 -1.72568e-06 4.39841e-06 2.52849e-06 2.45235e-06 -2.62096e-06 -2.1698e-07 -3.59999e-06 3.25936e-06 -1.51879e-06 2.00642e-06 5.71227e-06 3.79077e-06 -4.20435e-06 3.18431e-06 -3.98992e-06 1.395e-06 -2.15373e-06 1.632e-06 2.98116e-07 
-6.55723e-07 2.03726e-05 3.78592e-07 -5.63083e-06 3.37795e-07 3.33516e-06 1.86338e-06 4.94098e-06 5.62178e-07 5.9049e-07 -3.16249e-06 4.52391e-06 -1.21132e-06 -1.88215e-06 -3.04239e-06 4.58144e-06 4.31869e-06 3.716e-06 1.55723e-06 -2.66226e-06 2.10426e-06 -1.1011e-06 -2.49686e-06 2.17119e-06 3.27794e-06 1.46522e-06 1.67253e-06 -3.28906e-07 -8.68965e-08 -2.53802e-06 
6.64958e-07 3.78592e-07 5.79322e-06 -5.69736e-07 3.36239e-07 1.05235e-06 1.61929e-06 3.12561e-07 -9.40485e-08 7.70882e-08 -8.52057e-07 1.16392e-06 3.08035e-06 -1.14448e-07 8.73247e-07 -7.10569e-07 3.33331e-06 9.45952e-07 2.81718e-07 -1.75352e-07 1.41177e-06 -1.80651e-06 1.81695e-07 1.81572e-06 1.18754e-06 1.42233e-06 1.97933e-06 1.13448e-06 -5.59171e-07 2.83262e-06 
-6.59876e-08 -5.63083e-06 -5.69736e-07 1.85434e-05 -5.21264e-07 4.80838e-06 -2.80492e-06 -3.83342e-07 -4.6264e-07 7.94493e-07 1.51475e-06 4.19684e-06 -1.38737e-06 6.33318e-06 1.1692e-06 -4.57263e-07 -1.2946e-06 1.06187e-06 -2.21927e-06 3.97965e-06 -1.48676e-06 1.23745e-06 -9.4364e-07 9.87179e-06 -1.13026e-06 3.65904e-06 -5.12482e-07 8.86946e-06 6.28266e-07 6.77238e-06 
1.58155e-06 3.37795e-07 3.36239e-07 -5.21264e-07 3.01976e-06 5.0213e-07 9.61122e-07 1.03707e-06 1.34299e-06 4.30703e-07 -7.98212e-07 -5.48735e-07 1.8044e-06 5.00743e-07 3.19288e-07 -4.26511e-07 1.47465e-06 -6.90796e-07 8.79034e-07 -2.7123e-07 1.32417e-06 9.49188e-07 2.74978e-07 -7.79354e-07 1.28293e-06 -1.56279e-06 9.34612e-07 -3.86236e-09 4.82558e-08 -1.80404e-06 
-5.56345e-07 3.33516e-06 1.05235e-06 4.80838e-06 5.0213e-07 1.65129e-05 -3.88058e-08 1.69539e-05 7.48868e-07 -1.55552e-06 -1.83854e-06 8.11548e-06 -5.59197e-07 4.65246e-07 -3.26228e-07 1.20407e-05 3.07278e-06 5.71401e-06 7.92661e-07 4.33829e-06 6.09277e-07 1.5033e-06 -1.49476e-06 9.14779e-06 3.84384e-06 5.46584e-06 8.43614e-07 7.93741e-06 1.5313e-06 -5.66459e-07 
5.94735e-07 1.86338e-06 1.61929e-06 -2.80492e-06 9.61122e-07 -3.88058e-08 5.79184e-06 1.86674e-06 5.21848e-07 -2.18699e-06 -7.06221e-07 -3.06792e-06 4.25798e-06 -3.73674e-06 -1.33385e-07 -8.93204e-07 3.77024e-06 1.58021e-06 1.12837e-06 -8.38072e-07 3.27098e-06 -3.87182e-06 5.95365e-07 -2.08074e-06 1.40939e-06 -1.11876e-06 3.00878e-06 -1.97747e-06 1.8356e-07 1.90306e-06 
-1.52189e-06 4.94098e-06 3.12561e-07 -3.83342e-07 1.03707e-06 1.69539e-05 1.86674e-06 3.47859e-05 1.37336e-07 -4.28258e-06 -3.10631e-06 6.82726e-06 -7.68326e-08 -9.99856e-07 -1.9014e-06 1.69628e-05 3.7047e-06 1.53252e-05 2.45452e-06 5.90563e-06 1.41829e-06 -9.66918e-07 -3.10251e-07 9.46384e-06 6.41625e-06 2.32377e-06 1.2856e-06 1.12094e-05 3.59312e-06 6.47225e-07 
3.06424e-06 5.62178e-07 -9.40485e-08 -4.6264e-07 1.34299e-06 7.48868e-07 5.21848e-07 1.37336e-07 8.78447e-06 -1.64709e-06 3.54458e-06 -5.33799e-06 3.74392e-06 -3.1974e-06 2.08631e-06 -1.11361e-06 1.23507e-06 -2.71952e-06 4.02725e-06 -1.5266e-06 4.02838e-06 5.16491e-07 1.57545e-06 -5.40907e-06 3.93021e-07 -1.4148e-06 1.05428e-06 -3.31397e-06 8.23843e-07 -2.28219e-06 
2.0441e-06 5.9049e-07 7.70882e-08 7.94493e-07 4.30703e-07 -1.55552e-06 -2.18699e-06 -4.28258e-06 -1.64709e-06 1.47645e-05 -1.79432e-06 1.39928e-05 -4.39654e-06 1.23965e-05 -4.33094e-07 5.13729e-06 -6.03716e-07 -6.72816e-06 -3.12102e-07 7.0416e-06 -3.99282e-06 1.68412e-05 2.39087e-07 1.09834e-05 1.43564e-06 4.84231e-06 -1.8466e-06 8.70112e-06 -1.03904e-06 -5.01971e-06 
1.84589e-06 -3.16249e-06 -8.52057e-07 1.51475e-06 -7.98212e-07 -1.83854e-06 -7.06221e-07 -3.10631e-06 3.54458e-06 -1.79432e-06 8.97537e-06 -5.77213e-06 1.1351e-06 -1.04631e-06 2.41583e-06 -2.56383e-06 -2.78008e-06 -3.53948e-07 8.21931e-07 4.89127e-07 8.27861e-07 4.04106e-07 2.91763e-06 -1.90222e-06 -2.54131e-06 -3.50095e-07 2.48727e-07 -1.98011e-06 9.82948e-07 4.28431e-06 
-1.72568e-06 4.52391e-06 1.16392e-06 4.19684e-06 -5.48735e-07 8.11548e-06 -3.06792e-06 6.82726e-06 -5.33799e-06 1.39928e-05 -5.77213e-06 3.13123e-05 -9.33804e-06 1.44207e-05 -2.93794e-06 1.74955e-05 1.58639e-06 -1.90354e-06 -4.55424e-08 1.05632e-05 -6.58228e-06 2.02455e-05 -2.35945e-06 2.3833e-05 3.74275e-06 1.62266e-05 -3.92801e-06 1.64971e-05 -1.54737e-06 -5.28403e-06 
4.39841e-06 -1.21132e-06 3.08035e-06 -1.38737e-06 1.8044e-06 -5.59197e-07 4.25798e-06 -7.68326e-08 3.74392e-06 -4.39654e-06 1.1351e-06 -9.33804e-06 1.40049e-05 -7.41229e-06 3.48762e-06 -4.81319e-06 4.7018e-06 6.11199e-07 2.09194e-06 -2.73303e-06 7.32581e-06 -6.39101e-06 4.511e-06 -8.02438e-06 3.01078e-06 -5.7191e-06 5.02297e-06 -4.37263e-06 1.44987e-06 -1.51329e-07 
2.52849e-06 -1.88215e-06 -1.14448e-07 6.33318e-06 5.00743e-07 4.65246e-07 -3.73674e-06 -9.99856e-07 -3.1974e-06 1.23965e-05 -1.04631e-06 1.44207e-05 -7.41229e-06 2.62016e-05 -1.05357e-06 2.31632e-06 -1.25547e-06 -9.40308e-07 -2.75456e-06 1.07457e-05 -5.69438e-06 1.79569e-05 2.88558e-07 1.98371e-05 1.58383e-06 4.95213e-06 -1.47887e-06 1.89453e-05 5.10432e-07 5.14974e-06 
2.45235e-06 -3.04239e-06 8.73247e-07 1.1692e-06 3.19288e-07 -3.26228e-07 -1.33385e-07 -1.9014e-06 2.08631e-06 -4.33094e-07 2.41583e-06 -2.93794e-06 3.48762e-06 -1.05357e-06 4.88073e-06 -3.39002e-06 -8.98959e-08 -1.13125e-06 6.67357e-07 -1.45655e-07 1.42112e-06 -3.54513e-07 2.05836e-06 -2.97358e-06 3.43831e-07 -2.45265e-06 8.93487e-07 -9.78337e-07 9.5002e-07 7.99847e-07 
-2.62096e-06 4.58144e-06 -7.10569e-07 -4.57263e-07 -4.26511e-07 1.20407e-05 -8.93204e-07 1.69628e-05 -1.11361e-06 5.13729e-06 -2.56383e-06 1.74955e-05 -4.81319e-06 2.31632e-06 -3.39002e-06 2.65405e-05 5.97158e-07 2.46201e-06 2.50277e-06 8.31081e-06 -2.37935e-06 1.12325e-05 -8.28761e-07 1.53396e-05 3.57722e-06 1.29981e-05 -2.1886e-06 1.11614e-05 2.74534e-07 -7.0517e-06 
-2.1698e-07 4.31869e-06 3.33331e-06 -1.2946e-06 1.47465e-06 3.07278e-06 3.77024e-06 3.7047e-06 1.23507e-06 -6.03716e-07 -2.78008e-06 1.58639e-06 4.7018e-06 -1.25547e-06 -8.98959e-08 5.97158e-07 1.00961e-05 4.64441e-07 1.54014e-06 4.07183e-08 4.12692e-06 -3.49315e-06 4.40171e-07 1.57001e-06 4.95516e-06 4.82198e-07 5.15105e-06 7.97583e-07 5.39505e-07 -3.07483e-07 
-3.59999e-06 3.716e-06 9.45952e-07 1.06187e-06 -6.90796e-07 5.71401e-06 1.58021e-06 1.53252e-05 -2.71952e-06 -6.72816e-06 -3.53948e-07 -1.90354e-06 6.11199e-07 -9.40308e-07 -1.13125e-06 2.46201e-06 4.64441e-07 2.67793e-05 -1.22249e-06 5.62541e-06 1.56519e-06 -7.9772e-06 -7.57404e-07 1.0367e-05 1.02561e-06 4.19496e-06 1.21095e-06 1.00756e-05 3.02453e-06 1.75077e-05 
3.25936e-06 1.55723e-06 2.81718e-07 -2.21927e-06 8.79034e-07 7.92661e-07 1.12837e-06 2.45452e-06 4.02725e-06 -3.12102e-07 8.21931e-07 -4.55424e-08 2.09194e-06 -2.75456e-06 6.67357e-07 2.50277e-06 1.54014e-06 -1.22249e-06 7.42586e-06 -1.07672e-06 2.98497e-06 2.85509e-06 1.5901e-06 -2.4976e-06 2.98795e-06 1.05944e-06 4.20009e-07 -2.42642e-06 1.353e-06 -2.31947e-06 
-1.51879e-06 -2.66226e-06 -1.75352e-07 3.97965e-06 -2.7123e-07 4.33829e-06 -8.38072e-07 5.90563e-06 -1.5266e-06 7.0416e-06 4.89127e-07 1.05632e-05 -2.73303e-06 1.07457e-05 -1.45655e-07 8.31081e-06 4.07183e-08 5.62541e-06 -1.07672e-06 1.93275e-05 -2.3754e-06 8.14715e-06 1.84765e-06 2.01498e-05 2.13328e-06 1.00972e-05 -3.34613e-07 1.73307e-05 2.13063e-06 8.73439e-06 
2.00642e-06 2.10426e-06 1.41177e-06 -1.48676e-06 1.32417e-06 6.09277e-07 3.27098e-06 1.41829e-06 4.02838e-06 -3.99282e-06 8.27861e-07 -6.58228e-06 7.32581e-06 -5.69438e-06 1.42112e-06 -2.37935e-06 4.12692e-06 1.56519e-06 2.98497e-06 -2.3754e-06 8.66805e-06 -4.95175e-06 2.85261e-06 -4.80882e-06 2.70881e-06 -2.65369e-06 3.9664e-06 -3.69477e-06 1.87069e-06 1.38159e-06 
5.71227e-06 -1.1011e-06 -1.80651e-06 1.23745e-06 9.49188e-07 1.5033e-06 -3.87182e-06 -9.66918e-07 5.16491e-07 1.68412e-05 4.04106e-07 2.02455e-05 -6.39101e-06 1.79569e-05 -3.54513e-07 1.12325e-05 -3.49315e-06 -7.9772e-06 2.85509e-06 8.14715e-06 -4.95175e-06 4.14711e-05 3.95416e-07 1.41623e-05 3.17506e-06 1.12491e-05 -5.81971e-06 9.64843e-06 -8.16366e-08 -4.53905e-06 
3.79077e-06 -2.49686e-06 1.81695e-07 -9.4364e-07 2.74978e-07 -1.49476e-06 5.95365e-07 -3.10251e-07 1.57545e-06 2.39087e-07 2.91763e-06 -2.35945e-06 4.511e-06 2.88558e-07 2.05836e-06 -8.28761e-07 4.40171e-07 -7.57404e-07 1.5901e-06 1.84765e-06 2.85261e-06 3.95416e-07 8.26295e-06 -1.96569e-06 1.77418e-06 -3.29716e-06 1.62519e-06 1.86874e-07 3.01509e-06 -1.54952e-06 
-4.20435e-06 2.17119e-06 1.81572e-06 9.87179e-06 -7.79354e-07 9.14779e-06 -2.08074e-06 9.46384e-06 -5.40907e-06 1.09834e-05 -1.90222e-06 2.3833e-05 -8.02438e-06 1.98371e-05 -2.97358e-06 1.53396e-05 1.57001e-06 1.0367e-05 -2.4976e-06 2.01498e-05 -4.80882e-06 1.41623e-05 -1.96569e-06 4.0683e-05 2.89226e-06 2.15586e-05 -1.23578e-06 2.85082e-05 1.03384e-06 1.69766e-05 
3.18431e-06 3.27794e-06 1.18754e-06 -1.13026e-06 1.28293e-06 3.84384e-06 1.40939e-06 6.41625e-06 3.93021e-07 1.43564e-06 -2.54131e-06 3.74275e-06 3.01078e-06 1.58383e-06 3.43831e-07 3.57722e-06 4.95516e-06 1.02561e-06 2.98795e-06 2.13328e-06 2.70881e-06 3.17506e-06 1.77418e-06 2.89226e-06 1.02457e-05 1.14937e-06 3.24096e-06 2.65499e-06 3.30926e-06 -5.96329e-07 
-3.98992e-06 1.46522e-06 1.42233e-06 3.65904e-06 -1.56279e-06 5.46584e-06 -1.11876e-06 2.32377e-06 -1.4148e-06 4.84231e-06 -3.50095e-07 1.62266e-05 -5.7191e-06 4.95213e-06 -2.45265e-06 1.29981e-05 4.82198e-07 4.19496e-06 1.05944e-06 1.00972e-05 -2.65369e-06 1.12491e-05 -3.29716e-06 2.15586e-05 1.14937e-06 2.68269e-05 -2.49204e-06 9.88302e-06 -1.02372e-06 1.24517e-05 
1.395e-06 1.67253e-06 1.97933e-06 -5.12482e-07 9.34612e-07 8.43614e-07 3.00878e-06 1.2856e-06 1.05428e-06 -1.8466e-06 2.48727e-07 -3.92801e-06 5.02297e-06 -1.47887e-06 8.93487e-07 -2.1886e-06 5.15105e-06 1.21095e-06 4.20009e-07 -3.34613e-07 3.9664e-06 -5.81971e-06 1.62519e-06 -1.23578e-06 3.24096e-06 -2.49204e-06 7.35229e-06 -7.07848e-07 1.37476e-06 2.40797e-06 
-2.15373e-06 -3.28906e-07 1.13448e-06 8.86946e-06 -3.86236e-09 7.93741e-06 -1.97747e-06 1.12094e-05 -3.31397e-06 8.70112e-06 -1.98011e-06 1.64971e-05 -4.37263e-06 1.89453e-05 -9.78337e-07 1.11614e-05 7.97583e-07 1.00756e-05 -2.42642e-06 1.73307e-05 -3.69477e-06 9.64843e-06 1.86874e-07 2.85082e-05 2.65499e-06 9.88302e-06 -7.07848e-07 3.36673e-05 1.73629e-06 7.18218e-06 
1.632e-06 -8.68965e-08 -5.59171e-07 6.28266e-07 4.82558e-08 1.5313e-06 1.8356e-07 3.59312e-06 8.23843e-07 -1.03904e-06 9.82948e-07 -1.54737e-06 1.44987e-06 5.10432e-07 9.5002e-07 2.74534e-07 5.39505e-07 3.02453e-06 1.353e-06 2.13063e-06 1.87069e-06 -8.16366e-08 3.01509e-06 1.03384e-06 3.30926e-06 -1.02372e-06 1.37476e-06 1.73629e-06 6.10492e-06 2.27618e-06 
2.98116e-07 -2.53802e-06 2.83262e-06 6.77238e-06 -1.80404e-06 -5.66459e-07 1.90306e-06 6.47225e-07 -2.28219e-06 -5.01971e-06 4.28431e-06 -5.28403e-06 -1.51329e-07 5.14974e-06 7.99847e-07 -7.0517e-06 -3.07483e-07 1.75077e-05 -2.31947e-06 8.73439e-06 1.38159e-06 -4.53905e-06 -1.54952e-06 1.69766e-05 -5.96329e-07 1.24517e-05 2.40797e-06 7.18218e-06 2.27618e-06 4.80292e-05 
WEIGHT 0.018
ESPERANCE 0.00889762 0.0148744 0.0119367 0.0164384 0.00800465 0.0414636 0.0174077 0.104869 0.0606371 0.148477 0.0676096 0.178784 0.067269 0.121361 0.0423986 0.13272 0.0349733 0.0592236 0.0307656 0.113972 0.0495123 0.0696751 0.0482377 0.172595 0.0353404 0.0925096 0.0376105 0.0969979 0.035635 0.100232
COVARIANCE_MATRIX
1.43018e-05 2.79519e-06 -2.3536e-07 -2.0572e-06 -2.86654e-07 9.30754e-07 1.44408e-06 3.40474e-06 -2.97438e-06 -2.48594e-07 -3.05544e-06 1.36065e-06 -3.23917e-06 4.17931e-07 -9.58766e-07 3.99662e-06 1.1528e-06 2.07177e-07 7.19418e-07 -3.18575e-06 -3.2992e-06 2.70611e-06 -8.30518e-08 1.05103e-06 -1.85058e-06 3.93693e-06 -8.96016e-07 -2.30744e-06 -1.49057e-06 2.4666e-06 
2.79519e-06 2.18267e-05 -4.81332e-06 -4.13638e-06 -1.84817e-07 1.75623e-06 3.07544e-06 6.54883e-06 -5.60303e-07 -3.7271e-06 -5.11879e-06 6.54102e-06 -1.52901e-06 -1.1037e-06 -2.80338e-06 8.8908e-06 3.92801e-06 2.62862e-06 2.42347e-06 -1.00031e-05 6.3695e-07 -1.99904e-06 -2.34465e-06 -5.33318e-09 -2.84641e-07 3.95655e-06 1.43795e-06 6.14288e-07 -4.7297e-06 -3.55122e-06 
-2.3536e-07 -4.81332e-06 1.25473e-05 4.68108e-06 2.85461e-08 -1.64535e-06 -1.84184e-06 -3.14929e-06 3.11382e-06 5.05841e-06 9.6346e-06 1.21375e-07 6.02439e-06 6.65499e-06 5.84534e-06 -3.01938e-06 1.84791e-06 1.07569e-06 -2.38765e-06 7.30943e-06 4.93398e-06 -3.61587e-07 4.41353e-06 3.71441e-06 2.96399e-06 1.86491e-07 3.66613e-06 4.09128e-06 2.96828e-06 7.60664e-06 
-2.0572e-06 -4.13638e-06 4.68108e-06 1.11958e-05 1.05255e-07 1.07947e-06 -1.02299e-06 -1.21085e-06 1.01006e-07 1.81685e-07 1.89185e-06 1.7624e-06 2.25218e-06 4.10232e-06 1.13894e-06 -2.33829e-06 -2.9269e-07 7.93637e-07 -3.12315e-06 4.23467e-06 7.30275e-07 -3.21052e-06 1.75405e-06 5.65912e-06 3.38446e-06 -1.77359e-06 9.19548e-07 3.52065e-06 9.53976e-07 1.01688e-05 
-2.86654e-07 -1.84817e-07 2.85461e-08 1.05255e-07 2.55811e-06 1.64285e-07 3.80341e-07 1.91511e-07 1.71635e-06 6.48146e-08 1.70251e-06 3.22752e-07 2.16055e-06 -1.08594e-07 5.08831e-07 -2.60951e-07 2.76581e-07 1.07656e-06 9.02209e-07 7.1259e-07 2.2277e-06 5.00731e-07 1.85082e-06 5.95849e-07 9.40643e-07 1.10211e-06 1.31158e-06 1.0045e-06 4.99085e-07 5.16165e-08 
9.30754e-07 1.75623e-06 -1.64535e-06 1.07947e-06 1.64285e-07 1.51611e-05 2.2814e-06 1.04281e-05 1.1932e-07 -3.42085e-06 -3.52876e-06 1.91636e-06 1.62299e-06 2.78571e-06 6.36485e-08 5.77623e-06 9.89625e-07 -3.28004e-07 2.91189e-07 -5.23983e-06 -1.66016e-06 7.83433e-06 2.77287e-07 4.87281e-07 2.8352e-06 2.82989e-06 -2.69802e-08 -8.40141e-07 -2.5548e-07 5.00962e-06 
1.44408e-06 3.07544e-06 -1.84184e-06 -1.02299e-06 3.80341e-07 2.2814e-06 4.26756e-06 2.96393e-06 3.31457e-06 -2.24434e-06 2.63303e-06 1.24143e-06 2.02515e-06 -1.97265e-06 -2.17292e-07 4.4434e-06 1.93943e-06 3.47066e-06 3.91805e-06 -2.18389e-06 3.20455e-06 7.48934e-07 2.5449e-06 -2.24541e-06 2.36052e-07 1.23212e-06 1.9508e-06 7.94707e-07 5.3628e-07 -1.47876e-06 
3.40474e-06 6.54883e-06 -3.14929e-06 -1.21085e-06 1.91511e-07 1.04281e-05 2.96393e-06 2.55859e-05 -2.18905e-06 -2.43253e-06 -1.17718e-05 2.0478e-06 -4.97855e-08 8.18173e-06 -4.82316e-07 9.68655e-06 5.16413e-06 7.58298e-06 1.7879e-06 -4.64659e-06 -3.6502e-06 6.32413e-06 7.84415e-07 3.92843e-06 2.74483e-06 3.50861e-07 7.66434e-07 5.4384e-06 -1.84861e-06 6.75789e-06 
-2.97438e-06 -5.60303e-07 3.11382e-06 1.01006e-07 1.71635e-06 1.1932e-07 3.31457e-06 -2.18905e-06 1.51539e-05 1.47565e-06 1.88905e-05 3.95997e-07 1.13842e-05 -3.12505e-07 5.51337e-06 3.65602e-06 3.43185e-06 5.01539e-06 7.83776e-06 3.49655e-06 1.48231e-05 8.35762e-07 1.06695e-05 -2.85446e-06 3.80992e-06 1.36972e-06 8.07952e-06 5.24852e-06 4.86212e-06 -2.2496e-06 
-2.48594e-07 -3.7271e-06 5.05841e-06 1.81685e-07 6.48146e-08 -3.42085e-06 -2.24434e-06 -2.43253e-06 1.47565e-06 1.17759e-05 5.61251e-06 2.563e-06 1.81822e-06 7.44136e-06 4.34526e-06 -1.64447e-06 1.03564e-06 -3.30631e-06 -1.27325e-06 8.09214e-06 3.44918e-06 3.22653e-06 2.58333e-06 7.37572e-06 2.9565e-06 7.94445e-07 2.55982e-06 5.5005e-06 2.27701e-06 5.69636e-06 
-3.05544e-06 -5.11879e-06 9.6346e-06 1.89185e-06 1.70251e-06 -3.52876e-06 2.63303e-06 -1.17718e-05 1.88905e-05 5.61251e-06 3.66568e-05 2.71859e-07 1.51118e-05 1.24092e-06 9.66187e-06 -1.57571e-07 3.28924e-06 2.939e-06 8.14017e-06 1.05773e-05 2.2515e-05 -7.70756e-07 1.4324e-05 -2.00534e-06 4.30594e-06 1.48603e-06 1.15138e-05 7.82238e-06 8.4201e-06 3.83166e-07 
1.36065e-06 6.54102e-06 1.21375e-07 1.7624e-06 3.22752e-07 1.91636e-06 1.24143e-06 2.0478e-06 3.95997e-07 2.563e-06 2.71859e-07 1.38169e-05 5.11103e-07 3.73937e-06 -5.45329e-07 6.15943e-06 1.9877e-06 -1.05642e-06 1.4283e-06 1.15093e-06 3.12863e-06 2.05862e-06 1.1446e-06 1.00069e-05 3.29435e-06 5.83485e-06 1.77472e-06 5.71819e-06 -1.09099e-06 6.89863e-06 
-3.23917e-06 -1.52901e-06 6.02439e-06 2.25218e-06 2.16055e-06 1.62299e-06 2.02515e-06 -4.97855e-08 1.13842e-05 1.81822e-06 1.51118e-05 5.11103e-07 1.5688e-05 1.87955e-06 6.19829e-06 3.35988e-06 4.55953e-06 6.58221e-06 4.789e-06 4.34855e-06 1.38592e-05 2.19162e-06 1.02266e-05 -1.03037e-06 5.006e-06 2.42538e-06 7.70328e-06 6.73774e-06 5.22981e-06 -2.90087e-07 
4.17931e-07 -1.1037e-06 6.65499e-06 4.10232e-06 -1.08594e-07 2.78571e-06 -1.97265e-06 8.18173e-06 -3.12505e-07 7.44136e-06 1.24092e-06 3.73937e-06 1.87955e-06 2.47095e-05 3.97413e-06 -1.65205e-06 1.40657e-06 -2.70814e-06 -3.7811e-06 5.60301e-06 2.015e-06 1.18388e-05 4.3705e-06 1.49161e-05 7.97813e-06 6.62238e-07 3.39589e-06 9.14501e-06 1.33811e-06 2.29066e-05 
-9.58766e-07 -2.80338e-06 5.84534e-06 1.13894e-06 5.08831e-07 6.36485e-08 -2.17292e-07 -4.82316e-07 5.51337e-06 4.34526e-06 9.66187e-06 -5.45329e-07 6.19829e-06 3.97413e-06 7.1793e-06 -9.56493e-08 1.48424e-06 1.18214e-06 8.46069e-07 4.82568e-06 6.21674e-06 8.57835e-07 4.87442e-06 4.20978e-07 2.34594e-06 -5.72895e-07 4.05355e-06 4.5586e-06 3.27901e-06 1.71213e-06 
3.99662e-06 8.8908e-06 -3.01938e-06 -2.33829e-06 -2.60951e-07 5.77623e-06 4.4434e-06 9.68655e-06 3.65602e-06 -1.64447e-06 -1.57571e-07 6.15943e-06 3.35988e-06 -1.65205e-06 -9.56493e-08 1.57086e-05 5.20355e-06 5.65674e-06 6.63234e-06 -3.71026e-06 4.23412e-06 4.97756e-06 3.95796e-06 1.02312e-06 8.5459e-07 7.18845e-06 2.55601e-06 4.24732e-06 5.17932e-08 -2.55553e-06 
1.1528e-06 3.92801e-06 1.84791e-06 -2.9269e-07 2.76581e-07 9.89625e-07 1.93943e-06 5.16413e-06 3.43185e-06 1.03564e-06 3.28924e-06 1.9877e-06 4.55953e-06 1.40657e-06 1.48424e-06 5.20355e-06 7.00996e-06 5.0562e-06 2.67401e-06 2.70498e-07 5.36501e-06 -9.32709e-08 3.25271e-06 4.35657e-07 1.55311e-06 1.10307e-06 4.03417e-06 4.64129e-06 1.09154e-06 1.30372e-06 
2.07177e-07 2.62862e-06 1.07569e-06 7.93637e-07 1.07656e-06 -3.28004e-07 3.47066e-06 7.58298e-06 5.01539e-06 -3.30631e-06 2.939e-06 -1.05642e-06 6.58221e-06 -2.70814e-06 1.18214e-06 5.65674e-06 5.0562e-06 2.54632e-05 4.87276e-06 5.84658e-06 6.82321e-06 -4.79392e-06 8.59335e-06 9.67168e-07 2.36183e-06 3.91912e-07 5.22975e-06 6.21121e-06 2.84247e-06 1.00198e-06 
7.19418e-07 2.42347e-06 -2.38765e-06 -3.12315e-06 9.02209e-07 2.91189e-07 3.91805e-06 1.7879e-06 7.83776e-06 -1.27325e-06 8.14017e-06 1.4283e-06 4.789e-06 -3.7811e-06 8.46069e-07 6.63234e-06 2.67401e-06 4.87276e-06 1.00638e-05 3.46831e-08 8.2839e-06 1.91321e-06 6.31944e-06 -2.36369e-06 6.41869e-07 3.85309e-06 4.14886e-06 2.27345e-06 1.84255e-06 -6.31129e-06 
-3.18575e-06 -1.00031e-05 7.30943e-06 4.23467e-06 7.1259e-07 -5.23983e-06 -2.18389e-06 -4.64659e-06 3.49655e-06 8.09214e-06 1.05773e-05 1.15093e-06 4.34855e-06 5.60301e-06 4.82568e-06 -3.71026e-06 2.70498e-07 5.84658e-06 3.46831e-08 2.34721e-05 6.73916e-06 -2.9533e-06 6.61872e-06 1.19569e-05 4.18385e-06 2.04926e-06 4.57146e-06 1.27311e-05 4.48744e-06 1.31166e-05 
-3.2992e-06 6.3695e-07 4.93398e-06 7.30275e-07 2.2277e-06 -1.66016e-06 3.20455e-06 -3.6502e-06 1.48231e-05 3.44918e-06 2.2515e-05 3.12863e-06 1.38592e-05 2.015e-06 6.21674e-06 4.23412e-06 5.36501e-06 6.82321e-06 8.2839e-06 6.73916e-06 2.1613e-05 1.28195e-06 1.31158e-05 3.98937e-07 5.75609e-06 3.85165e-06 1.08602e-05 9.09212e-06 6.04607e-06 2.95531e-07 
2.70611e-06 -1.99904e-06 -3.61587e-07 -3.21052e-06 5.00731e-07 7.83433e-06 7.48934e-07 6.32413e-06 8.35762e-07 3.22653e-06 -7.70756e-07 2.05862e-06 2.19162e-06 1.18388e-05 8.57835e-07 4.97756e-06 -9.32709e-08 -4.79392e-06 1.91321e-06 -2.9533e-06 1.28195e-06 3.02207e-05 6.11868e-06 3.42575e-06 3.52497e-06 9.82648e-06 4.07002e-07 -2.91579e-06 3.33781e-06 5.38118e-06 
-8.30518e-08 -2.34465e-06 4.41353e-06 1.75405e-06 1.85082e-06 2.77287e-07 2.5449e-06 7.84415e-07 1.06695e-05 2.58333e-06 1.4324e-05 1.1446e-06 1.02266e-05 4.3705e-06 4.87442e-06 3.95796e-06 3.25271e-06 8.59335e-06 6.31944e-06 6.61872e-06 1.31158e-05 6.11868e-06 1.4644e-05 2.50983e-06 5.8879e-06 4.72867e-06 7.49471e-06 5.67464e-06 5.23835e-06 4.03927e-06 
1.05103e-06 -5.33318e-09 3.71441e-06 5.65912e-06 5.95849e-07 4.87281e-07 -2.24541e-06 3.92843e-06 -2.85446e-06 7.37572e-06 -2.00534e-06 1.00069e-05 -1.03037e-06 1.49161e-05 4.20978e-07 1.02312e-06 4.35657e-07 9.67168e-07 -2.36369e-06 1.19569e-05 3.98937e-07 3.42575e-06 2.50983e-06 2.66696e-05 6.879e-06 7.4256e-06 2.01937e-06 1.34538e-05 -1.45471e-06 2.51443e-05 
-1.85058e-06 -2.84641e-07 2.96399e-06 3.38446e-06 9.40643e-07 2.8352e-06 2.36052e-07 2.74483e-06 3.80992e-06 2.9565e-06 4.30594e-06 3.29435e-06 5.006e-06 7.97813e-06 2.34594e-06 8.5459e-07 1.55311e-06 2.36183e-06 6.41869e-07 4.18385e-06 5.75609e-06 3.52497e-06 5.8879e-06 6.879e-06 8.60495e-06 2.59993e-06 4.24584e-06 4.9352e-06 1.52129e-06 9.65638e-06 
3.93693e-06 3.95655e-06 1.86491e-07 -1.77359e-06 1.10211e-06 2.82989e-06 1.23212e-06 3.50861e-07 1.36972e-06 7.94445e-07 1.48603e-06 5.83485e-06 2.42538e-06 6.62238e-07 -5.72895e-07 7.18845e-06 1.10307e-06 3.91912e-07 3.85309e-06 2.04926e-06 3.85165e-06 9.82648e-06 4.72867e-06 7.4256e-06 2.59993e-06 1.79965e-05 1.9277e-06 1.83836e-06 -5.30034e-07 4.82055e-06 
-8.96016e-07 1.43795e-06 3.66613e-06 9.19548e-07 1.31158e-06 -2.69802e-08 1.9508e-06 7.66434e-07 8.07952e-06 2.55982e-06 1.15138e-05 1.77472e-06 7.70328e-06 3.39589e-06 4.05355e-06 2.55601e-06 4.03417e-06 5.22975e-06 4.14886e-06 4.57146e-06 1.08602e-05 4.07002e-07 7.49471e-06 2.01937e-06 4.24584e-06 1.9277e-06 8.39131e-06 6.64406e-06 3.03039e-06 4.21551e-06 
-2.30744e-06 6.14288e-07 4.09128e-06 3.52065e-06 1.0045e-06 -8.40141e-07 7.94707e-07 5.4384e-06 5.24852e-06 5.5005e-06 7.82238e-06 5.71819e-06 6.73774e-06 9.14501e-06 4.5586e-06 4.24732e-06 4.64129e-06 6.21121e-06 2.27345e-06 1.27311e-05 9.09212e-06 -2.91579e-06 5.67464e-06 1.34538e-05 4.9352e-06 1.83836e-06 6.64406e-06 2.09369e-05 2.03504e-06 1.43619e-05 
-1.49057e-06 -4.7297e-06 2.96828e-06 9.53976e-07 4.99085e-07 -2.5548e-07 5.3628e-07 -1.84861e-06 4.86212e-06 2.27701e-06 8.4201e-06 -1.09099e-06 5.22981e-06 1.33811e-06 3.27901e-06 5.17932e-08 1.09154e-06 2.84247e-06 1.84255e-06 4.48744e-06 6.04607e-06 3.33781e-06 5.23835e-06 -1.45471e-06 1.52129e-06 -5.30034e-07 3.03039e-06 2.03504e-06 5.98469e-06 2.42516e-08 
2.4666e-06 -3.55122e-06 7.60664e-06 1.01688e-05 5.16165e-08 5.00962e-06 -1.47876e-06 6.75789e-06 -2.2496e-06 5.69636e-06 3.83166e-07 6.89863e-06 -2.90087e-07 2.29066e-05 1.71213e-06 -2.55553e-06 1.30372e-06 1.00198e-06 -6.31129e-06 1.31166e-05 2.95531e-07 5.38118e-06 4.03927e-06 2.51443e-05 9.65638e-06 4.82055e-06 4.21551e-06 1.43619e-05 2.42516e-08 4.6274e-05 
WEIGHT 0.00666667
ESPERANCE 0.0114153 0.0182731 0.00678782 0.024524 0.00718461 0.0588338 0.011355 0.141048 0.0237184 0.189304 0.0314549 0.281977 0.0280132 0.161516 0.0285298 0.18607 0.0254581 0.0598688 0.0254376 0.134381 0.0251138 0.133166 0.0309677 0.213484 0.0341835 0.11053 0.0246822 0.115672 0.0256199 0.0908905
COVARIANCE_MATRIX
1.29807e-05 -1.60677e-06 2.11076e-06 -7.45952e-06 5.06133e-07 -1.27285e-06 -9.40793e-07 -4.48291e-06 3.73973e-06 -1.47346e-06 4.71411e-06 -2.65986e-06 8.26685e-06 4.46542e-07 2.52046e-06 -4.99629e-06 2.76031e-06 2.52933e-06 -3.18786e-07 -3.96629e-07 4.89198e-06 1.32972e-06 5.54434e-06 -4.44658e-06 3.96876e-06 1.34114e-06 4.10874e-06 -9.8263e-06 1.88381e-06 1.67141e-05 
-1.60677e-06 8.42127e-06 9.23108e-07 -5.98421e-07 1.0078e-06 2.15364e-06 2.90804e-06 3.15579e-06 -4.35017e-07 2.42191e-06 -1.39866e-06 5.61582e-06 -1.57016e-06 2.36808e-06 3.03528e-07 5.08793e-06 -4.61522e-07 1.14533e-06 -1.05917e-06 3.53257e-06 -8.7654e-07 8.22996e-06 8.36818e-07 4.61682e-06 -9.77347e-07 3.68074e-06 -2.6003e-07 4.05886e-06 8.9373e-07 -5.67835e-07 
2.11076e-06 9.23108e-07 4.37592e-06 -1.12295e-06 -1.91082e-07 -8.25428e-07 1.0588e-06 -1.66668e-06 2.30629e-06 -1.72289e-07 2.54316e-06 -1.02224e-06 4.16862e-06 1.83302e-07 9.4993e-07 -1.16454e-06 1.45109e-06 1.82966e-07 9.82664e-07 -7.14764e-07 2.79816e-06 9.31621e-07 2.18647e-06 -9.48436e-09 1.82431e-06 1.58866e-06 1.70834e-06 -1.10669e-06 8.95446e-07 3.14549e-06 
-7.45952e-06 -5.98421e-07 -1.12295e-06 1.83e-05 -2.22308e-06 1.81514e-06 4.99165e-07 -2.25051e-07 -1.21371e-06 -9.76358e-07 2.59222e-08 -1.9827e-06 -5.48309e-06 4.14199e-07 -3.20743e-06 -1.61217e-06 -2.40364e-06 -3.42276e-06 -8.14182e-07 -4.72986e-06 -2.51282e-06 -6.12937e-06 -2.28696e-06 1.63969e-06 -1.21839e-06 -6.14626e-06 -2.54606e-06 8.35077e-06 -9.12532e-07 -1.4395e-05 
5.06133e-07 1.0078e-06 -1.91082e-07 -2.22308e-06 4.41934e-06 3.84435e-07 5.35758e-08 2.17851e-06 1.93195e-06 3.77614e-07 4.19206e-07 -1.25546e-06 3.42106e-07 -1.26051e-06 1.0647e-06 1.58666e-06 1.52396e-06 6.5536e-07 2.07367e-06 1.89679e-06 -2.85516e-07 1.52494e-06 -2.78427e-07 1.06717e-06 1.84274e-06 -9.64541e-07 -2.20431e-07 2.55541e-06 1.70158e-06 -2.19685e-06 
-1.27285e-06 2.15364e-06 -8.25428e-07 1.81514e-06 3.84435e-07 8.45385e-06 1.42157e-06 7.81816e-06 -2.81366e-07 -1.26156e-06 3.0793e-07 4.77237e-06 -5.57165e-07 -3.90801e-06 7.7564e-07 6.64442e-06 1.30726e-06 -3.57738e-07 1.01892e-06 -1.30771e-08 8.02946e-08 1.59516e-06 7.84783e-07 2.08164e-07 8.85472e-07 7.2495e-07 -8.45276e-07 -3.23229e-07 1.06559e-06 -6.95529e-06 
-9.40793e-07 2.90804e-06 1.0588e-06 4.99165e-07 5.35758e-08 1.42157e-06 7.82734e-06 3.67171e-06 -1.03236e-06 1.00075e-06 -5.44268e-06 7.80047e-06 -1.65346e-07 -1.11281e-06 -9.21528e-07 5.53203e-06 2.22771e-06 3.92203e-06 -5.55403e-07 2.43514e-06 1.72839e-06 3.70061e-06 -3.34528e-07 9.28637e-06 -8.64043e-07 1.21761e-05 5.0312e-07 2.35838e-06 1.44143e-07 5.13382e-06 
-4.48291e-06 3.15579e-06 -1.66668e-06 -2.25051e-07 2.17851e-06 7.81816e-06 3.67171e-06 1.87775e-05 -3.64096e-06 1.60321e-06 -6.90316e-06 9.84321e-06 -2.52298e-06 -4.81481e-06 -1.08835e-06 1.44385e-05 2.74494e-06 5.59277e-06 1.93851e-06 4.29171e-06 4.0739e-07 7.63858e-06 -2.15143e-06 4.77735e-06 1.19643e-06 3.39617e-06 -9.47554e-07 4.6816e-06 2.19432e-06 -6.88058e-06 
3.73973e-06 -4.35017e-07 2.30629e-06 -1.21371e-06 1.93195e-06 -2.81366e-07 -1.03236e-06 -3.64096e-06 7.07151e-06 -2.98288e-06 7.6678e-06 -8.11902e-06 5.2849e-06 -3.16618e-06 3.13765e-06 -5.14661e-06 2.51171e-06 -1.73307e-06 2.97629e-06 -2.64284e-06 2.62504e-06 -4.41593e-06 3.11602e-06 -5.22133e-06 4.21568e-06 -3.97507e-06 9.21711e-07 -2.80121e-06 2.0913e-06 -8.02751e-07 
-1.47346e-06 2.42191e-06 -1.72289e-07 -9.76358e-07 3.77614e-07 -1.26156e-06 1.00075e-06 1.60321e-06 -2.98288e-06 8.39174e-06 -6.62613e-06 1.08814e-05 -2.74985e-06 8.46348e-06 -2.84664e-06 8.04665e-06 -1.04954e-06 9.56181e-07 -2.01644e-06 7.74271e-06 -2.55236e-06 1.2405e-05 -9.07446e-07 1.32875e-05 -2.18538e-06 7.45916e-06 1.26869e-07 9.78978e-06 -1.93237e-08 2.06561e-06 
4.71411e-06 -1.39866e-06 2.54316e-06 2.59222e-08 4.19206e-07 3.0793e-07 -5.44268e-06 -6.90316e-06 7.6678e-06 -6.62613e-06 1.74904e-05 -1.71602e-05 6.82947e-06 -4.9097e-06 6.1517e-06 -1.21587e-05 -1.00618e-07 -5.59757e-06 3.70575e-06 -8.54283e-06 3.07732e-06 -1.03142e-05 6.30843e-06 -1.85613e-05 4.18981e-06 -1.53594e-05 9.74735e-07 -9.79756e-06 1.21885e-06 -5.30827e-06 
-2.65986e-06 5.61582e-06 -1.02224e-06 -1.9827e-06 -1.25546e-06 4.77237e-06 7.80047e-06 9.84321e-06 -8.11902e-06 1.08814e-05 -1.71602e-05 3.48831e-05 -4.92614e-06 9.82259e-06 -5.23523e-06 2.25649e-05 1.08349e-06 4.19315e-06 -3.33341e-06 1.45228e-05 1.84253e-07 2.1424e-05 3.45094e-07 2.93519e-05 -3.98379e-06 3.0118e-05 1.59386e-06 1.12169e-05 2.70209e-07 1.10326e-05 
8.26685e-06 -1.57016e-06 4.16862e-06 -5.48309e-06 3.42106e-07 -5.57165e-07 -1.65346e-07 -2.52298e-06 5.2849e-06 -2.74985e-06 6.82947e-06 -4.92614e-06 1.33566e-05 -4.20607e-06 4.37426e-06 -4.03144e-06 6.21574e-06 2.05505e-06 3.62184e-06 -2.13417e-06 7.5425e-06 -1.77466e-06 5.79801e-06 -4.69341e-06 7.43045e-06 2.87607e-06 3.86061e-06 -7.98831e-06 3.62028e-06 1.0723e-05 
4.46542e-07 2.36808e-06 1.83302e-07 4.14199e-07 -1.26051e-06 -3.90801e-06 -1.11281e-06 -4.81481e-06 -3.16618e-06 8.46348e-06 -4.9097e-06 9.82259e-06 -4.20607e-06 1.7786e-05 -4.36929e-06 3.41067e-06 -4.42099e-06 -2.2121e-06 -6.35112e-06 8.24608e-06 -4.19417e-06 1.28113e-05 -1.32204e-06 1.52256e-05 -5.28884e-06 4.6227e-06 4.83723e-07 1.23042e-05 -2.44043e-06 3.6766e-06 
2.52046e-06 3.03528e-07 9.4993e-07 -3.20743e-06 1.0647e-06 7.7564e-07 -9.21528e-07 -1.08835e-06 3.13765e-06 -2.84664e-06 6.1517e-06 -5.23523e-06 4.37426e-06 -4.36929e-06 5.42426e-06 -2.90993e-06 1.25625e-06 -8.9287e-07 2.85407e-06 -2.5103e-06 2.20819e-06 -3.08628e-06 3.83238e-06 -6.96611e-06 2.09856e-06 -1.7993e-06 7.1146e-07 -6.00615e-06 1.04505e-06 6.49972e-07 
-4.99629e-06 5.08793e-06 -1.16454e-06 -1.61217e-06 1.58666e-06 6.64442e-06 5.53203e-06 1.44385e-05 -5.14661e-06 8.04665e-06 -1.21587e-05 2.25649e-05 -4.03144e-06 3.41067e-06 -2.90993e-06 2.26093e-05 2.26074e-06 3.41091e-06 1.0483e-07 1.17953e-05 -1.74119e-06 1.66345e-05 -1.25479e-06 2.09805e-05 -9.73536e-07 1.65226e-05 -3.1594e-07 1.3002e-05 1.55839e-06 -3.49283e-06 
2.76031e-06 -4.61522e-07 1.45109e-06 -2.40364e-06 1.52396e-06 1.30726e-06 2.22771e-06 2.74494e-06 2.51171e-06 -1.04954e-06 -1.00618e-07 1.08349e-06 6.21574e-06 -4.42099e-06 1.25625e-06 2.26074e-06 8.18164e-06 2.89389e-06 3.77984e-06 1.77444e-06 4.93718e-06 -4.20994e-07 7.7497e-07 3.79933e-06 7.07311e-06 6.98538e-06 2.03229e-06 4.49775e-07 4.27547e-06 4.35424e-06 
2.52933e-06 1.14533e-06 1.82966e-07 -3.42276e-06 6.5536e-07 -3.57738e-07 3.92203e-06 5.59277e-06 -1.73307e-06 9.56181e-07 -5.59757e-06 4.19315e-06 2.05505e-06 -2.2121e-06 -8.9287e-07 3.41091e-06 2.89389e-06 9.56656e-06 -4.70498e-07 2.61588e-06 3.34825e-06 5.00937e-06 4.36124e-08 2.53077e-06 1.42543e-06 7.16236e-06 1.38423e-06 -2.03634e-06 1.57687e-06 1.23331e-05 
-3.18786e-07 -1.05917e-06 9.82664e-07 -8.14182e-07 2.07367e-06 1.01892e-06 -5.55403e-07 1.93851e-06 2.97629e-06 -2.01644e-06 3.70575e-06 -3.33341e-06 3.62184e-06 -6.35112e-06 2.85407e-06 1.0483e-07 3.77984e-06 -4.70498e-07 7.25054e-06 -1.46515e-06 3.45062e-06 -3.69024e-06 2.12043e-06 -3.99031e-06 5.48197e-06 -3.28539e-07 1.03681e-06 -1.91419e-06 3.4303e-06 -2.86622e-06 
-3.96629e-07 3.53257e-06 -7.14764e-07 -4.72986e-06 1.89679e-06 -1.30771e-08 2.43514e-06 4.29171e-06 -2.64284e-06 7.74271e-06 -8.54283e-06 1.45228e-05 -2.13417e-06 8.24608e-06 -2.5103e-06 1.17953e-05 1.77444e-06 2.61588e-06 -1.46515e-06 1.35728e-05 -1.58906e-06 1.38454e-05 -1.32266e-06 1.9386e-05 -3.62446e-07 1.39112e-05 5.68824e-07 1.3137e-05 1.39603e-06 4.39404e-06 
4.89198e-06 -8.7654e-07 2.79816e-06 -2.51282e-06 -2.85516e-07 8.02946e-08 1.72839e-06 4.0739e-07 2.62504e-06 -2.55236e-06 3.07732e-06 1.84253e-07 7.5425e-06 -4.19417e-06 2.20819e-06 -1.74119e-06 4.93718e-06 3.34825e-06 3.45062e-06 -1.58906e-06 9.51727e-06 -2.401e-06 5.04012e-06 -3.09689e-06 5.89908e-06 6.11806e-06 3.97063e-06 -7.21594e-06 3.25201e-06 1.15983e-05 
1.32972e-06 8.22996e-06 9.31621e-07 -6.12937e-06 1.52494e-06 1.59516e-06 3.70061e-06 7.63858e-06 -4.41593e-06 1.2405e-05 -1.03142e-05 2.1424e-05 -1.77466e-06 1.28113e-05 -3.08628e-06 1.66345e-05 -4.20994e-07 5.00937e-06 -3.69024e-06 1.38454e-05 -2.401e-06 2.98085e-05 8.27914e-07 2.03622e-05 -3.2735e-06 1.52767e-05 8.87965e-07 1.17403e-05 1.59763e-06 9.27271e-06 
5.54434e-06 8.36818e-07 2.18647e-06 -2.28696e-06 -2.78427e-07 7.84783e-07 -3.34528e-07 -2.15143e-06 3.11602e-06 -9.07446e-07 6.30843e-06 3.45094e-07 5.79801e-06 -1.32204e-06 3.83238e-06 -1.25479e-06 7.7497e-07 4.36124e-08 2.12043e-06 -1.32266e-06 5.04012e-06 8.27914e-07 1.04702e-05 -5.10462e-06 3.13715e-06 1.70291e-06 3.44572e-06 -7.00091e-06 2.05033e-06 7.82909e-06 
-4.44658e-06 4.61682e-06 -9.48436e-09 1.63969e-06 1.06717e-06 2.08164e-07 9.28637e-06 4.77735e-06 -5.22133e-06 1.32875e-05 -1.85613e-05 2.93519e-05 -4.69341e-06 1.52256e-05 -6.96611e-06 2.09805e-05 3.79933e-06 2.53077e-06 -3.99031e-06 1.9386e-05 -3.09689e-06 2.03622e-05 -5.10462e-06 4.5477e-05 -3.06081e-06 3.27678e-05 -3.49976e-08 2.84222e-05 3.01094e-07 4.17169e-06 
3.96876e-06 -9.77347e-07 1.82431e-06 -1.21839e-06 1.84274e-06 8.85472e-07 -8.64043e-07 1.19643e-06 4.21568e-06 -2.18538e-06 4.18981e-06 -3.98379e-06 7.43045e-06 -5.28884e-06 2.09856e-06 -9.73536e-07 7.07311e-06 1.42543e-06 5.48197e-06 -3.62446e-07 5.89908e-06 -3.2735e-06 3.13715e-06 -3.06081e-06 1.14614e-05 -1.20195e-06 3.22624e-06 -1.24659e-06 6.00449e-06 1.98709e-06 
1.34114e-06 3.68074e-06 1.58866e-06 -6.14626e-06 -9.64541e-07 7.2495e-07 1.21761e-05 3.39617e-06 -3.97507e-06 7.45916e-06 -1.53594e-05 3.0118e-05 2.87607e-06 4.6227e-06 -1.7993e-06 1.65226e-05 6.98538e-06 7.16236e-06 -3.28539e-07 1.39112e-05 6.11806e-06 1.52767e-05 1.70291e-06 3.27678e-05 -1.20195e-06 4.61475e-05 2.92051e-06 6.58839e-06 1.49755e-06 2.51748e-05 
4.10874e-06 -2.6003e-07 1.70834e-06 -2.54606e-06 -2.20431e-07 -8.45276e-07 5.0312e-07 -9.47554e-07 9.21711e-07 1.26869e-07 9.74735e-07 1.59386e-06 3.86061e-06 4.83723e-07 7.1146e-07 -3.1594e-07 2.03229e-06 1.38423e-06 1.03681e-06 5.68824e-07 3.97063e-06 8.87965e-07 3.44572e-06 -3.49976e-08 3.22624e-06 2.92051e-06 4.2609e-06 -2.91926e-06 1.71425e-06 7.94709e-06 
-9.8263e-06 4.05886e-06 -1.10669e-06 8.35077e-06 2.55541e-06 -3.23229e-07 2.35838e-06 4.6816e-06 -2.80121e-06 9.78978e-06 -9.79756e-06 1.12169e-05 -7.98831e-06 1.23042e-05 -6.00615e-06 1.3002e-05 4.49775e-07 -2.03634e-06 -1.91419e-06 1.3137e-05 -7.21594e-06 1.17403e-05 -7.00091e-06 2.84222e-05 -1.24659e-06 6.58839e-06 -2.91926e-06 3.31276e-05 8.85932e-07 -1.73984e-05 
1.88381e-06 8.9373e-07 8.95446e-07 -9.12532e-07 1.70158e-06 1.06559e-06 1.44143e-07 2.19432e-06 2.0913e-06 -1.93237e-08 1.21885e-06 2.70209e-07 3.62028e-06 -2.44043e-06 1.04505e-06 1.55839e-06 4.27547e-06 1.57687e-06 3.4303e-06 1.39603e-06 3.25201e-06 1.59763e-06 2.05033e-06 3.01094e-07 6.00449e-06 1.49755e-06 1.71425e-06 8.85932e-07 5.30306e-06 1.71792e-06 
1.67141e-05 -5.67835e-07 3.14549e-06 -1.4395e-05 -2.19685e-06 -6.95529e-06 5.13382e-06 -6.88058e-06 -8.02751e-07 2.06561e-06 -5.30827e-06 1.10326e-05 1.0723e-05 3.6766e-06 6.49972e-07 -3.49283e-06 4.35424e-06 1.23331e-05 -2.86622e-06 4.39404e-06 1.15983e-05 9.27271e-06 7.82909e-06 4.17169e-06 1.98709e-06 2.51748e-05 7.94709e-06 -1.73984e-05 1.71792e-06 5.00618e-05 
WEIGHT 0.0330224
ESPERANCE 0.00831302 0.0153833 0.00882828 0.0183924 0.00719809 0.0477938 0.0138304 0.117273 0.0418763 0.153558 0.0449442 0.199264 0.053003 0.128697 0.0340192 0.14174 0.032129 0.0577577 0.0225355 0.112292 0.0345555 0.0822562 0.0368996 0.179226 0.032342 0.091544 0.0281417 0.0979445 0.02843 0.0915191
COVARIANCE_MATRIX
1.29714e-05 1.35935e-07 -5.06641e-07 -1.0853e-06 1.14373e-06 1.01485e-06 1.55611e-06 1.16628e-06 1.99074e-06 -5.21845e-07 1.63064e-06 -5.13225e-08 4.91239e-07 3.42429e-07 4.6089e-07 1.64678e-06 -9.60987e-07 -8.42568e-07 3.20442e-06 -3.00794e-06 9.66587e-07 1.40803e-06 3.07767e-06 -1.17431e-06 2.70306e-06 -3.1286e-07 1.7266e-07 -2.64526e-06 1.67377e-08 1.91707e-06 
1.35935e-07 1.75391e-05 -1.32488e-06 -3.0298e-06 -2.41125e-08 1.17425e-06 8.27743e-07 2.73754e-06 -5.74215e-07 3.12564e-07 -2.65078e-06 3.89324e-06 -1.15567e-06 -1.07765e-06 -1.82653e-06 4.47746e-06 1.36429e-06 3.81825e-06 1.10296e-06 -2.1365e-06 5.35903e-07 1.03789e-06 -9.84728e-07 3.47884e-06 1.39107e-06 5.26951e-06 -1.42145e-08 -9.82705e-07 -1.33121e-06 1.48333e-06 
-5.06641e-07 -1.32488e-06 6.65993e-06 1.67066e-09 8.03832e-07 -8.98721e-08 9.75617e-07 -6.96509e-07 -8.08441e-08 -8.9143e-07 4.64942e-07 -9.17848e-07 3.4735e-06 -5.00455e-09 1.93454e-06 -3.12875e-06 2.87887e-06 8.52011e-07 -2.01673e-06 9.77875e-07 1.88977e-06 -2.76526e-06 -4.83227e-07 4.81164e-07 -3.28976e-07 -9.20777e-07 1.84651e-06 1.41217e-06 -9.55535e-07 2.9087e-06 
-1.0853e-06 -3.0298e-06 1.67066e-09 1.70732e-05 -2.01472e-08 4.99778e-06 -9.0883e-07 2.72073e-06 4.20929e-07 -1.63041e-06 1.43826e-08 2.7932e-06 3.75096e-06 4.24419e-06 7.11984e-07 1.75778e-06 2.00889e-06 2.02499e-06 -1.9059e-06 2.78629e-06 1.64412e-06 -1.14922e-06 -1.82545e-07 1.0191e-05 2.32068e-07 3.9483e-06 1.42633e-06 8.0204e-06 -1.429e-07 7.59722e-06 
1.14373e-06 -2.41125e-08 8.03832e-07 -2.01472e-08 3.12402e-06 1.14907e-06 1.12771e-06 1.58085e-06 1.17003e-06 -3.49677e-07 -8.24162e-07 -1.21936e-06 2.60771e-06 -1.41158e-07 8.47017e-07 -8.19267e-07 1.02534e-06 5.77027e-07 5.26437e-07 -9.86268e-08 1.37906e-06 -1.59909e-07 3.84297e-07 1.51635e-07 6.55874e-08 -8.23943e-07 6.10428e-07 1.24071e-06 3.13139e-07 3.92673e-07 
1.01485e-06 1.17425e-06 -8.98721e-08 4.99778e-06 1.14907e-06 1.3598e-05 1.49126e-06 1.27446e-05 8.57077e-07 -3.40339e-06 -4.14406e-06 1.76152e-06 5.0081e-06 5.29386e-07 4.86768e-08 6.55655e-06 5.52491e-06 4.67116e-06 1.41659e-06 7.3578e-07 1.85078e-06 -1.39949e-07 -1.52338e-06 5.15779e-06 3.54947e-06 3.31513e-06 1.28318e-06 5.37457e-06 4.06651e-07 3.06505e-06 
1.55611e-06 8.27743e-07 9.75617e-07 -9.0883e-07 1.12771e-06 1.49126e-06 4.28279e-06 2.02733e-06 1.65993e-06 -2.86737e-06 -3.83351e-08 -2.89315e-06 3.74677e-06 -2.4518e-06 1.00548e-06 2.06477e-07 2.12394e-06 1.34915e-06 1.28872e-06 -1.49513e-06 2.92437e-06 -2.16691e-06 1.53024e-06 -2.08863e-06 1.73788e-07 -6.21812e-07 1.68848e-06 -7.94153e-07 8.22624e-07 1.16776e-06 
1.16628e-06 2.73754e-06 -6.96509e-07 2.72073e-06 1.58085e-06 1.27446e-05 2.02733e-06 2.75345e-05 3.44934e-07 -3.07291e-06 -5.96504e-06 1.34858e-06 3.22358e-06 3.46409e-06 -8.73684e-07 1.04355e-05 6.12623e-06 1.19693e-05 3.85938e-06 1.9644e-06 7.81694e-07 -7.89453e-07 -9.40333e-08 7.70874e-06 6.35258e-06 1.86798e-06 1.89287e-06 9.94857e-06 1.23312e-06 3.99283e-06 
1.99074e-06 -5.74215e-07 -8.08441e-08 4.20929e-07 1.17003e-06 8.57077e-07 1.65993e-06 3.44934e-07 9.02915e-06 -2.54322e-06 5.50904e-06 -5.58979e-06 6.15055e-06 -2.79101e-06 4.19197e-06 -1.35734e-06 -4.18067e-07 5.88821e-08 4.30858e-06 -8.4101e-07 5.89494e-06 -6.66742e-07 6.05308e-06 -3.77804e-06 1.6249e-06 -1.42953e-06 2.57854e-06 -2.651e-07 2.89613e-06 1.5061e-06 
-5.21845e-07 3.12564e-07 -8.9143e-07 -1.63041e-06 -3.49677e-07 -3.40339e-06 -2.86737e-06 -3.07291e-06 -2.54322e-06 1.46378e-05 8.62004e-07 1.09084e-05 -8.04633e-06 9.20374e-06 -1.62914e-06 5.26192e-06 -4.42781e-06 -6.23082e-06 1.14398e-07 6.41085e-06 -5.47182e-06 1.62662e-05 3.661e-07 8.93389e-06 2.41289e-07 4.33809e-06 -2.76356e-06 4.31079e-06 5.64761e-07 -3.3354e-06 
1.63064e-06 -2.65078e-06 4.64942e-07 1.43826e-08 -8.24162e-07 -4.14406e-06 -3.83351e-08 -5.96504e-06 5.50904e-06 8.62004e-07 1.31951e-05 -3.25099e-06 -8.3619e-07 -1.25984e-06 3.00418e-06 -6.08914e-07 -5.88317e-06 -3.39929e-06 3.28564e-06 3.95012e-07 2.58738e-06 4.20724e-06 6.39007e-06 -3.5738e-06 1.43801e-07 -4.21552e-07 1.64457e-06 -3.08868e-06 1.58826e-06 1.38654e-06 
-5.13225e-08 3.89324e-06 -9.17848e-07 2.7932e-06 -1.21936e-06 1.76152e-06 -2.89315e-06 1.34858e-06 -5.58979e-06 1.09084e-05 -3.25099e-06 2.40074e-05 -1.05713e-05 1.01675e-05 -3.64286e-06 1.27187e-05 -1.94284e-06 -2.81195e-06 -5.501e-07 5.51947e-06 -7.77579e-06 1.63646e-05 -2.58505e-06 1.75238e-05 4.7143e-08 1.336e-05 -5.27748e-06 7.94523e-06 -1.21219e-06 -2.32225e-06 
4.91239e-07 -1.15567e-06 3.4735e-06 3.75096e-06 2.60771e-06 5.0081e-06 3.74677e-06 3.22358e-06 6.15055e-06 -8.04633e-06 -8.3619e-07 -1.05713e-05 2.0189e-05 -4.31727e-06 5.49049e-06 -6.61205e-06 8.65314e-06 5.00275e-06 -4.28699e-07 -5.81123e-07 1.05773e-05 -9.58806e-06 3.37234e-06 -2.47577e-06 2.51109e-06 -2.92757e-06 5.6412e-06 4.61897e-06 2.32147e-06 6.53158e-06 
3.42429e-07 -1.07765e-06 -5.00455e-09 4.24419e-06 -1.41158e-07 5.29386e-07 -2.4518e-06 3.46409e-06 -2.79101e-06 9.20374e-06 -1.25984e-06 1.01675e-05 -4.31727e-06 1.94023e-05 -1.60416e-06 1.97189e-06 -7.11499e-07 1.29916e-07 -2.2951e-06 7.928e-06 -3.36715e-06 1.35989e-05 -1.71501e-06 1.60275e-05 2.3135e-07 4.13749e-06 -1.54404e-06 1.26839e-05 -3.80843e-07 9.09882e-06 
