DESCRIPTOR_NAME Steinhardt
FILTER_TYPE element
NUMBER_OF_DIMENSION 30
CUTOFF_RADIUS 5.000000
STEINHARDT_STYLE Multi
AVE_STYLE Multi
STEINHARDT_MODE Full
FILTER_VALUE H
NUMBER_OF_CLUSTER 7
WEIGHT 0.0268957
ESPERANCE 0.00919807 0.0125316 0.00699543 0.0179069 0.00740843 0.0678695 0.00756166 0.154993 0.0098341 0.214568 0.0097336 0.330534 0.010204 0.187661 0.00894725 0.241896 0.00912109 0.0536403 0.0111175 0.178412 0.0111926 0.174394 0.0131496 0.286856 0.0124297 0.155968 0.0122252 0.152721 0.0121115 0.107871
COVARIANCE_MATRIX
1.18754e-05 -2.05384e-06 1.51665e-06 -1.22513e-06 1.67497e-06 1.88797e-06 2.38992e-06 2.11996e-06 6.09798e-06 -6.77297e-07 5.90418e-06 8.36157e-07 5.64689e-06 -1.66025e-06 2.45498e-06 1.48265e-06 1.79554e-06 1.30656e-06 4.74021e-06 1.56117e-06 4.75705e-06 -2.42963e-06 7.13532e-06 1.03207e-06 4.76108e-06 1.72251e-06 2.54781e-06 -1.00381e-06 2.96092e-06 -3.06302e-07 
-2.05384e-06 1.47479e-05 5.98403e-07 1.49851e-06 -2.51205e-07 -1.15057e-06 1.78869e-07 -2.38684e-06 -5.67422e-07 6.92227e-07 -1.1477e-06 7.99357e-07 -6.11649e-08 2.69003e-06 -2.94787e-07 -1.12603e-06 2.07797e-07 -1.74114e-06 -2.8935e-07 1.03314e-06 -3.23852e-07 1.10623e-06 -7.55799e-07 1.67521e-06 -3.52939e-07 2.29375e-06 3.5052e-07 1.09067e-06 2.14302e-07 6.78497e-07 
1.51665e-06 5.98403e-07 4.18585e-06 -8.55982e-07 1.20676e-06 6.88807e-07 8.68534e-07 8.30519e-07 2.36689e-06 -3.4758e-07 1.2429e-06 7.43001e-07 2.18013e-06 -2.47862e-07 1.70693e-06 5.87655e-07 1.41793e-06 4.78568e-07 1.99779e-06 9.22711e-07 1.32966e-06 -6.7285e-07 2.00721e-06 1.25745e-06 1.12636e-06 1.24096e-06 1.85688e-06 6.7467e-07 1.79936e-06 -2.70811e-07 
-1.22513e-06 1.49851e-06 -8.55982e-07 8.44743e-06 6.50822e-07 -8.14796e-07 -7.45774e-07 -1.16619e-06 -2.22463e-07 9.72657e-07 -4.09248e-07 2.42415e-07 -4.66591e-07 1.99469e-06 2.82227e-07 -4.12651e-07 -4.01104e-07 1.14877e-06 -3.32534e-07 1.94197e-07 7.66302e-08 4.01964e-06 -1.57939e-07 7.79057e-07 1.94462e-08 -6.63163e-07 3.58481e-07 4.6809e-06 -2.09571e-07 -1.03219e-08 
1.67497e-06 -2.51205e-07 1.20676e-06 6.50822e-07 4.35937e-06 7.78859e-07 8.7981e-07 1.5497e-06 2.3514e-06 -3.53774e-07 1.39763e-06 6.72078e-07 1.96039e-06 -2.62154e-07 1.74225e-06 9.71673e-07 1.74583e-06 1.70856e-06 1.66592e-06 9.84585e-07 1.25577e-06 -3.41816e-07 1.79553e-06 1.38932e-06 1.32306e-06 4.83514e-07 2.00961e-06 2.04289e-06 1.18037e-06 -5.22879e-07 
1.88797e-06 -1.15057e-06 6.88807e-07 -8.14796e-07 7.78859e-07 6.96911e-06 -3.92206e-07 9.31111e-06 1.24183e-06 -2.83448e-06 1.24562e-06 1.11401e-06 1.3701e-06 -5.20803e-06 7.29227e-07 3.50542e-06 9.02723e-08 5.88595e-06 5.08732e-07 1.57113e-06 7.06488e-07 -6.42294e-06 1.54819e-06 -8.97016e-07 8.72382e-07 -3.36468e-08 7.00874e-07 -1.79387e-06 5.90473e-07 -3.34015e-06 
2.38992e-06 1.78869e-07 8.68534e-07 -7.45774e-07 8.7981e-07 -3.92206e-07 5.43619e-06 -8.60763e-07 1.43568e-06 3.03346e-07 2.28148e-06 4.28807e-07 1.43881e-06 7.53126e-07 2.07759e-06 -6.73969e-08 1.52533e-06 -9.13532e-07 2.47682e-06 4.35354e-07 2.09468e-06 1.47239e-06 2.31545e-06 1.21908e-06 1.72947e-06 1.26458e-06 1.44958e-06 9.39148e-07 1.50873e-06 1.00366e-06 
2.11996e-06 -2.38684e-06 8.30519e-07 -1.16619e-06 1.5497e-06 9.31111e-06 -8.60763e-07 1.86124e-05 1.60232e-06 -5.65811e-06 1.55559e-06 4.01179e-07 2.17717e-06 -8.08476e-06 7.65672e-07 4.66058e-06 2.52769e-07 1.17082e-05 7.40833e-07 1.36444e-07 3.69044e-07 -1.1184e-05 2.25607e-06 -3.59949e-06 1.37825e-06 -4.68642e-06 1.3765e-06 -1.87969e-06 5.22969e-07 -6.67577e-06 
6.09798e-06 -5.67422e-07 2.36689e-06 -2.22463e-07 2.3514e-06 1.24183e-06 1.43568e-06 1.60232e-06 7.20566e-06 -5.13376e-07 4.04958e-06 9.94406e-07 4.73444e-06 -5.92168e-07 2.64144e-06 1.25909e-06 2.20156e-06 1.46554e-06 4.58498e-06 1.52112e-06 4.30136e-06 -1.58691e-06 5.78092e-06 2.00931e-06 4.23416e-06 1.79026e-06 3.03841e-06 7.82365e-07 3.28969e-06 -1.95913e-07 
-6.77297e-07 6.92227e-07 -3.4758e-07 9.72657e-07 -3.53774e-07 -2.83448e-06 3.03346e-07 -5.65811e-06 -5.13376e-07 3.1306e-06 -4.70353e-07 1.39372e-07 -6.61646e-07 2.38455e-06 -2.24051e-07 -9.00632e-07 -1.67019e-07 -3.66403e-06 -2.26523e-07 4.20335e-07 -4.9206e-08 4.51451e-06 -7.15388e-07 1.76183e-06 -5.1447e-07 2.04538e-06 -4.77429e-07 1.28679e-06 -1.18222e-07 2.48953e-06 
5.90418e-06 -1.1477e-06 1.2429e-06 -4.09248e-07 1.39763e-06 1.24562e-06 2.28148e-06 1.55559e-06 4.04958e-06 -4.70353e-07 6.18835e-06 3.81911e-07 4.05864e-06 -1.04854e-06 2.57833e-06 9.45662e-07 1.6296e-06 1.00411e-06 3.63994e-06 7.43404e-07 4.37756e-06 -1.72518e-06 5.85324e-06 5.08835e-07 4.66905e-06 8.42738e-07 2.69796e-06 -7.30355e-07 2.74104e-06 -1.82656e-07 
8.36157e-07 7.99357e-07 7.43001e-07 2.42415e-07 6.72078e-07 1.11401e-06 4.28807e-07 4.01179e-07 9.94406e-07 1.39372e-07 3.81911e-07 2.69053e-06 5.99878e-07 -3.87311e-07 6.01309e-07 1.64236e-06 1.5736e-07 5.37789e-07 6.37925e-07 2.4815e-06 5.48317e-07 4.75214e-08 5.82933e-07 3.09122e-06 4.16891e-08 3.54337e-06 2.36833e-07 1.6372e-06 6.53329e-07 3.38369e-07 
5.64689e-06 -6.11649e-08 2.18013e-06 -4.66591e-07 1.96039e-06 1.3701e-06 1.43881e-06 2.17717e-06 4.73444e-06 -6.61646e-07 4.05864e-06 5.99878e-07 6.20294e-06 -9.91378e-07 1.99979e-06 1.10486e-06 1.80916e-06 1.62917e-06 4.08666e-06 9.153e-07 3.85602e-06 -1.51728e-06 5.65383e-06 8.743e-07 4.34029e-06 6.71662e-07 3.09838e-06 4.54458e-07 3.01597e-06 -5.87108e-07 
-1.66025e-06 2.69003e-06 -2.47862e-07 1.99469e-06 -2.62154e-07 -5.20803e-06 7.53126e-07 -8.08476e-06 -5.92168e-07 2.38455e-06 -1.04854e-06 -3.87311e-07 -9.91378e-07 6.80064e-06 -3.10956e-07 -3.28314e-06 1.03364e-07 -4.37447e-06 3.002e-08 -7.27746e-07 -3.69022e-07 6.07895e-06 -1.12258e-06 2.28492e-06 -6.79866e-07 7.11091e-07 -3.35104e-07 3.756e-06 -2.74332e-07 3.0597e-06 
2.45498e-06 -2.94787e-07 1.70693e-06 2.82227e-07 1.74225e-06 7.29227e-07 2.07759e-06 7.65672e-07 2.64144e-06 -2.24051e-07 2.57833e-06 6.01309e-07 1.99979e-06 -3.10956e-07 4.27729e-06 6.0087e-07 1.91426e-06 4.78245e-07 2.34637e-06 8.55316e-07 2.59973e-06 -5.84282e-07 3.42836e-06 9.10119e-07 2.79054e-06 1.06847e-06 2.72482e-06 4.26232e-07 2.29697e-06 -2.61245e-07 
1.48265e-06 -1.12603e-06 5.87655e-07 -4.12651e-07 9.71673e-07 3.50542e-06 -6.73969e-08 4.66058e-06 1.25909e-06 -9.00632e-07 9.45662e-07 1.64236e-06 1.10486e-06 -3.28314e-06 6.0087e-07 4.59353e-06 2.08978e-08 3.22898e-06 6.94665e-07 2.54417e-06 6.94813e-07 -2.54454e-06 1.1365e-06 2.16143e-06 3.85403e-07 2.59809e-06 4.11751e-07 3.67538e-07 7.1542e-07 -8.3484e-07 
1.79554e-06 2.07797e-07 1.41793e-06 -4.01104e-07 1.74583e-06 9.02723e-08 1.52533e-06 2.52769e-07 2.20156e-06 -1.67019e-07 1.6296e-06 1.5736e-07 1.80916e-06 1.03364e-07 1.91426e-06 2.08978e-08 3.19885e-06 1.2768e-07 1.78655e-06 2.35785e-07 1.90008e-06 -1.86038e-07 2.29578e-06 3.4234e-07 2.04074e-06 1.46369e-07 2.23848e-06 4.16201e-07 1.80579e-06 -6.90429e-08 
1.30656e-06 -1.74114e-06 4.78568e-07 1.14877e-06 1.70856e-06 5.88595e-06 -9.13532e-07 1.17082e-05 1.46554e-06 -3.66403e-06 1.00411e-06 5.37789e-07 1.62917e-06 -4.37447e-06 4.78245e-07 3.22898e-06 1.2768e-07 1.03739e-05 7.21083e-07 3.48675e-07 2.1584e-07 -6.82579e-06 1.52e-06 -9.2526e-07 9.76957e-07 -3.20194e-06 9.94312e-07 1.48157e-06 2.86297e-07 -4.30638e-06 
4.74021e-06 -2.8935e-07 1.99779e-06 -3.32534e-07 1.66592e-06 5.08732e-07 2.47682e-06 7.40833e-07 4.58498e-06 -2.26523e-07 3.63994e-06 6.37925e-07 4.08666e-06 3.002e-08 2.34637e-06 6.94665e-07 1.78655e-06 7.21083e-07 5.74973e-06 8.8459e-07 3.61079e-06 -4.5823e-07 4.95163e-06 1.6883e-06 3.82713e-06 1.31674e-06 2.7344e-06 9.19367e-07 3.08833e-06 3.62245e-07 
1.56117e-06 1.03314e-06 9.22711e-07 1.94197e-07 9.84585e-07 1.57113e-06 4.35354e-07 1.36444e-07 1.52112e-06 4.20335e-07 7.43404e-07 2.4815e-06 9.153e-07 -7.27746e-07 8.55316e-07 2.54417e-06 2.35785e-07 3.48675e-07 8.8459e-07 4.9181e-06 9.45782e-07 -5.02367e-08 9.93564e-07 4.56921e-06 1.86494e-07 5.64039e-06 3.37696e-07 1.72795e-06 1.01538e-06 8.17875e-07 
4.75705e-06 -3.23852e-07 1.32966e-06 7.66302e-08 1.25577e-06 7.06488e-07 2.09468e-06 3.69044e-07 4.30136e-06 -4.9206e-08 4.37756e-06 5.48317e-07 3.85602e-06 -3.69022e-07 2.59973e-06 6.94813e-07 1.90008e-06 2.1584e-07 3.61079e-06 9.45782e-07 6.12383e-06 -6.91193e-07 5.26965e-06 1.04726e-06 4.61622e-06 1.4864e-06 2.96688e-06 -2.64235e-07 3.05218e-06 2.86595e-07 
-2.42963e-06 1.10623e-06 -6.7285e-07 4.01964e-06 -3.41816e-07 -6.42294e-06 1.47239e-06 -1.1184e-05 -1.58691e-06 4.51451e-06 -1.72518e-06 4.75214e-08 -1.51728e-06 6.07895e-06 -5.84282e-07 -2.54454e-06 -1.86038e-07 -6.82579e-06 -4.5823e-07 -5.02367e-08 -6.91193e-07 1.44947e-05 -2.00507e-06 3.22497e-06 -1.60428e-06 1.83386e-06 -1.03936e-06 6.82556e-06 -5.40697e-07 4.89972e-06 
7.13532e-06 -7.55799e-07 2.00721e-06 -1.57939e-07 1.79553e-06 1.54819e-06 2.31545e-06 2.25607e-06 5.78092e-06 -7.15388e-07 5.85324e-06 5.82933e-07 5.65383e-06 -1.12258e-06 3.42836e-06 1.1365e-06 2.29578e-06 1.52e-06 4.95163e-06 9.93564e-07 5.26965e-06 -2.00507e-06 9.05016e-06 7.99728e-07 6.09922e-06 8.40043e-07 4.01508e-06 -9.55473e-08 4.05072e-06 -5.32144e-07 
1.03207e-06 1.67521e-06 1.25745e-06 7.79057e-07 1.38932e-06 -8.97016e-07 1.21908e-06 -3.59949e-06 2.00931e-06 1.76183e-06 5.08835e-07 3.09122e-06 8.743e-07 2.28492e-06 9.10119e-07 2.16143e-06 3.4234e-07 -9.2526e-07 1.6883e-06 4.56921e-06 1.04726e-06 3.22497e-06 7.99728e-07 9.51975e-06 -1.9995e-07 7.68608e-06 3.09958e-07 5.61837e-06 1.31756e-06 3.22082e-06 
4.76108e-06 -3.52939e-07 1.12636e-06 1.94462e-08 1.32306e-06 8.72382e-07 1.72947e-06 1.37825e-06 4.23416e-06 -5.1447e-07 4.66905e-06 4.16891e-08 4.34029e-06 -6.79866e-07 2.79054e-06 3.85403e-07 2.04074e-06 9.76957e-07 3.82713e-06 1.86494e-07 4.61622e-06 -1.60428e-06 6.09922e-06 -1.9995e-07 6.98756e-06 -4.01634e-08 3.21082e-06 -6.89002e-07 3.36912e-06 -4.27994e-07 
1.72251e-06 2.29375e-06 1.24096e-06 -6.63163e-07 4.83514e-07 -3.36468e-08 1.26458e-06 -4.68642e-06 1.79026e-06 2.04538e-06 8.42738e-07 3.54337e-06 6.71662e-07 7.11091e-07 1.06847e-06 2.59809e-06 1.46369e-07 -3.20194e-06 1.31674e-06 5.64039e-06 1.4864e-06 1.83386e-06 8.40043e-07 7.68608e-06 -4.01634e-08 1.14157e-05 2.50349e-08 1.29934e-06 1.40758e-06 3.43642e-06 
2.54781e-06 3.5052e-07 1.85688e-06 3.58481e-07 2.00961e-06 7.00874e-07 1.44958e-06 1.3765e-06 3.03841e-06 -4.77429e-07 2.69796e-06 2.36833e-07 3.09838e-06 -3.35104e-07 2.72482e-06 4.11751e-07 2.23848e-06 9.94312e-07 2.7344e-06 3.37696e-07 2.96688e-06 -1.03936e-06 4.01508e-06 3.09958e-07 3.21082e-06 2.50349e-08 4.98602e-06 4.31885e-07 2.30804e-06 -5.30974e-07 
-1.00381e-06 1.09067e-06 6.7467e-07 4.6809e-06 2.04289e-06 -1.79387e-06 9.39148e-07 -1.87969e-06 7.82365e-07 1.28679e-06 -7.30355e-07 1.6372e-06 4.54458e-07 3.756e-06 4.26232e-07 3.67538e-07 4.16201e-07 1.48157e-06 9.19367e-07 1.72795e-06 -2.64235e-07 6.82556e-06 -9.55473e-08 5.61837e-06 -6.89002e-07 1.29934e-06 4.31885e-07 1.1634e-05 3.99835e-07 1.08401e-06 
2.96092e-06 2.14302e-07 1.79936e-06 -2.09571e-07 1.18037e-06 5.90473e-07 1.50873e-06 5.22969e-07 3.28969e-06 -1.18222e-07 2.74104e-06 6.53329e-07 3.01597e-06 -2.74332e-07 2.29697e-06 7.1542e-07 1.80579e-06 2.86297e-07 3.08833e-06 1.01538e-06 3.05218e-06 -5.40697e-07 4.05072e-06 1.31756e-06 3.36912e-06 1.40758e-06 2.30804e-06 3.99835e-07 4.49753e-06 1.01143e-07 
-3.06302e-07 6.78497e-07 -2.70811e-07 -1.03219e-08 -5.22879e-07 -3.34015e-06 1.00366e-06 -6.67577e-06 -1.95913e-07 2.48953e-06 -1.82656e-07 3.38369e-07 -5.87108e-07 3.0597e-06 -2.61245e-07 -8.3484e-07 -6.90429e-08 -4.30638e-06 3.62245e-07 8.17875e-07 2.86595e-07 4.89972e-06 -5.32144e-07 3.22082e-06 -4.27994e-07 3.43642e-06 -5.30974e-07 1.08401e-06 1.01143e-07 5.43154e-06 
WEIGHT 0.0151344
ESPERANCE 0.0143745 0.0132853 0.00803162 0.014084 0.00873258 0.0779581 0.00966051 0.172132 0.0125337 0.211364 0.0117776 0.337431 0.01231 0.183273 0.0111328 0.254485 0.0102481 0.0687099 0.0125589 0.188869 0.0135354 0.167692 0.0153576 0.305295 0.0139187 0.167015 0.0128515 0.163159 0.0135728 0.113456
COVARIANCE_MATRIX
3.70385e-05 -2.96236e-06 2.94576e-06 -8.75525e-06 6.70425e-06 8.72151e-06 9.68282e-06 1.30271e-05 2.04239e-05 -3.61926e-06 1.9076e-05 1.73855e-06 1.57419e-05 -5.96443e-06 1.19419e-05 5.74075e-06 7.57232e-06 9.09561e-06 1.51615e-05 3.05894e-06 1.46487e-05 -6.54569e-06 2.2448e-05 2.86313e-06 1.52742e-05 2.15964e-06 7.642e-06 -1.69452e-06 1.0014e-05 2.59062e-06 
-2.96236e-06 3.49186e-05 4.61083e-06 1.26442e-05 2.68182e-06 1.51489e-05 4.08865e-06 2.60941e-05 1.31609e-06 -4.62056e-06 2.61402e-06 7.58902e-06 1.85861e-06 -9.08662e-06 3.63696e-06 1.34065e-05 2.38115e-06 2.24699e-05 2.97243e-06 1.07623e-05 3.01044e-06 -7.72007e-06 3.29081e-06 1.13609e-05 2.45154e-06 6.87629e-06 3.64913e-06 1.14027e-05 4.09116e-06 8.63308e-07 
2.94576e-06 4.61083e-06 6.6452e-06 1.13528e-06 1.88871e-06 3.70081e-06 8.23044e-07 6.43404e-06 3.37479e-06 -1.21764e-06 3.07166e-06 1.6889e-06 4.39508e-06 -2.26308e-06 1.58657e-06 3.43114e-06 1.35915e-06 5.32232e-06 3.11066e-06 2.40734e-06 2.87001e-06 -2.13602e-06 3.93511e-06 3.0375e-06 1.63313e-06 1.93426e-06 2.65636e-06 2.25504e-06 2.99141e-06 3.52499e-07 
-8.75525e-06 1.26442e-05 1.13528e-06 1.22831e-05 -3.66367e-07 3.34201e-06 -1.51913e-06 5.73392e-06 -3.84978e-06 -4.12053e-07 -3.30159e-06 1.92506e-06 -2.71982e-06 -1.63493e-06 -1.63309e-06 2.83551e-06 -1.1196e-06 5.54943e-06 -2.12526e-06 2.87989e-06 -2.87912e-06 -1.02233e-06 -3.76179e-06 2.12232e-06 -2.69e-06 1.5406e-06 -3.90726e-07 3.04016e-06 -1.36331e-06 3.75755e-07 
6.70425e-06 2.68182e-06 1.88871e-06 -3.66367e-07 4.57123e-06 4.30762e-06 3.42516e-06 7.0193e-06 4.97468e-06 -1.66361e-06 3.85821e-06 1.40481e-06 3.4921e-06 -3.00729e-06 4.0783e-06 3.11058e-06 2.83678e-06 5.39026e-06 3.78382e-06 2.22396e-06 3.46036e-06 -2.74197e-06 4.75238e-06 1.68857e-06 3.07188e-06 1.0281e-06 2.63626e-06 9.25893e-07 3.32217e-06 5.7883e-07 
8.72151e-06 1.51489e-05 3.70081e-06 3.34201e-06 4.30762e-06 2.30992e-05 6.53101e-06 3.87464e-05 6.91997e-06 -8.78737e-06 6.7329e-06 8.72565e-06 4.61964e-06 -1.45064e-05 6.95584e-06 1.87315e-05 3.77717e-06 3.00927e-05 6.16138e-06 1.20983e-05 5.35648e-06 -1.46281e-05 7.928e-06 1.43083e-05 4.99056e-06 7.76874e-06 4.32482e-06 9.86631e-06 4.98868e-06 1.89237e-06 
9.68282e-06 4.08865e-06 8.23044e-07 -1.51913e-06 3.42516e-06 6.53101e-06 8.44503e-06 1.12046e-05 6.85047e-06 -2.78123e-06 6.75147e-06 2.36452e-06 4.00646e-06 -4.57342e-06 6.52214e-06 5.15346e-06 3.84591e-06 8.4706e-06 6.40975e-06 3.40814e-06 5.96036e-06 -4.1796e-06 7.88022e-06 3.36757e-06 6.30274e-06 1.67853e-06 3.62304e-06 2.64483e-06 5.02826e-06 1.43369e-07 
1.30271e-05 2.60941e-05 6.43404e-06 5.73392e-06 7.0193e-06 3.87464e-05 1.12046e-05 7.00359e-05 1.10872e-05 -1.56761e-05 1.05564e-05 1.55626e-05 6.8844e-06 -2.54825e-05 1.17575e-05 3.34759e-05 6.33208e-06 5.355e-05 9.86965e-06 2.14169e-05 8.71476e-06 -2.57347e-05 1.23976e-05 2.6162e-05 7.81929e-06 1.36785e-05 7.08206e-06 1.86738e-05 8.42009e-06 2.93588e-06 
2.04239e-05 1.31609e-06 3.37479e-06 -3.84978e-06 4.97468e-06 6.91997e-06 6.85047e-06 1.10872e-05 1.54524e-05 -2.88469e-06 1.22559e-05 2.12461e-06 1.01868e-05 -4.88583e-06 8.43885e-06 5.10052e-06 5.65116e-06 8.21477e-06 1.0948e-05 3.23869e-06 1.06522e-05 -4.57823e-06 1.51972e-05 3.07187e-06 1.06719e-05 2.03491e-06 5.95586e-06 1.02019e-06 8.00543e-06 1.10171e-06 
-3.61926e-06 -4.62056e-06 -1.21764e-06 -4.12053e-07 -1.66361e-06 -8.78737e-06 -2.78123e-06 -1.56761e-05 -2.88469e-06 4.7148e-06 -2.5857e-06 -3.47572e-06 -1.63836e-06 5.86068e-06 -2.88452e-06 -7.49946e-06 -1.57324e-06 -1.2006e-05 -2.41859e-06 -4.71523e-06 -2.20676e-06 5.99923e-06 -3.08462e-06 -5.7762e-06 -2.0018e-06 -2.96907e-06 -1.55337e-06 -4.08633e-06 -2.06275e-06 -4.60306e-07 
1.9076e-05 2.61402e-06 3.07166e-06 -3.30159e-06 3.85821e-06 6.7329e-06 6.75147e-06 1.05564e-05 1.22559e-05 -2.5857e-06 1.34634e-05 1.97426e-06 9.66394e-06 -4.66252e-06 7.16876e-06 5.04125e-06 4.54253e-06 7.90084e-06 1.04412e-05 2.96478e-06 9.76077e-06 -4.42966e-06 1.44639e-05 2.9915e-06 1.01238e-05 2.11625e-06 5.41619e-06 6.88153e-07 6.88749e-06 1.12559e-06 
1.73855e-06 7.58902e-06 1.6889e-06 1.92506e-06 1.40481e-06 8.72565e-06 2.36452e-06 1.55626e-05 2.12461e-06 -3.47572e-06 1.97426e-06 5.08515e-06 1.27688e-06 -5.59555e-06 2.61536e-06 7.90005e-06 1.34435e-06 1.23837e-05 1.87911e-06 5.50998e-06 1.89032e-06 -5.52195e-06 2.49368e-06 7.00274e-06 1.66866e-06 3.94274e-06 1.67157e-06 5.52136e-06 1.94793e-06 5.609e-07 
1.57419e-05 1.85861e-06 4.39508e-06 -2.71982e-06 3.4921e-06 4.61964e-06 4.00646e-06 6.8844e-06 1.01868e-05 -1.63836e-06 9.66394e-06 1.27688e-06 1.08774e-05 -3.14666e-06 4.95292e-06 3.30536e-06 3.71241e-06 5.17241e-06 8.28225e-06 2.01129e-06 7.98129e-06 -2.88829e-06 1.21363e-05 1.84621e-06 7.79607e-06 1.55886e-06 4.99598e-06 1.08675e-07 6.09389e-06 9.27691e-07 
-5.96443e-06 -9.08662e-06 -2.26308e-06 -1.63493e-06 -3.00729e-06 -1.45064e-05 -4.57342e-06 -2.54825e-05 -4.88583e-06 5.86068e-06 -4.66252e-06 -5.59555e-06 -3.14666e-06 1.09896e-05 -4.4992e-06 -1.22973e-05 -2.64058e-06 -1.94635e-05 -4.38349e-06 -7.62782e-06 -3.74808e-06 9.66652e-06 -5.54306e-06 -8.76061e-06 -3.50351e-06 -4.78322e-06 -2.79137e-06 -5.89156e-06 -3.41913e-06 -8.35873e-07 
1.19419e-05 3.63696e-06 1.58657e-06 -1.63309e-06 4.0783e-06 6.95584e-06 6.52214e-06 1.17575e-05 8.43885e-06 -2.88452e-06 7.16876e-06 2.61536e-06 4.95292e-06 -4.4992e-06 8.85304e-06 5.49333e-06 4.16814e-06 9.12064e-06 6.61602e-06 3.96481e-06 6.52684e-06 -4.62931e-06 8.97986e-06 4.24296e-06 6.88961e-06 2.35046e-06 4.4019e-06 2.75412e-06 5.53273e-06 9.59948e-07 
5.74075e-06 1.34065e-05 3.43114e-06 2.83551e-06 3.11058e-06 1.87315e-05 5.15346e-06 3.34759e-05 5.10052e-06 -7.49946e-06 5.04125e-06 7.90005e-06 3.30536e-06 -1.22973e-05 5.49333e-06 1.77316e-05 2.82816e-06 2.62047e-05 4.64347e-06 1.07646e-05 4.09979e-06 -1.23414e-05 5.95224e-06 1.37936e-05 3.73431e-06 7.37255e-06 3.44812e-06 9.8941e-06 3.98067e-06 1.54767e-06 
7.57232e-06 2.38115e-06 1.35915e-06 -1.1196e-06 2.83678e-06 3.77717e-06 3.84591e-06 6.33208e-06 5.65116e-06 -1.57324e-06 4.54253e-06 1.34435e-06 3.71241e-06 -2.64058e-06 4.16814e-06 2.82816e-06 4.30143e-06 4.91452e-06 4.176e-06 2.08724e-06 4.45736e-06 -2.3263e-06 5.6417e-06 1.78707e-06 4.20743e-06 9.63419e-07 2.96328e-06 1.4125e-06 3.91841e-06 3.37966e-07 
9.09561e-06 2.24699e-05 5.32232e-06 5.54943e-06 5.39026e-06 3.00927e-05 8.4706e-06 5.355e-05 8.21477e-06 -1.2006e-05 7.90084e-06 1.23837e-05 5.17241e-06 -1.94635e-05 9.12064e-06 2.62047e-05 4.91452e-06 4.32623e-05 7.45307e-06 1.71905e-05 6.61954e-06 -1.98809e-05 9.36408e-06 2.12274e-05 5.91474e-06 1.11162e-05 5.8148e-06 1.55832e-05 6.61657e-06 2.63667e-06 
1.51615e-05 2.97243e-06 3.11066e-06 -2.12526e-06 3.78382e-06 6.16138e-06 6.40975e-06 9.86965e-06 1.0948e-05 -2.41859e-06 1.04412e-05 1.87911e-06 8.28225e-06 -4.38349e-06 6.61602e-06 4.64347e-06 4.176e-06 7.45307e-06 1.1059e-05 2.76828e-06 8.45915e-06 -3.99228e-06 1.25672e-05 2.59657e-06 9.15472e-06 1.70529e-06 5.04803e-06 1.04642e-06 6.68671e-06 6.41376e-07 
3.05894e-06 1.07623e-05 2.40734e-06 2.87989e-06 2.22396e-06 1.20983e-05 3.40814e-06 2.14169e-05 3.23869e-06 -4.71523e-06 2.96478e-06 5.50998e-06 2.01129e-06 -7.62782e-06 3.96481e-06 1.07646e-05 2.08724e-06 1.71905e-05 2.76828e-06 8.67494e-06 2.82743e-06 -7.72617e-06 3.70307e-06 9.47897e-06 2.42377e-06 5.33878e-06 2.64908e-06 7.26385e-06 2.86218e-06 1.23965e-06 
1.46487e-05 3.01044e-06 2.87001e-06 -2.87912e-06 3.46036e-06 5.35648e-06 5.96036e-06 8.71476e-06 1.06522e-05 -2.20676e-06 9.76077e-06 1.89032e-06 7.98129e-06 -3.74808e-06 6.52684e-06 4.09979e-06 4.45736e-06 6.61954e-06 8.45915e-06 2.82743e-06 1.02584e-05 -3.38329e-06 1.20118e-05 2.70117e-06 8.64278e-06 1.76959e-06 5.23278e-06 1.63968e-06 6.75159e-06 4.43066e-07 
-6.54569e-06 -7.72007e-06 -2.13602e-06 -1.02233e-06 -2.74197e-06 -1.46281e-05 -4.1796e-06 -2.57347e-05 -4.57823e-06 5.99923e-06 -4.42966e-06 -5.52195e-06 -2.88829e-06 9.66652e-06 -4.62931e-06 -1.23414e-05 -2.3263e-06 -1.98809e-05 -3.99228e-06 -7.72617e-06 -3.38329e-06 1.15219e-05 -5.15996e-06 -9.39137e-06 -3.0337e-06 -5.02253e-06 -2.57481e-06 -5.57094e-06 -3.02055e-06 -1.61133e-06 
2.2448e-05 3.29081e-06 3.93511e-06 -3.76179e-06 4.75238e-06 7.928e-06 7.88022e-06 1.23976e-05 1.51972e-05 -3.08462e-06 1.44639e-05 2.49368e-06 1.21363e-05 -5.54306e-06 8.97986e-06 5.95224e-06 5.6417e-06 9.36408e-06 1.25672e-05 3.70307e-06 1.20118e-05 -5.15996e-06 1.92224e-05 3.6587e-06 1.26161e-05 2.66308e-06 7.00826e-06 1.16965e-06 8.99353e-06 1.17068e-06 
2.86313e-06 1.13609e-05 3.0375e-06 2.12232e-06 1.68857e-06 1.43083e-05 3.36757e-06 2.6162e-05 3.07187e-06 -5.7762e-06 2.9915e-06 7.00274e-06 1.84621e-06 -8.76061e-06 4.24296e-06 1.37936e-05 1.78707e-06 2.12274e-05 2.59657e-06 9.47897e-06 2.70117e-06 -9.39137e-06 3.6587e-06 1.47102e-05 2.3223e-06 7.33613e-06 2.60382e-06 1.03938e-05 2.83673e-06 1.67631e-06 
1.52742e-05 2.45154e-06 1.63313e-06 -2.69e-06 3.07188e-06 4.99056e-06 6.30274e-06 7.81929e-06 1.06719e-05 -2.0018e-06 1.01238e-05 1.66866e-06 7.79607e-06 -3.50351e-06 6.88961e-06 3.73431e-06 4.20743e-06 5.91474e-06 9.15472e-06 2.42377e-06 8.64278e-06 -3.0337e-06 1.26161e-05 2.3223e-06 1.09622e-05 1.60323e-06 5.02963e-06 1.1982e-06 6.50058e-06 4.71769e-07 
2.15964e-06 6.87629e-06 1.93426e-06 1.5406e-06 1.0281e-06 7.76874e-06 1.67853e-06 1.36785e-05 2.03491e-06 -2.96907e-06 2.11625e-06 3.94274e-06 1.55886e-06 -4.78322e-06 2.35046e-06 7.37255e-06 9.63419e-07 1.11162e-05 1.70529e-06 5.33878e-06 1.76959e-06 -5.02253e-06 2.66308e-06 7.33613e-06 1.60323e-06 5.52116e-06 1.65795e-06 5.12445e-06 1.57819e-06 1.15648e-06 
7.642e-06 3.64913e-06 2.65636e-06 -3.90726e-07 2.63626e-06 4.32482e-06 3.62304e-06 7.08206e-06 5.95586e-06 -1.55337e-06 5.41619e-06 1.67157e-06 4.99598e-06 -2.79137e-06 4.4019e-06 3.44812e-06 2.96328e-06 5.8148e-06 5.04803e-06 2.64908e-06 5.23278e-06 -2.57481e-06 7.00826e-06 2.60382e-06 5.02963e-06 1.65795e-06 5.31812e-06 1.86939e-06 4.32813e-06 6.93705e-07 
-1.69452e-06 1.14027e-05 2.25504e-06 3.04016e-06 9.25893e-07 9.86631e-06 2.64483e-06 1.86738e-05 1.02019e-06 -4.08633e-06 6.88153e-07 5.52136e-06 1.08675e-07 -5.89156e-06 2.75412e-06 9.8941e-06 1.4125e-06 1.55832e-05 1.04642e-06 7.26385e-06 1.63968e-06 -5.57094e-06 1.16965e-06 1.03938e-05 1.1982e-06 5.12445e-06 1.86939e-06 1.13105e-05 2.4633e-06 -1.77915e-07 
1.0014e-05 4.09116e-06 2.99141e-06 -1.36331e-06 3.32217e-06 4.98868e-06 5.02826e-06 8.42009e-06 8.00543e-06 -2.06275e-06 6.88749e-06 1.94793e-06 6.09389e-06 -3.41913e-06 5.53273e-06 3.98067e-06 3.91841e-06 6.61657e-06 6.68671e-06 2.86218e-06 6.75159e-06 -3.02055e-06 8.99353e-06 2.83673e-06 6.50058e-06 1.57819e-06 4.32813e-06 2.4633e-06 7.26945e-06 8.60741e-08 
2.59062e-06 8.63308e-07 3.52499e-07 3.75755e-07 5.7883e-07 1.89237e-06 1.43369e-07 2.93588e-06 1.10171e-06 -4.60306e-07 1.12559e-06 5.609e-07 9.27691e-07 -8.35873e-07 9.59948e-07 1.54767e-06 3.37966e-07 2.63667e-06 6.41376e-07 1.23965e-06 4.43066e-07 -1.61133e-06 1.17068e-06 1.67631e-06 4.71769e-07 1.15648e-06 6.93705e-07 -1.77915e-07 8.60741e-08 2.93634e-06 
WEIGHT 0.0227576
ESPERANCE 0.0179175 0.0159357 0.00895466 0.0157989 0.00885287 0.0730481 0.00978383 0.163363 0.0141963 0.213581 0.0140616 0.336089 0.01387 0.187813 0.0113102 0.250245 0.0106355 0.0631969 0.0138339 0.186932 0.0149636 0.172159 0.0169973 0.303897 0.0149782 0.166217 0.0131794 0.164103 0.0136871 0.113636
COVARIANCE_MATRIX
4.42868e-05 5.98942e-06 9.0416e-06 -6.59812e-06 1.2369e-05 9.79268e-06 1.56138e-05 1.70673e-05 2.69146e-05 -3.77879e-06 2.45882e-05 2.69634e-06 2.44228e-05 -7.81306e-06 1.608e-05 8.44064e-06 1.19874e-05 1.10946e-05 2.03429e-05 4.24491e-06 2.31677e-05 -6.62109e-06 2.81245e-05 3.86007e-06 1.91299e-05 7.80846e-07 1.25268e-05 1.7031e-06 1.5137e-05 -1.48774e-06 
5.98942e-06 1.29762e-05 -7.61762e-07 -2.75339e-06 2.06992e-06 2.9477e-06 3.95373e-06 2.63344e-06 3.23363e-06 1.58577e-07 3.13857e-06 1.76751e-06 3.34143e-06 -6.02742e-07 2.82482e-06 3.0239e-06 2.12918e-06 1.44123e-06 2.27291e-06 2.49425e-06 2.70233e-06 4.45919e-09 4.82045e-06 4.35425e-06 3.49946e-06 3.16711e-06 1.54711e-06 1.97425e-06 2.37537e-06 1.52409e-06 
9.0416e-06 -7.61762e-07 1.11396e-05 -1.15411e-06 4.44693e-06 2.42184e-06 4.10978e-06 4.95464e-06 8.15644e-06 -1.52545e-06 8.77636e-06 2.14698e-07 8.2706e-06 -2.75401e-06 5.19409e-06 1.56088e-06 5.19318e-06 2.91563e-06 6.54366e-06 3.41765e-07 8.50909e-06 -3.37279e-06 7.92043e-06 -9.64233e-07 6.24733e-06 -9.1229e-07 6.18625e-06 -1.58386e-06 5.99485e-06 -1.45915e-06 
-6.59812e-06 -2.75339e-06 -1.15411e-06 9.69878e-06 -1.94817e-06 -1.82613e-06 -3.87586e-06 -2.15387e-06 -3.05158e-06 3.58081e-07 -3.68792e-06 -2.17415e-06 -3.01676e-06 1.15728e-06 -2.91178e-06 -3.48006e-06 -1.33597e-06 -8.12895e-07 -2.17989e-06 -2.15753e-06 -2.63805e-06 4.69493e-07 -3.58099e-06 -5.94711e-06 -2.26244e-06 -4.45591e-06 -7.18958e-07 -1.68729e-06 -7.96851e-07 -1.79129e-06 
1.2369e-05 2.06992e-06 4.44693e-06 -1.94817e-06 7.13502e-06 4.0912e-06 6.19394e-06 7.56891e-06 8.87618e-06 -1.8723e-06 8.54909e-06 5.66931e-07 7.92767e-06 -3.65625e-06 6.54743e-06 2.85616e-06 5.67842e-06 5.14452e-06 6.61931e-06 1.22472e-06 8.51679e-06 -3.47016e-06 9.03315e-06 -3.90207e-07 6.7983e-06 -1.20542e-06 5.84063e-06 4.09932e-08 5.88243e-06 -1.5601e-06 
9.79268e-06 2.9477e-06 2.42184e-06 -1.82613e-06 4.0912e-06 8.51778e-06 4.72026e-06 1.33641e-05 6.30492e-06 -3.31334e-06 6.23486e-06 4.80313e-07 6.25818e-06 -6.79876e-06 5.13818e-06 4.61141e-06 4.09881e-06 8.96444e-06 4.74714e-06 1.09957e-06 6.24791e-06 -5.6522e-06 7.50836e-06 -2.51931e-06 5.61283e-06 -3.21644e-06 4.63902e-06 -4.4168e-07 4.80174e-06 -3.63804e-06 
1.56138e-05 3.95373e-06 4.10978e-06 -3.87586e-06 6.19394e-06 4.72026e-06 1.10274e-05 8.05124e-06 1.02331e-05 -1.78214e-06 1.04844e-05 1.28154e-06 9.04389e-06 -3.85608e-06 8.38308e-06 4.15493e-06 6.67676e-06 5.44979e-06 8.09171e-06 1.9477e-06 1.00668e-05 -3.55693e-06 1.10623e-05 1.97429e-06 8.63172e-06 5.36708e-07 5.8062e-06 3.75527e-07 7.19815e-06 -4.91269e-07 
1.70673e-05 2.63344e-06 4.95464e-06 -2.15387e-06 7.56891e-06 1.33641e-05 8.05124e-06 2.82591e-05 1.06097e-05 -7.19659e-06 1.139e-05 -5.54522e-07 1.07917e-05 -1.39472e-05 8.96896e-06 7.65307e-06 7.48125e-06 1.81483e-05 8.6485e-06 -5.33243e-08 1.12487e-05 -1.17832e-05 1.24738e-05 -8.63012e-06 9.78776e-06 -1.05188e-05 8.45985e-06 -1.73441e-06 8.44479e-06 -9.13318e-06 
2.69146e-05 3.23363e-06 8.15644e-06 -3.05158e-06 8.87618e-06 6.30492e-06 1.02331e-05 1.06097e-05 2.09827e-05 -2.51888e-06 1.71027e-05 1.28626e-06 1.71336e-05 -5.26671e-06 1.10042e-05 4.67532e-06 9.20461e-06 6.9153e-06 1.51633e-05 2.39981e-06 1.71207e-05 -5.12115e-06 2.0285e-05 7.28515e-07 1.41117e-05 -1.65099e-07 1.03856e-05 -5.71871e-07 1.21082e-05 -1.42545e-06 
-3.77879e-06 1.58577e-07 -1.52545e-06 3.58081e-07 -1.8723e-06 -3.31334e-06 -1.78214e-06 -7.19659e-06 -2.51888e-06 3.10256e-06 -2.74798e-06 4.43821e-07 -2.57098e-06 3.96438e-06 -2.06448e-06 -1.55344e-06 -1.84616e-06 -4.6667e-06 -2.13951e-06 5.1188e-07 -2.77634e-06 3.35877e-06 -2.82241e-06 3.4804e-06 -2.31493e-06 3.61921e-06 -2.19657e-06 9.7039e-07 -2.09998e-06 3.13269e-06 
2.45882e-05 3.13857e-06 8.77636e-06 -3.68792e-06 8.54909e-06 6.23486e-06 1.04844e-05 1.139e-05 1.71027e-05 -2.74798e-06 1.79452e-05 1.17418e-06 1.55941e-05 -5.56517e-06 1.07138e-05 4.91161e-06 8.86335e-06 7.33323e-06 1.36992e-05 1.9905e-06 1.6004e-05 -5.27145e-06 1.79856e-05 6.81567e-07 1.34379e-05 -7.17619e-07 9.67115e-06 -3.96417e-07 1.07737e-05 -1.68236e-06 
2.69634e-06 1.76751e-06 2.14698e-07 -2.17415e-06 5.66931e-07 4.80313e-07 1.28154e-06 -5.54522e-07 1.28626e-06 4.43821e-07 1.17418e-06 2.69938e-06 1.1842e-06 9.38115e-07 1.24118e-06 1.73255e-06 2.87262e-07 1.45728e-07 5.96336e-07 2.1171e-06 8.27258e-07 3.22942e-07 1.59949e-06 5.41644e-06 7.44455e-07 4.39204e-06 2.59586e-07 1.93041e-06 2.72692e-07 2.6371e-06 
2.44228e-05 3.34143e-06 8.2706e-06 -3.01676e-06 7.92767e-06 6.25818e-06 9.04389e-06 1.07917e-05 1.71336e-05 -2.57098e-06 1.55941e-05 1.1842e-06 1.71278e-05 -5.3818e-06 9.64787e-06 4.66452e-06 8.22505e-06 6.90143e-06 1.32903e-05 2.08658e-06 1.5181e-05 -4.93113e-06 1.82327e-05 3.98827e-07 1.28187e-05 -6.1801e-07 9.34859e-06 -3.0745e-07 1.07542e-05 -1.86741e-06 
-7.81306e-06 -6.02742e-07 -2.75401e-06 1.15728e-06 -3.65625e-06 -6.79876e-06 -3.85608e-06 -1.39472e-05 -5.26671e-06 3.96438e-06 -5.56517e-06 9.38115e-07 -5.3818e-06 1.00407e-05 -3.9165e-06 -3.31214e-06 -3.84116e-06 -8.38061e-06 -4.1767e-06 1.1069e-06 -5.72194e-06 6.46591e-06 -6.04335e-06 8.1863e-06 -4.63627e-06 7.07936e-06 -4.40792e-06 3.44603e-06 -4.15932e-06 6.83522e-06 
1.608e-05 2.82482e-06 5.19409e-06 -2.91178e-06 6.54743e-06 5.13818e-06 8.38308e-06 8.96896e-06 1.10042e-05 -2.06448e-06 1.07138e-05 1.24118e-06 9.64787e-06 -3.9165e-06 9.99229e-06 4.13913e-06 6.73663e-06 6.38172e-06 8.24038e-06 2.10875e-06 1.05505e-05 -4.14009e-06 1.17556e-05 1.76134e-06 8.96187e-06 2.22172e-07 7.01978e-06 5.55078e-07 7.51155e-06 -5.6743e-07 
8.44064e-06 3.0239e-06 1.56088e-06 -3.48006e-06 2.85616e-06 4.61141e-06 4.15493e-06 7.65307e-06 4.67532e-06 -1.55344e-06 4.91161e-06 1.73255e-06 4.66452e-06 -3.31214e-06 4.13913e-06 5.57488e-06 2.62951e-06 5.53904e-06 3.34112e-06 2.36395e-06 4.37123e-06 -3.08635e-06 5.79253e-06 3.72157e-06 3.92489e-06 1.91348e-06 2.73783e-06 1.44224e-06 2.82352e-06 4.21823e-07 
1.19874e-05 2.12918e-06 5.19318e-06 -1.33597e-06 5.67842e-06 4.09881e-06 6.67676e-06 7.48125e-06 9.20461e-06 -1.84616e-06 8.86335e-06 2.87262e-07 8.22505e-06 -3.84116e-06 6.73663e-06 2.62951e-06 7.3832e-06 4.93829e-06 7.10815e-06 9.01016e-07 9.0701e-06 -3.661e-06 9.6219e-06 -1.29226e-06 7.60425e-06 -1.6578e-06 6.28899e-06 -8.22035e-07 6.9292e-06 -1.83301e-06 
1.10946e-05 1.44123e-06 2.91563e-06 -8.12895e-07 5.14452e-06 8.96444e-06 5.44979e-06 1.81483e-05 6.9153e-06 -4.6667e-06 7.33323e-06 1.45728e-07 6.90143e-06 -8.38061e-06 6.38172e-06 5.53904e-06 4.93829e-06 1.43752e-05 5.48499e-06 8.88694e-07 7.45827e-06 -8.15477e-06 8.34797e-06 -3.30243e-06 6.36459e-06 -5.59718e-06 5.91677e-06 1.90358e-07 5.65823e-06 -4.49647e-06 
2.03429e-05 2.27291e-06 6.54366e-06 -2.17989e-06 6.61931e-06 4.74714e-06 8.09171e-06 8.6485e-06 1.51633e-05 -2.13951e-06 1.36992e-05 5.96336e-07 1.32903e-05 -4.1767e-06 8.24038e-06 3.34112e-06 7.10815e-06 5.48499e-06 1.38327e-05 1.1762e-06 1.32794e-05 -3.98187e-06 1.5719e-05 -3.17208e-07 1.1641e-05 -1.24558e-06 8.19885e-06 -4.9194e-07 9.84792e-06 -1.72804e-06 
4.24491e-06 2.49425e-06 3.41765e-07 -2.15753e-06 1.22472e-06 1.09957e-06 1.9477e-06 -5.33243e-08 2.39981e-06 5.1188e-07 1.9905e-06 2.1171e-06 2.08658e-06 1.1069e-06 2.10875e-06 2.36395e-06 9.01016e-07 8.88694e-07 1.1762e-06 4.05947e-06 1.78076e-06 1.15205e-07 2.84663e-06 6.76881e-06 1.54482e-06 5.35497e-06 9.21393e-07 2.57301e-06 9.83857e-07 3.48971e-06 
2.31677e-05 2.70233e-06 8.50909e-06 -2.63805e-06 8.51679e-06 6.24791e-06 1.00668e-05 1.12487e-05 1.71207e-05 -2.77634e-06 1.6004e-05 8.27258e-07 1.5181e-05 -5.72194e-06 1.05505e-05 4.37123e-06 9.0701e-06 7.45827e-06 1.32794e-05 1.78076e-06 1.72738e-05 -5.56879e-06 1.75751e-05 -6.75529e-07 1.31466e-05 -1.46977e-06 1.00335e-05 -1.03967e-06 1.14059e-05 -2.12053e-06 
-6.62109e-06 4.45919e-09 -3.37279e-06 4.69493e-07 -3.47016e-06 -5.6522e-06 -3.55693e-06 -1.17832e-05 -5.12115e-06 3.35877e-06 -5.27145e-06 3.22942e-07 -4.93113e-06 6.46591e-06 -4.14009e-06 -3.08635e-06 -3.661e-06 -8.15477e-06 -3.98187e-06 1.15205e-07 -5.56879e-06 7.31769e-06 -5.73627e-06 4.28939e-06 -4.5445e-06 4.59715e-06 -4.4767e-06 1.94841e-06 -4.19613e-06 4.0358e-06 
2.81245e-05 4.82045e-06 7.92043e-06 -3.58099e-06 9.03315e-06 7.50836e-06 1.10623e-05 1.24738e-05 2.0285e-05 -2.82241e-06 1.79856e-05 1.59949e-06 1.82327e-05 -6.04335e-06 1.17556e-05 5.79253e-06 9.6219e-06 8.34797e-06 1.5719e-05 2.84663e-06 1.75751e-05 -5.73627e-06 2.32853e-05 1.44016e-06 1.54779e-05 8.17858e-08 1.11267e-05 -1.72461e-07 1.27774e-05 -1.36504e-06 
3.86007e-06 4.35425e-06 -9.64233e-07 -5.94711e-06 -3.90207e-07 -2.51931e-06 1.97429e-06 -8.63012e-06 7.28515e-07 3.4804e-06 6.81567e-07 5.41644e-06 3.98827e-07 8.1863e-06 1.76134e-06 3.72157e-06 -1.29226e-06 -3.30243e-06 -3.17208e-07 6.76881e-06 -6.75529e-07 4.28939e-06 1.44016e-06 2.27576e-05 -1.42894e-07 1.66938e-05 -1.79548e-06 8.22026e-06 -1.531e-06 1.24701e-05 
1.91299e-05 3.49946e-06 6.24733e-06 -2.26244e-06 6.7983e-06 5.61283e-06 8.63172e-06 9.78776e-06 1.41117e-05 -2.31493e-06 1.34379e-05 7.44455e-07 1.28187e-05 -4.63627e-06 8.96187e-06 3.92489e-06 7.60425e-06 6.36459e-06 1.1641e-05 1.54482e-06 1.31466e-05 -4.5445e-06 1.54779e-05 -1.42894e-07 1.34102e-05 -1.15131e-06 8.35052e-06 -5.58538e-07 9.85519e-06 -1.55529e-06 
7.80846e-07 3.16711e-06 -9.1229e-07 -4.45591e-06 -1.20542e-06 -3.21644e-06 5.36708e-07 -1.05188e-05 -1.65099e-07 3.61921e-06 -7.17619e-07 4.39204e-06 -6.1801e-07 7.07936e-06 2.22172e-07 1.91348e-06 -1.6578e-06 -5.59718e-06 -1.24558e-06 5.35497e-06 -1.46977e-06 4.59715e-06 8.17858e-08 1.66938e-05 -1.15131e-06 1.57998e-05 -1.98644e-06 5.06632e-06 -1.92172e-06 1.01126e-05 
1.25268e-05 1.54711e-06 6.18625e-06 -7.18958e-07 5.84063e-06 4.63902e-06 5.8062e-06 8.45985e-06 1.03856e-05 -2.19657e-06 9.67115e-06 2.59586e-07 9.34859e-06 -4.40792e-06 7.01978e-06 2.73783e-06 6.28899e-06 5.91677e-06 8.19885e-06 9.21393e-07 1.00335e-05 -4.4767e-06 1.11267e-05 -1.79548e-06 8.35052e-06 -1.98644e-06 9.14693e-06 -1.07334e-06 7.33278e-06 -2.21616e-06 
1.7031e-06 1.97425e-06 -1.58386e-06 -1.68729e-06 4.09932e-08 -4.4168e-07 3.75527e-07 -1.73441e-06 -5.71871e-07 9.7039e-07 -3.96417e-07 1.93041e-06 -3.0745e-07 3.44603e-06 5.55078e-07 1.44224e-06 -8.22035e-07 1.90358e-07 -4.9194e-07 2.57301e-06 -1.03967e-06 1.94841e-06 -1.72461e-07 8.22026e-06 -5.58538e-07 5.06632e-06 -1.07334e-06 6.29509e-06 -8.97221e-07 4.13573e-06 
1.5137e-05 2.37537e-06 5.99485e-06 -7.96851e-07 5.88243e-06 4.80174e-06 7.19815e-06 8.44479e-06 1.21082e-05 -2.09998e-06 1.07737e-05 2.72692e-07 1.07542e-05 -4.15932e-06 7.51155e-06 2.82352e-06 6.9292e-06 5.65823e-06 9.84792e-06 9.83857e-07 1.14059e-05 -4.19613e-06 1.27774e-05 -1.531e-06 9.85519e-06 -1.92172e-06 7.33278e-06 -8.97221e-07 1.08252e-05 -2.09548e-06 
-1.48774e-06 1.52409e-06 -1.45915e-06 -1.79129e-06 -1.5601e-06 -3.63804e-06 -4.91269e-07 -9.13318e-06 -1.42545e-06 3.13269e-06 -1.68236e-06 2.6371e-06 -1.86741e-06 6.83522e-06 -5.6743e-07 4.21823e-07 -1.83301e-06 -4.49647e-06 -1.72804e-06 3.48971e-06 -2.12053e-06 4.0358e-06 -1.36504e-06 1.24701e-05 -1.55529e-06 1.01126e-05 -2.21616e-06 4.13573e-06 -2.09548e-06 9.58633e-06 
WEIGHT 0.0300688
ESPERANCE 0.0103571 0.016042 0.00750567 0.0182409 0.00714722 0.0713977 0.00817091 0.161356 0.0105037 0.21334 0.0103139 0.33305 0.0104203 0.186833 0.00937594 0.245849 0.00919257 0.0593944 0.0112551 0.181963 0.0118782 0.172251 0.013447 0.293243 0.0127199 0.159151 0.0117744 0.157823 0.0121115 0.108542
COVARIANCE_MATRIX
1.7882e-05 4.16359e-06 1.17822e-07 -8.07034e-07 1.96007e-06 9.67726e-07 4.22525e-06 2.02549e-06 7.16496e-06 -7.05718e-07 7.19685e-06 -5.69356e-07 6.43616e-06 -1.38901e-06 3.08292e-06 -2.9118e-08 1.92143e-06 1.10872e-06 5.9178e-06 -6.15854e-07 5.28845e-06 -1.24385e-06 7.58378e-06 -2.52727e-06 4.85127e-06 -2.20797e-06 1.92194e-06 -5.18236e-07 2.51905e-06 -1.9928e-06 
4.16359e-06 2.81046e-05 -1.66527e-06 7.35364e-06 -2.30438e-06 3.08286e-06 -1.21283e-06 4.16766e-06 1.69296e-07 3.90297e-07 1.1323e-06 4.25276e-07 5.05457e-07 -2.1561e-06 -1.51206e-06 1.35021e-06 -2.44914e-06 2.14153e-06 7.2772e-07 7.21206e-07 -5.66264e-08 -2.0122e-07 7.51044e-07 -2.49672e-06 1.18235e-06 -7.86465e-07 -1.67854e-06 -1.54872e-06 -1.30577e-06 -7.95533e-07 
1.17822e-07 -1.66527e-06 6.13457e-06 1.70792e-08 6.96428e-07 -7.84277e-07 6.94791e-07 -9.21838e-07 1.83254e-06 2.14361e-07 1.72452e-06 -3.93352e-08 2.07247e-06 5.42855e-07 1.28903e-06 -1.99359e-07 1.12122e-06 -4.3859e-07 1.82553e-06 -9.92608e-08 1.49121e-06 6.52525e-07 1.30942e-06 4.55948e-07 1.03961e-06 3.12502e-09 1.61947e-06 8.41963e-07 1.61013e-06 -2.24295e-08 
-8.07034e-07 7.35364e-06 1.70792e-08 1.27133e-05 7.80562e-08 1.74977e-06 -1.23013e-06 1.32787e-06 1.13257e-06 1.20901e-07 -1.04322e-07 3.66136e-07 6.87834e-08 -3.45685e-07 -1.82298e-07 -5.35113e-07 -1.5251e-07 9.26537e-07 1.82835e-07 -1.41534e-08 1.21477e-07 -7.70167e-08 7.02581e-07 -2.41047e-06 4.09707e-07 -3.01773e-07 5.64584e-07 -1.32785e-06 4.42966e-07 -1.93305e-06 
1.96007e-06 -2.30438e-06 6.96428e-07 7.80562e-08 3.68605e-06 -2.29299e-07 1.58401e-06 -1.59562e-07 2.05037e-06 -1.89477e-07 1.21627e-06 -2.04927e-07 1.35103e-06 2.04388e-07 1.6016e-06 -4.23061e-07 1.78427e-06 -7.58438e-09 1.3781e-06 -3.7989e-07 1.10972e-06 -2.49428e-07 1.38667e-06 -4.16424e-07 9.19871e-07 -4.99197e-07 1.49972e-06 1.12775e-07 9.16088e-07 -5.84593e-07 
9.67726e-07 3.08286e-06 -7.84277e-07 1.74977e-06 -2.29299e-07 6.66724e-06 -3.56281e-07 8.30651e-06 -3.97648e-07 -1.51379e-06 -3.3405e-07 1.39323e-06 6.13161e-07 -4.34237e-06 -8.50548e-07 4.35074e-06 -3.9491e-07 5.4746e-06 2.9237e-07 2.51843e-06 -8.11657e-07 -4.00099e-06 2.55899e-08 1.27419e-06 7.84134e-08 1.37712e-06 -5.43875e-08 -1.12525e-06 -3.02211e-07 -4.89694e-08 
4.22525e-06 -1.21283e-06 6.94791e-07 -1.23013e-06 1.58401e-06 -3.56281e-07 4.66228e-06 3.27556e-07 2.27115e-06 -2.30748e-07 2.57087e-06 -3.83221e-07 1.80875e-06 -3.02465e-07 2.06136e-06 -1.57159e-07 1.79263e-06 3.92461e-07 2.29575e-06 -4.77914e-07 2.05242e-06 -1.64507e-08 2.23459e-06 -7.43637e-07 1.73873e-06 -1.28897e-06 1.14171e-06 5.57686e-07 1.43266e-06 -7.82602e-07 
2.02549e-06 4.16766e-06 -9.21838e-07 1.32787e-06 -1.59562e-07 8.30651e-06 3.27556e-07 1.61502e-05 -7.01929e-07 -3.16663e-06 -4.91782e-08 1.15799e-06 1.08785e-06 -6.92256e-06 -9.17222e-07 6.56536e-06 -2.45593e-07 1.09357e-05 7.60994e-07 2.40814e-06 -1.32055e-06 -6.69812e-06 2.31137e-07 7.8302e-07 4.32666e-07 -1.50998e-06 -2.41997e-07 -1.54475e-07 5.58947e-09 -1.16448e-06 
7.16496e-06 1.69296e-07 1.83254e-06 1.13257e-06 2.05037e-06 -3.97648e-07 2.27115e-06 -7.01929e-07 6.87159e-06 -8.52233e-08 4.04856e-06 -3.32099e-07 4.33123e-06 3.32418e-07 2.41964e-06 -1.02009e-06 2.0633e-06 -6.53697e-07 4.3298e-06 -6.09776e-07 3.99215e-06 1.45906e-08 5.41898e-06 -1.45433e-06 3.35276e-06 -8.98957e-07 2.41261e-06 -2.20549e-07 2.73188e-06 -1.31457e-06 
-7.05718e-07 3.90297e-07 2.14361e-07 1.20901e-07 -1.89477e-07 -1.51379e-06 -2.30748e-07 -3.16663e-06 -8.52233e-08 2.05651e-06 -9.22173e-08 1.97065e-07 -2.74745e-07 1.2858e-06 -2.86522e-08 -5.41393e-07 -1.67971e-07 -2.30274e-06 -1.91857e-07 3.19625e-07 2.09201e-07 1.83219e-06 -1.98406e-07 1.10304e-06 -8.23542e-08 1.60776e-06 3.4116e-08 2.63464e-07 -1.7691e-07 1.26251e-06 
7.19685e-06 1.1323e-06 1.72452e-06 -1.04322e-07 1.21627e-06 -3.3405e-07 2.57087e-06 -4.91782e-08 4.04856e-06 -9.22173e-08 6.14897e-06 -2.97966e-07 3.84625e-06 -1.92171e-07 2.10731e-06 -4.13286e-07 1.4293e-06 -3.07185e-08 4.13287e-06 -3.27641e-07 3.89181e-06 9.74742e-08 4.9186e-06 -1.14096e-06 3.91589e-06 -1.08716e-06 2.01299e-06 2.66862e-07 2.24153e-06 -1.00916e-06 
-5.69356e-07 4.25276e-07 -3.93352e-08 3.66136e-07 -2.04927e-07 1.39323e-06 -3.83221e-07 1.15799e-06 -3.32099e-07 1.97065e-07 -2.97966e-07 2.49961e-06 7.12169e-08 -6.89709e-07 -6.13953e-07 2.21381e-06 -4.10698e-07 8.90311e-07 4.03801e-08 2.45979e-06 -2.51465e-07 -6.40796e-07 -3.25546e-07 3.64518e-06 -1.38783e-07 3.66938e-06 -5.39513e-08 5.76251e-07 -3.46206e-07 1.94379e-06 
6.43616e-06 5.05457e-07 2.07247e-06 6.87834e-08 1.35103e-06 6.13161e-07 1.80875e-06 1.08785e-06 4.33123e-06 -2.74745e-07 3.84625e-06 7.12169e-08 5.7045e-06 -5.80042e-07 1.58994e-06 4.31946e-07 1.50095e-06 6.42569e-07 4.05617e-06 2.5013e-07 3.33021e-06 -5.85352e-07 5.01552e-06 -1.75878e-07 3.45647e-06 -1.37076e-07 2.42058e-06 -1.51417e-09 2.40561e-06 -4.27554e-07 
-1.38901e-06 -2.1561e-06 5.42855e-07 -3.45685e-07 2.04388e-07 -4.34237e-06 -3.02465e-07 -6.92256e-06 3.32418e-07 1.2858e-06 -1.92171e-07 -6.89709e-07 -5.80042e-07 5.43532e-06 2.87812e-07 -3.42801e-06 8.26944e-08 -4.11967e-06 -5.19749e-07 -1.43347e-06 3.92454e-07 2.78544e-06 -2.29862e-07 6.22309e-07 -3.38234e-07 1.84803e-07 -2.41434e-07 1.41757e-06 5.86973e-10 9.99693e-07 
