DESCRIPTOR_NAME Steinhardt
FILTER_TYPE element
NUMBER_OF_DIMENSION 20
CUTOFF_RADIUS 8.
STEINHARDT_STYLE Multi
AVE_STYLE Multi
STEINHARDT_MODE Full
FILTER_VALUE Mg
NUMBER_OF_CLUSTER 2
WEIGHT 0.0352562
DETERMINANT_OF_COV_MATRIX 1.16485e-125
ESPERANCE 0.00362558 0.00349501 0.00129143 0.00438857 0.00163755 0.00568466 0.0019194 0.0156281 0.00216886 0.0100881 0.00255244 0.0214694 0.00365485 0.0151908 0.00416977 0.017065 0.00433917 0.0150821 0.00470817 0.0181986
INVERSE_OF_COVARIANCE_MATRIX
531657 12598.2 -100476 12846.2 161068 -13094.9 -221140 16241.3 143666 -13405.2 -54501 22203.9 161297 60465.5 -162853 -17319.2 -119618 3073.18 -315675 -31268.7 
12598.2 1.63171e+06 37584.3 -196834 200278 -232096 -116094 11337.5 63637.4 62055.8 13628.9 -93913.9 6276.52 -11444.8 2962.71 68327.4 -83877.4 -38904 67641.6 -200611 
-100476 37584.3 7.75669e+06 263844 -714699 64873.3 278735 83360.8 -576675 -2035.15 -239374 -93066.5 -334538 135780 -373476 -123115 118837 118592 -345754 79612.1 
12846.2 -196834 263844 2.30966e+06 265728 -111554 101719 -752456 -215826 -316984 350469 481694 16499.2 -33462.7 -77574.1 -55913.5 -183157 102878 -42467.2 40662.5 
161068 200278 -714699 265728 1.03161e+07 160885 -1.35596e+06 -177769 -226265 -176032 -801459 55089.3 -418051 138150 347271 29018.7 -589913 -16744.7 -242396 -134768 
-13094.9 -232096 64873.3 -111554 160885 2.85259e+06 -181390 386551 -99047.8 -59665.3 -227167 -765039 -262954 -488570 62605.2 -18467.3 74824.8 177798 158825 97190.4 
-221140 -116094 278735 101719 -1.35596e+06 -181390 1.06577e+07 23448.6 -605401 180731 39720.7 -47984.5 -486334 -56989.5 -559493 293915 -98081.9 -213881 -629717 -240476 
16241.3 11337.5 83360.8 -752456 -177769 386551 23448.6 1.38683e+06 125333 -404450 120363 165990 -173601 -62259.6 137178 132788 92111.1 -294893 -197173 -556782 
143666 63637.4 -576675 -215826 -226265 -99047.8 -605401 125333 8.67979e+06 -52358.8 -683262 22416.5 -561445 123741 -420097 27930.7 -486399 18574.2 13224.7 -59562.7 
-13405.2 62055.8 -2035.15 -316984 -176032 -59665.3 180731 -404450 -52358.8 1.92941e+06 -39919.9 -127761 -101710 -233851 -10745 44568.6 -37450.1 -222363 3327.99 333238 
-54501 13628.9 -239374 350469 -801459 -227167 39720.7 120363 -683262 -39919.9 7.54626e+06 -107878 -1.42505e+06 121833 -928129 -165234 -413766 75425.1 -309593 170191 
22203.9 -93913.9 -93066.5 481694 55089.3 -765039 -47984.5 165990 22416.5 -127761 -107878 1.07678e+06 44800.3 -187114 -42202.3 -369725 -177399 -43092.5 81053.4 -273405 
161297 6276.52 -334538 16499.2 -418051 -262954 -486334 -173601 -561445 -101710 -1.42505e+06 44800.3 4.70987e+06 -108416 -845941 81367.5 -1.18516e+06 121062 161336 14446 
60465.5 -11444.8 135780 -33462.7 138150 -488570 -56989.5 -62259.6 123741 -233851 121833 -187114 -108416 901857 58236.7 -89808.7 187772 -117005 -101788 15313.2 
-162853 2962.71 -373476 -77574.1 347271 62605.2 -559493 137178 -420097 -10745 -928129 -42202.3 -845941 58236.7 3.91205e+06 182687 78572.6 -114400 -509886 -8226.33 
-17319.2 68327.4 -123115 -55913.5 29018.7 -18467.3 293915 132788 27930.7 44568.6 -165234 -369725 81367.5 -89808.7 182687 701666 45631.2 -3627.42 -68777.9 -167539 
-119618 -83877.4 118837 -183157 -589913 74824.8 -98081.9 92111.1 -486399 -37450.1 -413766 -177399 -1.18516e+06 187772 78572.6 45631.2 4.03572e+06 70468.6 -1.18806e+06 45093.1 
3073.18 -38904 118592 102878 -16744.7 177798 -213881 -294893 18574.2 -222363 75425.1 -43092.5 121062 -117005 -114400 -3627.42 70468.6 511960 180214 -48884.2 
-315675 67641.6 -345754 -42467.2 -242396 158825 -629717 -197173 13224.7 3327.99 -309593 81053.4 161336 -101788 -509886 -68777.9 -1.18806e+06 180214 3.00365e+06 -64978.1 
-31268.7 -200611 79612.1 40662.5 -134768 97190.4 -240476 -556782 -59562.7 333238 170191 -273405 14446 15313.2 -8226.33 -167539 45093.1 -48884.2 -64978.1 564959 
WEIGHT 0.247474
DETERMINANT_OF_COV_MATRIX 5.07687e-126
ESPERANCE 0.00934777 0.00324045 0.00173532 0.00590848 0.00183323 0.00560314 0.00192151 0.0183006 0.00273653 0.0107093 0.00296461 0.0224693 0.00404489 0.0168251 0.0050801 0.0216419 0.00547361 0.0198201 0.00621989 0.025098
INVERSE_OF_COVARIANCE_MATRIX
335434 48629.6 -38995.8 80593.5 10157.1 58660.9 -146068 152603 -16966.1 -15587.6 40165 -46871.7 -228198 -43777.8 -131916 69672.1 181464 -984.058 -226417 -106795 
48629.6 1.56504e+06 -34075.8 -66869.7 -50545 -71264.4 -241523 -80514 147616 -29130.1 -89083.6 4535.75 160997 -261613 -97277.2 295040 189632 -175472 -61128.3 -104550 
-38995.8 -34075.8 4.62984e+06 127043 -448010 338655 19975.3 55664.1 -696807 153188 -841659 217024 -480183 -547006 105501 -65131.6 -251281 -113537 378592 21449.4 
80593.5 -66869.7 127043 1.79343e+06 129507 -156066 721311 26348.5 -523694 -92353.4 135328 6620.35 -131145 100632 346821 -402894 -182498 215568 34109.2 9479.83 
10157.1 -50545 -448010 129507 1.04068e+07 -510200 344189 -165467 -498529 13576 -1.22922e+06 -134401 -464310 495169 382110 -97125 -1.53105e+06 33751.6 -79292.4 -42803.4 
58660.9 -71264.4 338655 -156066 -510200 4.89889e+06 425081 72036.2 575179 -484199 210920 -164566 -260699 -402045 -154489 338901 -100474 99082.4 65765.1 -485927 
-146068 -241523 19975.3 721311 344189 425081 8.73585e+06 668876 -418898 -16251 -518186 129332 -1.13276e+06 -374705 -92010.8 82179.8 115299 -229689 -584469 -161994 
152603 -80514 55664.1 26348.5 -165467 72036.2 668876 2.15472e+06 -446392 146431 -368845 -751283 172860 -370294 371143 226970 -242942 -142348 55803.7 -295818 
-16966.1 147616 -696807 -523694 -498529 575179 -418898 -446392 5.94887e+06 -68267.7 -1.32115e+06 -242628 -94554.3 41589.9 1.04622e+06 158560 -573460 -53425.8 -165058 28747.5 
-15587.6 -29130.1 153188 -92353.4 13576 -484199 -16251 146431 -68267.7 2.65986e+06 109155 -217449 -172956 -1.1085e+06 9797.9 123657 -198875 -311451 -203201 432696 
40165 -89083.6 -841659 135328 -1.22922e+06 210920 -518186 -368845 -1.32115e+06 109155 7.75157e+06 49079.2 -470590 -360253 -980319 287970 26703 -137578 -802088 162166 
-46871.7 4535.75 217024 6620.35 -134401 -164566 129332 -751283 -242628 -217449 49079.2 2.25361e+06 -163635 457302 31940.6 -248771 206995 -598290 -58865.8 -399512 
-228198 160997 -480183 -131145 -464310 -260699 -1.13276e+06 172860 -94554.3 -172956 -470590 -163635 4.92379e+06 24858.1 -1.70903e+06 -11141.8 -1.27202e+06 133986 272346 37026.9 
-43777.8 -261613 -547006 100632 495169 -402045 -374705 -370294 41589.9 -1.1085e+06 -360253 457302 24858.1 1.48156e+06 164494 -387386 702981 49608.4 -170654 -188514 
-131916 -97277.2 105501 346821 382110 -154489 -92010.8 371143 1.04622e+06 9797.9 -980319 31940.6 -1.70903e+06 164494 3.48128e+06 -153904 -433621 35358.9 -648377 -1619.41 
69672.1 295040 -65131.6 -402894 -97125 338901 82179.8 226970 158560 123657 287970 -248771 -11141.8 -387386 -153904 892722 -356568 -310172 50825 -264482 
181464 189632 -251281 -182498 -1.53105e+06 -100474 115299 -242942 -573460 -198875 26703 206995 -1.27202e+06 702981 -433621 -356568 4.06223e+06 222.324 -559924 21608.1 
-984.058 -175472 -113537 215568 33751.6 99082.4 -229689 -142348 -53425.8 -311451 -137578 -598290 133986 49608.4 35358.9 -310172 222.324 960306 130838 20800.4 
-226417 -61128.3 378592 34109.2 -79292.4 65765.1 -584469 55803.7 -165058 -203201 -802088 -58865.8 272346 -170654 -648377 50825 -559924 130838 2.10021e+06 -163623 
-106795 -104550 21449.4 9479.83 -42803.4 -485927 -161994 -295818 28747.5 432696 162166 -399512 37026.9 -188514 -1619.41 -264482 21608.1 20800.4 -163623 565276 
FILTER_VALUE Si
NUMBER_OF_CLUSTER 3
WEIGHT 0.129991
DETERMINANT_OF_COV_MATRIX 4.0083e-125
ESPERANCE 0.00814029 0.00309632 0.00174916 0.00620612 0.00201971 0.00511616 0.00205554 0.0170699 0.00273519 0.0101212 0.00300579 0.0210175 0.00390843 0.0165423 0.00499887 0.0206418 0.00550287 0.0186888 0.00600491 0.023313
INVERSE_OF_COVARIANCE_MATRIX
276252 41912.1 -6604.85 62327.6 -30757.4 -34338.4 54746.4 84433 96219.9 -17510 6273.42 -12867.7 -18090.3 -53158.2 -82604.9 61162.8 26269.2 -28096.8 -236631 -60364.8 
41912.1 1.47843e+06 46261.6 1785.74 -100052 -19874.5 -153874 -171638 -280360 -39784.3 -352335 4807.71 -42925 -166941 -31384.9 190254 371911 -164722 -5617.95 -7540.07 
-6604.85 46261.6 5.01257e+06 132640 -510228 -242868 343960 -13950.8 -457027 212198 -466550 -46646.4 -332891 -219289 -21925.4 -72001.9 -744874 -72828.9 549850 -28297.5 
62327.6 1785.74 132640 1.45313e+06 -39745.3 -149950 556315 59734.4 -155992 -20772.8 18941.5 13333.4 -43986.1 -8692.5 128018 -313715 -243492 196951 99027.2 -77976.2 
-30757.4 -100052 -510228 -39745.3 7.41225e+06 143517 -80453.4 -135670 -1.37812e+06 374805 -448556 2248.32 -502904 162491 554211 -104443 -768691 10943.4 -35026.2 -58764.9 
-34338.4 -19874.5 -242868 -149950 143517 4.38597e+06 258216 -178165 590407 -337827 91003.9 282540 -422687 -522154 -184801 112678 -52251.2 78154.9 44223 -367310 
54746.4 -153874 343960 556315 -80453.4 258216 8.4667e+06 349316 92618.4 -71289 -712155 30811.9 -330477 -288018 -389782 22745.2 339091 -77238.3 -644227 -149949 
84433 -171638 -13950.8 59734.4 -135670 -178165 349316 1.79085e+06 -143805 11026.6 -168518 -582938 -254722 -181347 159668 26580.7 -78659 -98115.1 91568.5 -272912 
96219.9 -280360 -457027 -155992 -1.37812e+06 590407 92618.4 -143805 6.1462e+06 -185261 -1.00355e+06 -178976 -180976 82902 1.31907e+06 174393 -673380 39290 -200980 -181155 
-17510 -39784.3 212198 -20772.8 374805 -337827 -71289 11026.6 -185261 2.32505e+06 -18599.5 -133171 -334479 -815941 -114585 -1510.31 29703 -285673 12186.6 335490 
6273.42 -352335 -466550 18941.5 -448556 91003.9 -712155 -168518 -1.00355e+06 -18599.5 6.94827e+06 73945.7 -915106 -171125 -1.00265e+06 208336 258764 -91514.6 -826854 25746.7 
-12867.7 4807.71 -46646.4 13333.4 2248.32 282540 30811.9 -582938 -178976 -133171 73945.7 1.91533e+06 87206.8 238767 -37761.1 -339032 -12289.7 -508161 36218.7 -185889 
-18090.3 -42925 -332891 -43986.1 -502904 -422687 -330477 -254722 -180976 -334479 -915106 87206.8 4.24385e+06 144740 -1.32072e+06 29911.5 -876667 -12458 151813 133054 
-53158.2 -166941 -219289 -8692.5 162491 -522154 -288018 -181347 82902 -815941 -171125 238767 144740 1.10779e+06 172569 -146499 394120 -21798.7 -165334 -162756 
-82604.9 -31384.9 -21925.4 128018 554211 -184801 -389782 159668 1.31907e+06 -114585 -1.00265e+06 -37761.1 -1.32072e+06 172569 2.90564e+06 -173400 -424885 85699.2 -404938 1641.81 
61162.8 190254 -72001.9 -313715 -104443 112678 22745.2 26580.7 174393 -1510.31 208336 -339032 29911.5 -146499 -173400 788525 -181893 -197724 -42661.2 -219663 
26269.2 371911 -744874 -243492 -768691 -52251.2 339091 -78659 -673380 29703 258764 -12289.7 -876667 394120 -424885 -181893 3.29236e+06 47811.8 -777156 19853 
-28096.8 -164722 -72828.9 196951 10943.4 78154.9 -77238.3 -98115.1 39290 -285673 -91514.6 -508161 -12458 -21798.7 85699.2 -197724 47811.8 892294 75247.2 -96909.9 
-236631 -5617.95 549850 99027.2 -35026.2 44223 -644227 91568.5 -200980 12186.6 -826854 36218.7 151813 -165334 -404938 -42661.2 -777156 75247.2 2.02351e+06 -104897 
-60364.8 -7540.07 -28297.5 -77976.2 -58764.9 -367310 -149949 -272912 -181155 335490 25746.7 -185889 133054 -162756 1641.81 -219663 19853 -96909.9 -104897 514963 
WEIGHT 0.0826782
DETERMINANT_OF_COV_MATRIX 7.19236e-130
ESPERANCE 0.0116834 0.0030027 0.00164008 0.00615381 0.00223301 0.00591886 0.00214019 0.0180177 0.00261917 0.00990553 0.00296122 0.0225054 0.00416235 0.0176239 0.0053639 0.0226294 0.00594596 0.0201299 0.00712039 0.0279987
INVERSE_OF_COVARIANCE_MATRIX
666869 100808 -324183 169196 -284421 352481 -90820.7 446631 336190 7094.28 553716 57460.4 -357146 -156720 -158753 58428.7 70871.3 -143101 -427797 -216612 
100808 2.68885e+06 181281 -188063 -343631 -294696 93948.1 240476 -253363 20919.2 519724 332937 -42899.9 -376340 371516 229922 813751 -130853 -438696 -404858 
-324183 181281 7.92457e+06 70999.7 212119 -119179 742210 -108219 -95385.4 29308 -909550 -441269 -186419 -492616 149084 657188 -1.14504e+06 868264 1.07218e+06 -102930 
169196 -188063 70999.7 2.56297e+06 -72199.3 1810.66 811122 524545 14965.3 2506.59 -182199 484071 16801.8 274530 -222852 -701087 -376574 -14288.5 283820 -205337 
-284421 -343631 212119 -72199.3 1.16233e+07 -149816 982953 -743698 -338034 -326623 -1.68126e+06 69334.7 -1.07401e+06 1.04106e+06 -859220 34774.6 321047 227119 -588128 -173703 
352481 -294696 -119179 1810.66 -149816 6.52844e+06 618177 331043 102719 -852187 1.26013e+06 209443 -407323 -842716 -61664.5 301523 -594984 -358975 -150137 -919978 
-90820.7 93948.1 742210 811122 982953 618177 1.27371e+07 419693 -2.09275e+06 -714863 -2.93189e+06 20052.2 -1.11781e+06 -146550 730187 -125407 -607931 -467723 -348707 -222382 
446631 240476 -108219 524545 -743698 331043 419693 3.86342e+06 165753 68310.1 -420203 -971634 788803 -216203 317337 -77076.4 -397547 -98179.9 125703 -652152 
336190 -253363 -95385.4 14965.3 -338034 102719 -2.09275e+06 165753 1.20057e+07 -348486 -2.03458e+06 -669115 960595 141462 833372 546962 -316.21 192573 -378497 -122009 
7094.28 20919.2 29308 2506.59 -326623 -852187 -714863 68310.1 -348486 4.89662e+06 738068 -285076 -750252 -1.91949e+06 -288696 130071 61303.6 -628019 -55563.9 896437 
553716 519724 -909550 -182199 -1.68126e+06 1.26013e+06 -2.93189e+06 -420203 -2.03458e+06 738068 1.60106e+07 -509528 -1.21814e+06 -421783 -1.95276e+06 1.06906e+06 1.03446e+06 -158262 -1.70724e+06 -39415.8 
57460.4 332937 -441269 484071 69334.7 209443 20052.2 -971634 -669115 -285076 -509528 3.66843e+06 -375988 802678 584532 -340255 -377533 -1.21046e+06 -24522.2 -667866 
-357146 -42899.9 -186419 16801.8 -1.07401e+06 -407323 -1.11781e+06 788803 960595 -750252 -1.21814e+06 -375988 9.92198e+06 -135917 -2.69188e+06 -172474 -3.12504e+06 -140583 -104510 9102.37 
-156720 -376340 -492616 274530 1.04106e+06 -842716 -146550 -216203 141462 -1.91949e+06 -421783 802678 -135917 2.71456e+06 717408 -148514 -31219.2 325810 -250973 -551664 
-158753 371516 149084 -222852 -859220 -61664.5 730187 317337 833372 -288696 -1.95276e+06 584532 -2.69188e+06 717408 6.62209e+06 -202965 -2.59515e+06 -80284.5 -708581 15409.6 
58428.7 229922 657188 -701087 34774.6 301523 -125407 -77076.4 546962 130071 1.06906e+06 -340255 -172474 -148514 -202965 1.43039e+06 -729473 -234795 326837 -375801 
70871.3 813751 -1.14504e+06 -376574 321047 -594984 -607931 -397547 -316.21 61303.6 1.03446e+06 -377533 -3.12504e+06 -31219.2 -2.59515e+06 -729473 6.99044e+06 315373 -253584 329053 
-143101 -130853 868264 -14288.5 227119 -358975 -467723 -98179.9 192573 -628019 -158262 -1.21046e+06 -140583 325810 -80284.5 -234795 315373 1.54238e+06 223463 61765.9 
-427797 -438696 1.07218e+06 283820 -588128 -150137 -348707 125703 -378497 -55563.9 -1.70724e+06 -24522.2 -104510 -250973 -708581 326837 -253584 223463 2.37471e+06 -232291 
-216612 -404858 -102930 -205337 -173703 -919978 -222382 -652152 -122009 896437 -39415.8 -667866 9102.37 -551664 15409.6 -375801 329053 61765.9 -232291 943714 
WEIGHT 0.06361
DETERMINANT_OF_COV_MATRIX 2.01884e-130
ESPERANCE 0.00788189 0.00396114 0.00131704 0.00572627 0.00186428 0.00536086 0.00225509 0.0175148 0.00248186 0.010133 0.00302203 0.020895 0.00393267 0.0159913 0.00521 0.0188593 0.00539855 0.0176669 0.00585759 0.0226053
INVERSE_OF_COVARIANCE_MATRIX
681745 62445.5 195069 -4459.94 482737 -1041.95 -55160.5 5456.23 457082 -32552.7 432401 94758.3 -273343 280486 -185376 -167546 -3615.04 -66136.4 -512442 -91406.4 
62445.5 2.35068e+06 -119115 -240437 -18787.5 -314628 -662510 328264 690467 -407283 -562163 -113309 -41999.4 -374547 201248 190291 -343981 -166676 166485 -249287 
195069 -119115 7.70406e+06 173367 -513773 -192698 432391 -422581 -623729 410262 -1.47225e+06 -240562 -207936 216801 562381 302229 -1.08933e+06 151540 12601.2 18607.4 
-4459.94 -240437 173367 2.55543e+06 234997 -617461 359544 119013 -686538 46037.4 -209520 -39367.3 143108 -257977 192175 -597385 -622216 312803 -170495 340450 
482737 -18787.5 -513773 234997 1.27299e+07 727937 -1.99858e+06 302370 -1.69634e+06 506233 -1.40542e+06 -52387.3 -253781 -650815 1.12896e+06 -184399 -1.61796e+06 -404520 -145408 -22824.5 
-1041.95 -314628 -192698 -617461 727937 5.68345e+06 -720952 -443392 1.41386e+06 -477355 372106 521189 -1.16484e+06 -637481 12594.4 406140 426386 -76935.4 -209065 -942375 
-55160.5 -662510 432391 359544 -1.99858e+06 -720952 1.456e+07 133474 -651787 350577 -423949 -443933 -292480 -188195 -1.06726e+06 184352 741898 -127081 -541796 -254450 
5456.23 328264 -422581 119013 302370 -443392 133474 4.00125e+06 1.06815e+06 268592 -131242 -922889 -795354 -736150 415173 200543 288166 86524.5 -112131 -710499 
457082 690467 -623729 -686538 -1.69634e+06 1.41386e+06 -651787 1.06815e+06 1.06904e+07 171903 -1.18077e+06 -189363 2.21026e+06 482111 850224 -1.31884e+06 -1.21723e+06 123232 -94842.1 -306872 
-32552.7 -407283 410262 46037.4 506233 -477355 350577 268592 171903 4.23574e+06 508914 -808851 -856277 -1.09298e+06 -424385 279454 -79395.5 -390654 98391.3 771722 
432401 -562163 -1.47225e+06 -209520 -1.40542e+06 372106 -423949 -131242 -1.18077e+06 508914 1.17627e+07 154264 -60895 733938 -1.71963e+06 105764 -713072 -46225.7 -1.30856e+06 -37988.1 
94758.3 -113309 -240562 -39367.3 -52387.3 521189 -443933 -922889 -189363 -808851 154264 3.75168e+06 -97159.1 1.09308e+06 3737.7 -910961 -58034.9 -1.07307e+06 -107228 -759405 
-273343 -41999.4 -207936 143108 -253781 -1.16484e+06 -292480 -795354 2.21026e+06 -856277 -60895 -97159.1 6.67076e+06 -801593 -1.84036e+06 376644 -1.32555e+06 313799 -42192.3 580486 
280486 -374547 216801 -257977 -650815 -637481 -188195 -736150 482111 -1.09298e+06 733938 1.09308e+06 -801593 3.52304e+06 108862 -923093 538551 268970 51342.1 -608844 
-185376 201248 562381 192175 1.12896e+06 12594.4 -1.06726e+06 415173 850224 -424385 -1.71963e+06 3737.7 -1.84036e+06 108862 5.61721e+06 120455 -360618 -212016 -749925 -108721 
-167546 190291 302229 -597385 -184399 406140 184352 200543 -1.31884e+06 279454 105764 -910961 376644 -923093 120455 2.69043e+06 114432 -92548.5 -97229.9 -547180 
-3615.04 -343981 -1.08933e+06 -622216 -1.61796e+06 426386 741898 288166 -1.21723e+06 -79395.5 -713072 -58034.9 -1.32555e+06 538551 -360618 114432 6.63012e+06 161418 -1.2086e+06 -302654 
-66136.4 -166676 151540 312803 -404520 -76935.4 -127081 86524.5 123232 -390654 -46225.7 -1.07307e+06 313799 268970 -212016 -92548.5 161418 1.28615e+06 294827 -53579.8 
-512442 166485 12601.2 -170495 -145408 -209065 -541796 -112131 -94842.1 98391.3 -1.30856e+06 -107228 -42192.3 51342.1 -749925 -97229.9 -1.2086e+06 294827 3.21776e+06 -158326 
-91406.4 -249287 18607.4 340450 -22824.5 -942375 -254450 -710499 -306872 771722 -37988.1 -759405 580486 -608844 -108721 -547180 -302654 -53579.8 -158326 1.22231e+06 
FILTER_VALUE O
NUMBER_OF_CLUSTER 1
WEIGHT 0.268642
DETERMINANT_OF_COV_MATRIX 2.14836e-125
ESPERANCE 0.00904158 0.0032362 0.00170504 0.00589822 0.00192609 0.00551526 0.00206354 0.0180492 0.00268371 0.0103487 0.00284803 0.0219605 0.00399107 0.0168287 0.00498017 0.0212195 0.00547338 0.0193919 0.00610213 0.0248333
INVERSE_OF_COVARIANCE_MATRIX
317327 86234.7 -57486.6 117420 120415 -31698.1 108973 153563 39123.8 -13188.9 -23040.1 -873.853 -89607.1 -58333.3 -147338 35804.7 99932.6 -33586.5 -276460 -98384.6 
86234.7 1.48609e+06 -35686.3 -115689 -296462 -45483.2 -122254 -815.612 -11420.8 -709.327 -86221.5 -128387 114491 -246797 125344 339074 253106 -107744 -145478 -106473 
-57486.6 -35686.3 4.7628e+06 179521 -570710 50677.6 521142 -67641.4 -952661 100787 -676365 111879 -340763 -472959 81604 -46957.4 -283586 -113746 297676 94554.2 
117420 -115689 179521 1.75387e+06 -140067 -152444 433016 68829.4 -308886 -65554.5 104879 -7400.27 -91597.7 125108 97884.3 -451805 -209307 202513 197990 17557.8 
120415 -296462 -570710 -140067 7.87412e+06 48825.1 -664040 -127790 -8624.18 392758 -747478 103316 -372241 151091 87529.7 -33167.7 -1.12162e+06 -69438.4 -161070 -62302.3 
-31698.1 -45483.2 50677.6 -152444 48825.1 4.65696e+06 198426 -191896 824621 -541225 54082 186451 -402325 -462357 -179976 361720 -55682.4 22539.8 111139 -542205 
108973 -122254 521142 433016 -664040 198426 5.83775e+06 332173 -431821 246572 -640653 170391 -275382 -399207 -143332 249288 164224 -277413 -254763 -144362 
153563 -815.612 -67641.4 68829.4 -127790 -191896 332173 1.88934e+06 59479 -150856 17442.7 -718477 112623 -278518 276761 207808 -304809 -93418.2 92190.7 -289264 
39123.8 -11420.8 -952661 -308886 -8624.18 824621 -431821 59479 6.07916e+06 376704 -1.01253e+06 -309682 33119.2 -345540 718178 33902.7 -831508 -15751.4 -6374.06 -2017.39 
-13188.9 -709.327 100787 -65554.5 392758 -541225 246572 -150856 376704 2.37542e+06 -316749 -210608 -529186 -840468 102642 25789 56089.8 -264445 -51344.7 458738 
-23040.1 -86221.5 -676365 104879 -747478 54082 -640653 17442.7 -1.01253e+06 -316749 8.12643e+06 -30110.4 -457011 -12645.9 -563684 207656 -236368 82081.1 -857812 -38379.6 
-873.853 -128387 111879 -7400.27 103316 186451 170391 -718477 -309682 -210608 -30110.4 2.08159e+06 -113384 499432 2635.11 -167918 189001 -538368 14054.4 -395705 
-89607.1 114491 -340763 -91597.7 -372241 -402325 -275382 112623 33119.2 -529186 -457011 -113384 4.52981e+06 172238 -1.48319e+06 75211.4 -835662 112720 99908.8 -37039.7 
-58333.3 -246797 -472959 125108 151091 -462357 -399207 -278518 -345540 -840468 -12645.9 499432 172238 1.34719e+06 78755.7 -374296 509478 7307.15 -189593 -159464 
-147338 125344 81604 97884.3 87529.7 -179976 -143332 276761 718178 102642 -563684 2635.11 -1.48319e+06 78755.7 3.20138e+06 -136536 -552698 -65133.2 -578499 75313.5 
35804.7 339074 -46957.4 -451805 -33167.7 361720 249288 207808 33902.7 25789 207656 -167918 75211.4 -374296 -136536 902569 -348322 -335693 -18867 -297602 
99932.6 253106 -283586 -209307 -1.12162e+06 -55682.4 164224 -304809 -831508 56089.8 -236368 189001 -835662 509478 -552698 -348322 3.44991e+06 -68392.5 -480824 90792.7 
-33586.5 -107744 -113746 202513 -69438.4 22539.8 -277413 -93418.2 -15751.4 -264445 82081.1 -538368 112720 7307.15 -65133.2 -335693 -68392.5 920111 112239 16579.4 
-276460 -145478 297676 197990 -161070 111139 -254763 92190.7 -6374.06 -51344.7 -857812 14054.4 99908.8 -189593 -578499 -18867 -480824 112239 1.95434e+06 -124094 
-98384.6 -106473 94554.2 17557.8 -62302.3 -542205 -144362 -289264 -2017.39 458738 -38379.6 -395705 -37039.7 -159464 75313.5 -297602 90792.7 16579.4 -124094 574790 
