DESCRIPTOR_NAME Steinhardt
FILTER_TYPE element
NUMBER_OF_DIMENSION 20
CUTOFF_RADIUS 8.
STEINHARDT_STYLE Multi
AVE_STYLE Multi
STEINHARDT_MODE Full
FILTER_VALUE Mg
NUMBER_OF_CLUSTER 1
WEIGHT 0.266327
DETERMINANT_OF_COV_MATRIX 1.24683e-126
ESPERANCE 0.00337071 0.00313158 0.00143656 0.00525463 0.00140275 0.00603059 0.00181868 0.0184261 0.00235718 0.0115781 0.0024395 0.023109 0.00313615 0.0192638 0.00370935 0.0297007 0.00398643 0.0214938 0.00537412 0.0289917
INVERSE_OF_COVARIANCE_MATRIX
698230 23414.1 -232969 -122159 -172328 -68377.6 -173373 179950 -195083 17751.7 105709 -219547 -146651 -143578 -46377 153035 -4555.16 -14117.8 -434665 -12978.9 
23414.1 1.84868e+06 64956.8 -417960 328012 112201 -29742.7 126834 247249 -269524 57897 261991 82317.4 -336062 -5984.93 117654 -113344 -178411 -168386 -211703 
-232969 64956.8 8.01413e+06 239529 438298 365941 -548396 280945 -757200 440927 -548238 -210599 64337.2 -298277 613838 224249 -840844 -337244 -410084 92972 
-122159 -417960 239529 2.41514e+06 22161.7 -265047 205776 461503 -48219.1 726102 70173 -410401 151464 -436938 -332230 -277111 63158.3 -605601 368849 187506 
-172328 328012 438298 22161.7 1.35447e+07 265155 -1.87162e+06 -103240 -538890 -563433 -1.34037e+06 -106775 -1.12205e+06 539122 38747.8 -168997 -75794.8 250552 -552572 -125310 
-68377.6 112201 365941 -265047 265155 3.77666e+06 1.04731e+06 -933650 -518157 -626895 461475 211314 11945.5 232890 120252 -188256 -21062.1 47056.5 -355095 -126696 
-173373 -29742.7 -548396 205776 -1.87162e+06 1.04731e+06 1.34791e+07 -248629 -1.62157e+06 -248964 -1.21117e+06 376158 -880124 -408649 -103387 -292730 80555.7 351519 -477074 -74213.3 
179950 126834 280945 461503 -103240 -933650 -248629 1.69365e+06 186537 483493 305017 -342650 -49396 -588997 -204193 378890 -140620 258863 37759.1 -467224 
-195083 247249 -757200 -48219.1 -538890 -518157 -1.62157e+06 186537 5.98768e+06 140566 -1.05006e+06 -374803 -1.75962e+06 -312209 272979 439226 -660060 15666.3 511741 -58310.2 
17751.7 -269524 440927 726102 -563433 -626895 -248964 483493 140566 2.84674e+06 219107 -551858 -181549 -876103 -302467 -634154 221723 -659752 193870 590386 
105709 57897 -548238 70173 -1.34037e+06 461475 -1.21117e+06 305017 -1.05006e+06 219107 8.48689e+06 -516328 -703020 -185300 -861291 221538 377032 -146707 -1.70602e+06 122324 
-219547 261991 -210599 -410401 -106775 211314 376158 -342650 -374803 -551858 -516328 1.72434e+06 399475 253954 34875.2 -345863 -214885 309391 372618 -281735 
-146651 82317.4 64337.2 151464 -1.12205e+06 11945.5 -880124 -49396 -1.75962e+06 -181549 -703020 399475 6.30383e+06 163142 -362015 -206981 -1.4288e+06 204584 228205 -32837.4 
-143578 -336062 -298277 -436938 539122 232890 -408649 -588997 -312209 -876103 -185300 253954 163142 1.21241e+06 169952 130051 156983 -165564 -13461.4 100.051 
-46377 -5984.93 613838 -332230 38747.8 120252 -103387 -204193 272979 -302467 -861291 34875.2 -362015 169952 3.11093e+06 33850.9 -534976 93711.8 -709631 92245.7 
153035 117654 224249 -277111 -168997 -188256 -292730 378890 439226 -634154 221538 -345863 -206981 130051 33850.9 1.10621e+06 141986 -7281.28 -140036 -397869 
-4555.16 -113344 -840844 63158.3 -75794.8 -21062.1 80555.7 -140620 -660060 221723 377032 -214885 -1.4288e+06 156983 -534976 141986 4.03044e+06 -225448 -425483 136374 
-14117.8 -178411 -337244 -605601 250552 47056.5 351519 258863 15666.3 -659752 -146707 309391 204584 -165564 93711.8 -7281.28 -225448 1.17571e+06 60524.7 -360093 
-434665 -168386 -410084 368849 -552572 -355095 -477074 37759.1 511741 193870 -1.70602e+06 372618 228205 -13461.4 -709631 -140036 -425483 60524.7 2.48837e+06 -148406 
-12978.9 -211703 92972 187506 -125310 -126696 -74213.3 -467224 -58310.2 590386 122324 -281735 -32837.4 100.051 92245.7 -397869 136374 -360093 -148406 497759 
FILTER_VALUE Si
NUMBER_OF_CLUSTER 2
WEIGHT 0.117563
DETERMINANT_OF_COV_MATRIX 1.47335e-129
ESPERANCE 0.00261298 0.00292117 0.00130072 0.00530362 0.00157292 0.00679353 0.00203313 0.0197008 0.00229811 0.0112058 0.00251955 0.0234609 0.00314775 0.0189594 0.0040067 0.0309387 0.0039516 0.0215167 0.00549948 0.0328346
INVERSE_OF_COVARIANCE_MATRIX
1.31894e+06 108821 -512290 -206256 -466949 -197813 382493 322276 334963 126853 165977 -346624 -408449 -365699 -65515.8 86298.2 -145351 178887 -494324 -5753.57 
108821 2.38208e+06 307506 -44392.9 408309 29312.9 -44208.2 163672 549804 -361556 354226 526372 -74895.6 -549005 -63385 -55568.7 -245553 -379509 -228030 -224278 
-512290 307506 1.08812e+07 209680 -639195 148221 -903462 93270.5 -1.76022e+06 741429 -25417.8 -16863.2 531616 -390318 -266478 320511 -377539 -526678 -611414 130584 
-206256 -44392.9 209680 3.17144e+06 376733 -145584 -959893 322528 563215 911462 134163 -485039 548655 -601513 -932986 -860713 -58476.9 -931271 606458 364391 
-466949 408309 -639195 376733 1.45076e+07 -226227 -4.42707e+06 445087 77935.7 31670 -573753 -769118 -2.45518e+06 70817.5 188069 155028 481312 -694223 -529838 175029 
-197813 29312.9 148221 -145584 -226227 8.54061e+06 857710 -1.14398e+06 -215322 -1.13512e+06 663977 775958 -349027 -816705 -208171 -436557 -21121.4 341293 -498949 -184351 
382493 -44208.2 -903462 -959893 -4.42707e+06 857710 1.55111e+07 -1.11508e+06 -842118 -826879 -2.26173e+06 428751 -899146 816241 290605 -817710 762060 394011 -217940 139759 
322276 163672 93270.5 322528 445087 -1.14398e+06 -1.11508e+06 2.42258e+06 705985 193799 802338 -604681 402908 -179245 -206417 691922 -66576.3 738240 99451.1 -503533 
334963 549804 -1.76022e+06 563215 77935.7 -215322 -842118 705985 8.5026e+06 750229 1.11124e+06 -543734 -3.31139e+06 -679693 243535 376964 -1.91057e+06 183272 665681 -169071 
126853 -361556 741429 911462 31670 -1.13512e+06 -826879 193799 750229 5.6678e+06 756209 13818.6 243117 -1.0001e+06 -858015 -1.74606e+06 347577 -901872 73352.4 1.01797e+06 
165977 354226 -25417.8 134163 -573753 663977 -2.26173e+06 802338 1.11124e+06 756209 1.1769e+07 -605893 -414916 -796641 -2.61475e+06 39105.8 -211325 -294547 -1.81454e+06 44508.1 
-346624 526372 -16863.2 -485039 -769118 775958 428751 -604681 -543734 13818.6 -605893 2.54829e+06 303964 4335.22 -6926.34 -566525 -158812 109434 587670 -332197 
-408449 -74895.6 531616 548655 -2.45518e+06 -349027 -899146 402908 -3.31139e+06 243117 -414916 303964 8.8734e+06 -42721.3 -380712 -496343 -1.46377e+06 -68861.9 -87616.9 42121.5 
-365699 -549005 -390318 -601513 70817.5 -816705 816241 -179245 -679693 -1.0001e+06 -796641 4335.22 -42721.3 1.51824e+06 535415 494132 -43258.8 -147384 205574 -163171 
-65515.8 -63385 -266478 -932986 188069 -208171 290605 -206417 243535 -858015 -2.61475e+06 -6926.34 -380712 535415 5.52866e+06 -359853 -1.94603e+06 563776 -601643 109178 
86298.2 -55568.7 320511 -860713 155028 -436557 -817710 691922 376964 -1.74606e+06 39105.8 -566525 -496343 494132 -359853 2.26273e+06 991560 216478 -30999.7 -750267 
-145351 -245553 -377539 -58476.9 481312 -21121.4 762060 -66576.3 -1.91057e+06 347577 -211325 -158812 -1.46377e+06 -43258.8 -1.94603e+06 991560 5.42883e+06 -184706 -121536 -212901 
178887 -379509 -526678 -931271 -694223 341293 394011 738240 183272 -901872 -294547 109434 -68861.9 -147384 563776 216478 -184706 1.66378e+06 180843 -437514 
-494324 -228030 -611414 606458 -529838 -498949 -217940 99451.1 665681 73352.4 -1.81454e+06 587670 -87616.9 205574 -601643 -30999.7 -121536 180843 2.69436e+06 -222129 
-5753.57 -224278 130584 364391 175029 -184351 139759 -503533 -169071 1.01797e+06 44508.1 -332197 42121.5 -163171 109178 -750267 -212901 -437514 -222129 595552 
WEIGHT 0.150854
DETERMINANT_OF_COV_MATRIX 2.04676e-126
ESPERANCE 0.00397079 0.0031623 0.00161544 0.00568227 0.00172261 0.0056191 0.00214814 0.0169437 0.0026517 0.0118201 0.00279398 0.0223134 0.0034088 0.0196683 0.00416858 0.0285269 0.00428045 0.0213026 0.00543257 0.0261504
INVERSE_OF_COVARIANCE_MATRIX
576898 71487.9 -92963.6 38937.4 -311729 28255.8 -65141.4 131877 -137379 -70745 -45356 -48636.2 -176681 -97721.9 -54755.7 2292.1 29952.7 83873.5 -322157 -71647.5 
71487.9 1.79955e+06 -49799.2 -134778 134213 277268 68719.6 84449.9 262796 -218923 27573.2 80049 -22287.4 -304068 -42704.9 106233 -45329.2 -160394 -46494.3 -228052 
-92963.6 -49799.2 7.17817e+06 56867 133232 18857.7 -401778 -104132 -641127 44755.6 -582082 -17184.7 83240.6 62898 92708.9 67325.6 -414302 -152630 -335560 174305 
38937.4 -134778 56867 2.71423e+06 -598701 -87733.6 -294041 46682.9 260405 425071 -299049 -147377 124048 -372769 -340234 -111841 202799 -324825 514619 15621.8 
-311729 134213 133232 -598701 1.00749e+07 74393 -2.96013e+06 -424203 49161.8 -272828 -1.12779e+06 -155361 -444117 330853 287167 -74011.4 736380 -8114.36 -553079 227732 
28255.8 277268 18857.7 -87733.6 74393 4.69836e+06 180631 -770214 -137041 -495466 176593 -30541.2 -79338.4 -237193 -70689.6 -172319 5821.91 106616 -241368 -170334 
-65141.4 68719.6 -401778 -294041 -2.96013e+06 180631 1.1591e+07 -269852 -999142 -126162 -763446 46279.6 -288460 -51006.1 -948573 -176135 248509 -69821.7 -190992 146780 
131877 84449.9 -104132 46682.9 -424203 -770214 -269852 2.26555e+06 442976 535731 52820.2 -271543 -139539 -676767 21865.5 112690 -161782 278435 1690.44 -608994 
-137379 262796 -641127 260405 49161.8 -137041 -999142 442976 4.69857e+06 -18017.6 -367341 -197165 -1.48537e+06 -188489 -33050.8 276602 -847978 285638 646310 -269300 
-70745 -218923 44755.6 425071 -272828 -495466 -126162 535731 -18017.6 2.6552e+06 7307.15 -796135 -177558 -771308 -140723 -361298 66472.6 -768992 167606 622429 
-45356 27573.2 -582082 -299049 -1.12779e+06 176593 -763446 52820.2 -367341 7307.15 6.57537e+06 -218964 -143262 46527.2 -1.66991e+06 -15821.2 188159 4705.68 -1.29829e+06 105760 
-48636.2 80049 -17184.7 -147377 -155361 -30541.2 46279.6 -271543 -197165 -796135 -218964 1.52048e+06 126102 340437 47027.3 -412555 -89727.2 406566 343651 -280437 
-176681 -22287.4 83240.6 124048 -444117 -79338.4 -288460 -139539 -1.48537e+06 -177558 -143262 126102 4.83258e+06 -24956.2 170134 -112996 -1.3929e+06 180139 -215649 24013.1 
-97721.9 -304068 62898 -372769 330853 -237193 -51006.1 -676767 -188489 -771308 46527.2 340437 -24956.2 1.16936e+06 52065.2 35792.5 959.707 -94320.1 -5383.04 8177.11 
-54755.7 -42704.9 92708.9 -340234 287167 -70689.6 -948573 21865.5 -33050.8 -140723 -1.66991e+06 47027.3 170134 52065.2 3.31911e+06 51121.6 -1.01636e+06 15506.2 -147262 -10460.6 
2292.1 106233 67325.6 -111841 -74011.4 -172319 -176135 112690 276602 -361298 -15821.2 -412555 -112996 35792.5 51121.6 1.14636e+06 92832.8 -272682 -138260 -192763 
29952.7 -45329.2 -414302 202799 736380 5821.91 248509 -161782 -847978 66472.6 188159 -89727.2 -1.3929e+06 959.707 -1.01636e+06 92832.8 3.43503e+06 -9278.27 -255845 39892.4 
83873.5 -160394 -152630 -324825 -8114.36 106616 -69821.7 278435 285638 -768992 4705.68 406566 180139 -94320.1 15506.2 -272682 -9278.27 1.13188e+06 73966.4 -370288 
-322157 -46494.3 -335560 514619 -553079 -241368 -190992 1690.44 646310 167606 -1.29829e+06 343651 -215649 -5383.04 -147262 -138260 -255845 73966.4 2.06552e+06 -151443 
-71647.5 -228052 174305 15621.8 227732 -170334 146780 -608994 -269300 622429 105760 -280437 24013.1 8177.11 -10460.6 -192763 39892.4 -370288 -151443 546031 
FILTER_VALUE O
NUMBER_OF_CLUSTER 1
WEIGHT 0.265395
DETERMINANT_OF_COV_MATRIX 2.01174e-126
ESPERANCE 0.00337647 0.00307223 0.00147671 0.0053051 0.00150947 0.00604987 0.00202633 0.0184445 0.00250668 0.0115641 0.00244799 0.022872 0.00325884 0.0193339 0.003797 0.0296502 0.00404373 0.0215168 0.00537134 0.0290687
INVERSE_OF_COVARIANCE_MATRIX
714605 32084.6 -233836 -106412 -165188 31829.9 43795.4 174880 -143360 12243.9 -117911 -214400 -145820 -164164 -16263.7 98839.4 -8991.82 44783.5 -431559 -13104.3 
32084.6 1.89552e+06 -30288 -393998 470541 179730 -67102.1 150951 293609 -328151 -73741.2 223974 -50184.5 -378711 24402.7 147740 -48284.3 -148273 -163961 -230742 
-233836 -30288 8.05802e+06 151560 114188 67587.7 -474937 242586 -850817 378481 -676699 -137460 161313 -143070 414875 165819 -660636 -299992 -411020 112517 
-106412 -393998 151560 2.28746e+06 104947 -10819.2 289573 441547 -82577.6 655996 -4727.64 -415581 363094 -390859 -266048 -281647 34964 -486655 328727 139541 
-165188 470541 114188 104947 1.11338e+07 268161 -3.368e+06 6764.27 -309052 -96530.1 -361009 -72157 -574554 -85130.4 189544 -125968 -164410 37063.2 -561204 10342.7 
31829.9 179730 67587.7 -10819.2 268161 4.53925e+06 1.04756e+06 -992272 -298173 -515532 23971 244349 -489468 -137813 76253.1 -335492 261203 145436 -215211 -172956 
43795.4 -67102.1 -474937 289573 -3.368e+06 1.04756e+06 1.06805e+07 -240352 -759537 -63750.7 -878234 224820 -401694 -483178 -886142 -513461 357147 261078 -33022 33607.7 
174880 150951 242586 441547 6764.27 -992272 -240352 1.68581e+06 315360 328254 504620 -305809 28798.9 -482480 -242090 304766 -159532 336818 60190.6 -467353 
-143360 293609 -850817 -82577.6 -309052 -298173 -759537 315360 5.36645e+06 131632 -876948 -223822 -1.68409e+06 -289866 -105904 359132 -582490 87646.6 568907 -132037 
12243.9 -328151 378481 655996 -96530.1 -515532 -63750.7 328254 131632 2.73531e+06 320647 -534333 38835.8 -715214 -520102 -720560 177676 -576748 162074 627175 
-117911 -73741.2 -676699 -4727.64 -361009 23971 -878234 504620 -876948 320647 9.0906e+06 -609628 -1.00885e+06 -117077 -1.05091e+06 379474 161162 -182563 -1.41717e+06 60993.1 
-214400 223974 -137460 -415581 -72157 244349 224820 -305809 -223822 -534333 -609628 1.60974e+06 82749.1 227955 115506 -272716 -86565.4 300733 371553 -275098 
-145820 -50184.5 161313 363094 -574554 -489468 -401694 28798.9 -1.68409e+06 38835.8 -1.00885e+06 82749.1 5.58313e+06 65896.5 -159883 -4207.96 -1.49296e+06 -45821.7 127402 -11286.9 
-164164 -378711 -143070 -390859 -85130.4 -137813 -483178 -482480 -289866 -715214 -117077 227955 65896.5 1.12971e+06 290722 236229 -495.794 -245932 -12759.5 -2651.12 
-16263.7 24402.7 414875 -266048 189544 76253.1 -886142 -242090 -105904 -520102 -1.05091e+06 115506 -159883 290722 3.56668e+06 23199.9 -742318 63794.1 -559355 45127.4 
98839.4 147740 165819 -281647 -125968 -335492 -513461 304766 359132 -720560 379474 -272716 -4207.96 236229 23199.9 1.12972e+06 89931.2 -105261 -155791 -383205 
-8991.82 -48284.3 -660636 34964 -164410 261203 357147 -159532 -582490 177676 161162 -86565.4 -1.49296e+06 -495.794 -742318 89931.2 4.04459e+06 -76194.1 -396734 87670.1 
44783.5 -148273 -299992 -486655 37063.2 145436 261078 336818 87646.6 -576748 -182563 300733 -45821.7 -245932 63794.1 -105261 -76194.1 1.14092e+06 133269 -341360 
-431559 -163961 -411020 328727 -561204 -215211 -33022 60190.6 568907 162074 -1.41717e+06 371553 127402 -12759.5 -559355 -155791 -396734 133269 2.2507e+06 -157080 
-13104.3 -230742 112517 139541 10342.7 -172956 33607.7 -467353 -132037 627175 60993.1 -275098 -11286.9 -2651.12 45127.4 -383205 87670.1 -341360 -157080 492538 
