DESCRIPTOR_NAME Steinhardt
FILTER_TYPE element
NUMBER_OF_DIMENSION 20
CUTOFF_RADIUS 8.
STEINHARDT_STYLE Multi
AVE_STYLE Multi
STEINHARDT_MODE Full
FILTER_VALUE Mg
NUMBER_OF_CLUSTER 3
WEIGHT 0.117321
DETERMINANT_OF_COV_MATRIX 1.93194e-125
ESPERANCE 0.00925493 0.00329871 0.00190199 0.00579401 0.00178547 0.00551176 0.00199485 0.0180242 0.0027331 0.0109262 0.00305843 0.0220312 0.00409939 0.017103 0.00513841 0.0214582 0.00537749 0.0196926 0.00624707 0.0242976
INVERSE_OF_COVARIANCE_MATRIX
268820 49123.4 -106318 62305 20326.8 65958.6 -121875 112123 22254.4 -42314.1 -53879.3 -42963.4 -113647 -54505.8 -54122.7 91233.4 155986 22786.2 -232645 -95856.4 
49123.4 1.41611e+06 100177 -130572 -45892.8 98997.9 18505 -85505.8 -21434.2 4848.66 -149033 88907.9 36913.9 -219440 -7157.53 137778 181179 -188847 -35723.9 -79312.3 
-106318 100177 4.53369e+06 70590.4 -454662 -32017.1 -176356 139746 -902957 307608 -355136 7605.03 -604883 -414393 159731 100536 -183085 14016.9 289674 -131873 
62305 -130572 70590.4 1.58791e+06 99286.6 -226246 626646 -6777.75 -270389 -8624.7 61622.7 46564.3 -26834.7 55555.2 312735 -234305 -174866 215078 -18611 -54399.9 
20326.8 -45892.8 -454662 99286.6 9.53269e+06 -339839 278066 -417263 -725586 78781.7 -838790 -105047 -385783 355773 156366 -80760.9 -1.3436e+06 72171.8 -57852.3 42441.2 
65958.6 98997.9 -32017.1 -226246 -339839 4.75699e+06 191126 -169251 402689 -607575 200019 -110031 -235745 -402324 -360233 113090 113214 113274 146167 -239178 
-121875 18505 -176356 626646 278066 191126 7.77976e+06 707528 -83705.5 -172991 -250768 121816 -1.23556e+06 -220332 203664 -35129.8 92798.1 -191421 -751977 -174291 
112123 -85505.8 139746 -6777.75 -417263 -169251 707528 1.88163e+06 -193591 118246 -314209 -735263 78279.9 -311122 317755 264284 -132564 -185971 -22225.2 -234408 
22254.4 -21434.2 -902957 -270389 -725586 402689 -83705.5 -193591 6.11388e+06 126122 -1.18493e+06 -196382 -3179.78 -89155.1 848958 132187 -436032 -85765 -242441 9815.47 
-42314.1 4848.66 307608 -8624.7 78781.7 -607575 -172991 118246 126122 2.39227e+06 60914.9 -107512 -167797 -1.00253e+06 -48021.1 84861.4 -421416 -280009 -34314.9 356809 
-53879.3 -149033 -355136 61622.7 -838790 200019 -250768 -314209 -1.18493e+06 60914.9 6.93824e+06 -171764 -678210 -146449 -904881 290200 231595 -87720.5 -684371 138936 
-42963.4 88907.9 7605.03 46564.3 -105047 -110031 121816 -735263 -196382 -107512 -171764 1.93487e+06 -79908.4 280412 -4131.77 -311989 72050.2 -493092 16482.9 -226880 
-113647 36913.9 -604883 -26834.7 -385783 -235745 -1.23556e+06 78279.9 -3179.78 -167797 -678210 -79908.4 4.69714e+06 149891 -1.45961e+06 34832.1 -1.32025e+06 79475.6 247804 -16008 
-54505.8 -219440 -414393 55555.2 355773 -402324 -220332 -311122 -89155.1 -1.00253e+06 -146449 280412 149891 1.25495e+06 206394 -203451 533365 1760.28 -176629 -186547 
-54122.7 -7157.53 159731 312735 156366 -360233 203664 317755 848958 -48021.1 -904881 -4131.77 -1.45961e+06 206394 3.2608e+06 -62483.7 -42842 65539.2 -987023 934.138 
91233.4 137778 100536 -234305 -80760.9 113090 -35129.8 264284 132187 84861.4 290200 -311989 34832.1 -203451 -62483.7 891719 -258320 -311017 -70310.8 -264863 
155986 181179 -183085 -174866 -1.3436e+06 113214 92798.1 -132564 -436032 -421416 231595 72050.2 -1.32025e+06 533365 -42842 -258320 3.49097e+06 50866.1 -703517 47402.7 
22786.2 -188847 14016.9 215078 72171.8 113274 -191421 -185971 -85765 -280009 -87720.5 -493092 79475.6 1760.28 65539.2 -311017 50866.1 997948 72789.4 -42546.3 
-232645 -35723.9 289674 -18611 -57852.3 146167 -751977 -22225.2 -242441 -34314.9 -684371 16482.9 247804 -176629 -987023 -70310.8 -703517 72789.4 2.2364e+06 -149585 
-95856.4 -79312.3 -131873 -54399.9 42441.2 -239178 -174291 -234408 9815.47 356809 138936 -226880 -16008 -186547 934.138 -264863 47402.7 -42546.3 -149585 512113 
WEIGHT 0.0714376
DETERMINANT_OF_COV_MATRIX 2.94156e-129
ESPERANCE 0.00953601 0.00306047 0.00159625 0.0062639 0.00193642 0.00569552 0.00183572 0.0188065 0.00278007 0.0103805 0.00285142 0.0233247 0.00413344 0.0164955 0.00517307 0.0228347 0.00579012 0.0205231 0.00610482 0.026814
INVERSE_OF_COVARIANCE_MATRIX
641400 118455 227375 255319 -242942 40020.8 -267396 333094 -96176.7 34722 534259 30701.3 -633081 145677 -60728.7 104809 249605 -52188 -432542 -201341 
118455 2.21762e+06 -441749 -18624.1 -133618 -454901 -1.10365e+06 76129.4 197055 -51254.3 342565 140749 622941 -292668 -148415 603120 150080 -261812 -147798 -288149 
227375 -441749 7.16672e+06 232091 -1.85043e+06 -292621 1.80919e+06 -307146 119855 213551 -260994 -431573 -329580 -272973 -43782.3 192158 -1.34657e+06 235735 974096 78990.3 
255319 -18624.1 232091 2.62499e+06 57360.6 -53735 693796 463771 -901370 -599027 468781 -291326 -391128 302170 1.13731e+06 -503280 -37895.4 276684 -72173.3 693.863 
-242942 -133618 -1.85043e+06 57360.6 1.34762e+07 -506350 -196231 68916.5 -111441 -238152 -2.83613e+06 356728 -841165 331843 1.39676e+06 -388705 -1.7699e+06 -210854 -194587 -7453.51 
40020.8 -454901 -292621 -53735 -506350 7.01567e+06 269303 815553 393141 -854838 -65322.2 64936.2 -390481 -618459 -142841 420028 -770302 -266774 24939.8 -952255 
-267396 -1.10365e+06 1.80919e+06 693796 -196231 269303 1.18929e+07 266550 -432291 384984 -1.24127e+06 -703897 -431566 -771372 -847391 482036 288124 126770 -156466 102439 
333094 76129.4 -307146 463771 68916.5 815553 266550 3.66607e+06 -1.36325e+06 232920 -190335 -873344 795012 -276107 1.17387e+06 380290 -710215 -169469 -65000.9 -653922 
-96176.7 197055 119855 -901370 -111441 393141 -432291 -1.36325e+06 6.58093e+06 -713610 -1.37979e+06 -394435 -492255 459863 1.53481e+06 537058 -707451 219686 -207262 29882.6 
34722 -51254.3 213551 -599027 -238152 -854838 384984 232920 -713610 3.99849e+06 339407 -414376 84623.7 -1.31165e+06 -453732 92195.3 112571 -328797 -467924 602048 
534259 342565 -260994 468781 -2.83613e+06 -65322.2 -1.24127e+06 -190335 -1.37979e+06 339407 1.05873e+07 410957 -448460 -140694 -765117 487467 -1.50995e+06 -281797 -1.06189e+06 -145350 
30701.3 140749 -431573 -291326 356728 64936.2 -703897 -873344 -394435 -414376 410957 3.41812e+06 -869001 703114 -85664.4 -392025 627181 -940285 -154214 -758402 
-633081 622941 -329580 -391128 -841165 -390481 -431566 795012 -492255 84623.7 -448460 -869001 6.67514e+06 -339312 -1.97876e+06 422129 -1.13701e+06 308706 40793 75449.9 
145677 -292668 -272973 302170 331843 -618459 -771372 -276107 459863 -1.31165e+06 -140694 703114 -339312 3.35455e+06 -68721.8 -1.12178e+06 860612 522806 15001.4 -385044 
-60728.7 -148415 -43782.3 1.13731e+06 1.39676e+06 -142841 -847391 1.17387e+06 1.53481e+06 -453732 -765117 -85664.4 -1.97876e+06 -68721.8 5.98453e+06 331822 -1.06868e+06 43307.8 -996926 -264351 
104809 603120 192158 -503280 -388705 420028 482036 380290 537058 92195.3 487467 -392025 422129 -1.12178e+06 331822 1.57707e+06 -476318 -408098 -223705 -423594 
249605 150080 -1.34657e+06 -37895.4 -1.7699e+06 -770302 288124 -710215 -707451 112571 -1.50995e+06 627181 -1.13701e+06 860612 -1.06868e+06 -476318 7.21918e+06 -40479.5 -929275 110377 
-52188 -261812 235735 276684 -210854 -266774 126770 -169469 219686 -328797 -281797 -940285 308706 522806 43307.8 -408098 -40479.5 1.11971e+06 218065 164495 
-432542 -147798 974096 -72173.3 -194587 24939.8 -156466 -65000.9 -207262 -467924 -1.06189e+06 -154214 40793 15001.4 -996926 -223705 -929275 218065 2.981e+06 -81914.3 
-201341 -288149 78990.3 693.863 -7453.51 -952255 102439 -653922 29882.6 602048 -145350 -758402 75449.9 -385044 -264351 -423594 110377 164495 -81914.3 898939 
WEIGHT 0.0504176
DETERMINANT_OF_COV_MATRIX 1.02547e-128
ESPERANCE 0.00663901 0.00354739 0.001296 0.00538051 0.00171987 0.00537261 0.00188664 0.0177385 0.00241463 0.0105706 0.00265609 0.0211513 0.0035689 0.0156703 0.0043971 0.0179341 0.00473058 0.0176554 0.00565024 0.0218417
INVERSE_OF_COVARIANCE_MATRIX
433158 48099 -33893.6 51338.1 132579 -52667.8 217978 283804 145741 -135041 -219878 132262 -22159.1 51361.9 -342705 -387703 49897.5 -38618.4 -356147 -78585.4 
48099 1.96685e+06 -88398.8 -264794 148318 -80197.2 -657106 -45111.8 494002 -163325 -40263.2 -127220 -478866 -159335 -350675 161808 131233 -78034.8 237587 -152656 
-33893.6 -88398.8 8.98771e+06 163619 -309335 334841 35412.8 338839 -706123 -93022.7 -1.30672e+06 408656 -202927 -323981 -227595 -499778 -8206.34 -250611 88769.9 204781 
51338.1 -264794 163619 2.60117e+06 448635 -579398 474441 -163025 -817824 -922.022 -164612 86364.3 154278 -163770 228439 -392395 -604806 336837 21423.3 176361 
132579 148318 -309335 448635 1.15413e+07 264653 -1.798e+06 -131390 -1.48584e+06 32517.9 -1.34763e+06 -226531 -659863 317467 730055 199470 -500935 -8273.29 -522466 -159293 
-52667.8 -80197.2 334841 -579398 264653 5.01038e+06 22095.4 92501.1 -193557 -165529 -58026.3 287690 -457587 -420586 167885 99789.1 21592 -170645 -165962 -565740 
217978 -657106 35412.8 474441 -1.798e+06 22095.4 1.20113e+07 76439.3 549190 329333 184976 -449796 -989714 -285313 -588680 113338 735491 234097 -224420 -82944.1 
283804 -45111.8 338839 -163025 -131390 92501.1 76439.3 2.97603e+06 756941 -202332 456720 -953421 -447608 -668334 572109 -134136 -8405.31 -47160.6 -117410 -295444 
145741 494002 -706123 -817824 -1.48584e+06 -193557 549190 756941 8.78853e+06 -47.2268 -1.98408e+06 51285.6 234130 283991 920456 -695663 -1.37473e+06 -57065.6 468032 -291591 
-135041 -163325 -93022.7 -922.022 32517.9 -165529 329333 -202332 -47.2268 3.24752e+06 -174136 -289755 -424585 -1.22778e+06 -212615 246639 -376819 -411101 59897.5 627210 
-219878 -40263.2 -1.30672e+06 -164612 -1.34763e+06 -58026.3 184976 456720 -1.98408e+06 -174136 1.14988e+07 -224558 -946025 -140590 -1.7354e+06 9430 -548840 -80813.5 -684891 51900.6 
132262 -127220 408656 86364.3 -226531 287690 -449796 -953421 51285.6 -289755 -224558 2.8121e+06 -28999.1 594306 -4143.17 -567897 49728.7 -586413 7697.48 -617813 
-22159.1 -478866 -202927 154278 -659863 -457587 -989714 -447608 234130 -424585 -946025 -28999.1 6.13326e+06 -166554 -1.53666e+06 605809 -795350 342132 4608.93 -43385.8 
51361.9 -159335 -323981 -163770 317467 -420586 -285313 -668334 283991 -1.22778e+06 -140590 594306 -166554 2.22537e+06 -210302 -469404 342344 146732 3149.61 -462771 
-342705 -350675 -227595 228439 730055 167885 -588680 572109 920456 -212615 -1.7354e+06 -4143.17 -1.53666e+06 -210302 4.67808e+06 379965 251923 -43424.3 -727749 -69843.7 
-387703 161808 -499778 -392395 199470 99789.1 113338 -134136 -695663 246639 9430 -567897 605809 -469404 379965 2.52208e+06 -461828 -227990 -414213 -494131 
49897.5 131233 -8206.34 -604806 -500935 21592 735491 -8405.31 -1.37473e+06 -376819 -548840 49728.7 -795350 342344 251923 -461828 4.55422e+06 -101760 -1.29562e+06 199421 
-38618.4 -78034.8 -250611 336837 -8273.29 -170645 234097 -47160.6 -57065.6 -411101 -80813.5 -586413 342132 146732 -43424.3 -227990 -101760 946065 315099 -73342 
-356147 237587 88769.9 21423.3 -522466 -165962 -224420 -117410 468032 59897.5 -684891 7697.48 4608.93 3149.61 -727749 -414213 -1.29562e+06 315099 2.92647e+06 -89029.8 
-78585.4 -152656 204781 176361 -159293 -565740 -82944.1 -295444 -291591 627210 51900.6 -617813 -43385.8 -462771 -69843.7 -494131 199421 -73342 -89029.8 919403 
FILTER_VALUE Si
NUMBER_OF_CLUSTER 2
WEIGHT 0.0527415
DETERMINANT_OF_COV_MATRIX 1.6464e-126
ESPERANCE 0.0070923 0.00368192 0.00133435 0.00490726 0.00165996 0.00575697 0.00213666 0.0157014 0.00211745 0.010059 0.00292979 0.0205669 0.00430433 0.0155726 0.00522497 0.0178273 0.00508636 0.015581 0.00548645 0.0194968
INVERSE_OF_COVARIANCE_MATRIX
467361 20382.3 -8572.23 4300 475836 22736 -63081.3 -68075.3 102006 -48742.6 135481 69566.3 -111300 35194.8 -84932.3 18027.1 -84097.9 -42431.7 -309708 -84827 
20382.3 1.70675e+06 255118 -184559 161148 -118557 -50987.1 146147 325450 32262.7 91710.8 -20867.9 95647.6 -159693 45279.8 -83933.2 -297204 -103756 -51423.1 -162178 
-8572.23 255118 7.02545e+06 202836 -120234 -152679 527990 -157517 -133876 190709 -149020 -313046 -255403 179669 174013 141125 -382913 301976 -851218 121993 
4300 -184559 202836 2.17097e+06 192881 -40932.8 306926 -731628 97326.8 -323445 320892 524847 -144427 1608.46 -353041 -131463 -232831 169969 -13742.6 32862.1 
475836 161148 -120234 192881 9.90791e+06 171901 -834273 -163225 414325 -146829 -464775 69480.9 -372674 74503.9 378179 -403080 -25589.4 38085.6 -488532 -173091 
22736 -118557 -152679 -40932.8 171901 3.43238e+06 -172127 527485 560706 -216203 -37280.3 -863634 -468740 -664766 264744 89773.5 149830 231682 -360560 -211385 
-63081.3 -50987.1 527990 306926 -834273 -172127 1.11838e+07 -44033.5 -220205 165491 -65921.2 -236190 -772806 -30526.6 -703113 393258 270370 -249158 -727656 -183154 
-68075.3 146147 -157517 -731628 -163225 527485 -44033.5 1.64351e+06 99498.6 -431550 11363.9 178972 -93778 -135384 35932.5 81718 48444.8 -305939 -195685 -621506 
102006 325450 -133876 97326.8 414325 560706 -220205 99498.6 1.12147e+07 -376715 -232315 -214571 -151496 672210 551118 -182658 -322343 94018.8 -237510 -51451.7 
-48742.6 32262.7 190709 -323445 -146829 -216203 165491 -431550 -376715 2.45744e+06 -10589.3 -83660.1 -306051 -410428 -95553.1 -75881 -107215 -409330 248379 416518 
135481 91710.8 -149020 320892 -464775 -37280.3 -65921.2 11363.9 -232315 -10589.3 8.04592e+06 25072.7 -732746 174626 -842007 -128706 -222618 -75652 -1.31911e+06 178039 
69566.3 -20867.9 -313046 524847 69480.9 -863634 -236190 178972 -214571 -83660.1 25072.7 1.17082e+06 118514 -35650.6 18032 -550599 -176045 -14021.2 99589.1 -190245 
-111300 95647.6 -255403 -144427 -372674 -468740 -772806 -93778 -151496 -306051 -732746 118514 4.78138e+06 -215689 -1.34622e+06 -196000 -1.186e+06 156766 174433 180714 
35194.8 -159693 179669 1608.46 74503.9 -664766 -30526.6 -135384 672210 -410428 174626 -35650.6 -215689 1.13992e+06 188538 -62853.8 79893.3 21940.1 -94706 -59627.7 
-84932.3 45279.8 174013 -353041 378179 264744 -703113 35932.5 551118 -95553.1 -842007 18032 -1.34622e+06 188538 4.14046e+06 140410 -120008 -281038 -726617 45217.9 
18027.1 -83933.2 141125 -131463 -403080 89773.5 393258 81718 -182658 -75881 -128706 -550599 -196000 -62853.8 140410 1.09253e+06 320311 -25885.6 -27343.9 -219813 
-84097.9 -297204 -382913 -232831 -25589.4 149830 270370 48444.8 -322343 -107215 -222618 -176045 -1.186e+06 79893.3 -120008 320311 4.73038e+06 -22064.8 -1.12984e+06 -55048.2 
-42431.7 -103756 301976 169969 38085.6 231682 -249158 -305939 94018.8 -409330 -75652 -14021.2 156766 21940.1 -281038 -25885.6 -22064.8 707787 191806 -168213 
-309708 -51423.1 -851218 -13742.6 -488532 -360560 -727656 -195685 -237510 248379 -1.31911e+06 99589.1 174433 -94706 -726617 -27343.9 -1.12984e+06 191806 3.37255e+06 -206523 
-84827 -162178 121993 32862.1 -173091 -211385 -183154 -621506 -51451.7 416518 178039 -190245 180714 -59627.7 45217.9 -219813 -55048.2 -168213 -206523 661516 
WEIGHT 0.200773
DETERMINANT_OF_COV_MATRIX 3.35283e-126
ESPERANCE 0.00932851 0.00317399 0.00168467 0.00620177 0.00212864 0.00541129 0.00211218 0.0175683 0.00275339 0.0100087 0.00301386 0.0217445 0.00390615 0.0169552 0.00508924 0.0214797 0.00569753 0.0193712 0.00641925 0.0253825
INVERSE_OF_COVARIANCE_MATRIX
323708 121271 33508.5 93073.2 -79359.7 -47626.4 87643.3 123811 210035 24926.1 191872 2207.97 -148940 -81001.4 -113140 77276 27506.9 -45377.8 -309463 -101638 
121271 1.60594e+06 176323 -39173.3 -228186 -91838 -268910 -94520.3 -395799 -15060 -470958 60995.7 191416 -196209 -8809.93 255519 350859 -125665 -22430.3 -142559 
33508.5 176323 5.13775e+06 89142 -454693 146295 880779 -95171.6 -643099 47556.5 -690876 81332.8 -453859 -514542 42013.7 5227.4 -575543 -6224.67 527053 -5428.16 
93073.2 -39173.3 89142 1.7349e+06 4007.32 -31854 647672 108005 -182135 -121878 -40663.5 166185 -139432 78874.3 97676.2 -476291 -257569 166330 196587 -64188.6 
-79359.7 -228186 -454693 4007.32 8.65003e+06 -30060.3 134516 -322675 -1.1975e+06 212224 -381622 12500.9 -985015 466450 407063 -45075.4 -687784 85649.1 -295352 -122188 
-47626.4 -91838 146295 -31854 -30060.3 4.76515e+06 54568.8 164966 613770 -215581 405059 25369.9 -243417 -622904 -134711 299147 -361734 15599.3 -26944.7 -652065 
87643.3 -268910 880779 647672 134516 54568.8 9.60026e+06 422833 -607680 -29835.6 -1.4922e+06 -292230 133633 -287821 -485760 59484 -173143 -61257.3 -384191 -101531 
123811 -94520.3 -95171.6 108005 -322675 164966 422833 2.33822e+06 -307250 19158.3 -429720 -815082 148301 -346990 202299 -9202.75 -223588 -148701 155832 -282600 
210035 -395799 -643099 -182135 -1.1975e+06 613770 -607680 -307250 7.47911e+06 -390231 -1.49035e+06 -273361 174159 226529 1.36616e+06 279502 -576365 139739 -224122 -164498 
24926.1 -15060 47556.5 -121878 212224 -215581 -29835.6 19158.3 -390231 3.08768e+06 -115481 -165063 -148921 -1.26698e+06 -219766 -6920 -56235.6 -440563 -62143.4 564272 
191872 -470958 -690876 -40663.5 -381622 405059 -1.4922e+06 -429720 -1.49035e+06 -115481 8.5945e+06 -74017.1 -696036 -71897 -1.47129e+06 353530 454193 -97194.9 -891917 102024 
2207.97 60995.7 81332.8 166185 12500.9 25369.9 -292230 -815082 -273361 -165063 -74017.1 2.29381e+06 237732 459984 -36664.7 -282505 -127378 -599907 26752.5 -333534 
-148940 191416 -453859 -139432 -985015 -243417 133633 148301 174159 -148921 -696036 237732 5.1294e+06 -183340 -1.36162e+06 -53746.4 -1.36567e+06 -270465 -76001.9 99914.9 
-81001.4 -196209 -514542 78874.3 466450 -622904 -287821 -346990 226529 -1.26698e+06 -71897 459984 -183340 1.56416e+06 243635 -224217 579188 90635.4 -191290 -251391 
-113140 -8809.93 42013.7 97676.2 407063 -134711 -485760 202299 1.36616e+06 -219766 -1.47129e+06 -36664.7 -1.36162e+06 243635 3.61336e+06 -249205 -940822 83752.5 -340478 69829.9 
77276 255519 5227.4 -476291 -45075.4 299147 59484 -9202.75 279502 -6920 353530 -282505 -53746.4 -224217 -249205 959319 -295220 -315266 60964.1 -260133 
27506.9 350859 -575543 -257569 -687784 -361734 -173143 -223588 -576365 -56235.6 454193 -127378 -1.36567e+06 579188 -940822 -295220 3.87009e+06 253554 -430941 60559.2 
-45377.8 -125665 -6224.67 166330 85649.1 15599.3 -61257.3 -148701 139739 -440563 -97194.9 -599907 -270465 90635.4 83752.5 -315266 253554 998525 128340 -10645.4 
-309463 -22430.3 527053 196587 -295352 -26944.7 -384191 155832 -224122 -62143.4 -891917 26752.5 -76001.9 -191290 -340478 60964.1 -430941 128340 1.94656e+06 -186716 
-101638 -142559 -5428.16 -64188.6 -122188 -652065 -101531 -282600 -164498 564272 102024 -333534 99914.9 -251391 69829.9 -260133 60559.2 -10645.4 -186716 606064 
FILTER_VALUE O
NUMBER_OF_CLUSTER 2
WEIGHT 0.151991
DETERMINANT_OF_COV_MATRIX 1.38354e-125
ESPERANCE 0.00955044 0.00314194 0.00183071 0.00608363 0.00195969 0.00562548 0.00204769 0.0184416 0.00278629 0.0104687 0.00287028 0.0225247 0.00404041 0.0174858 0.00508333 0.0226746 0.00561931 0.0203719 0.00630971 0.0263643
INVERSE_OF_COVARIANCE_MATRIX
318136 114012 -4922.93 138978 31419.3 -35197.3 17490 121252 93952.1 14843.6 77874.8 22112.7 -116568 -55493.5 -86553.2 118935 126344 -44155.8 -286410 -120702 
114012 1.6027e+06 -188392 -119464 -318496 20795.4 94500.3 -48324.1 -281408 30492.1 -87159.7 111594 66491 -301930 57644.5 215930 378520 -212838 -205555 -99097 
-4922.93 -188392 4.59828e+06 185346 -732966 -17229 18865.1 -129764 -679236 94392.4 -792803 80276.8 -234248 -401455 266922 189699 -348625 -53932.5 395173 16395.4 
138978 -119464 185346 1.70771e+06 -270785 23415.1 311215 135564 -238720 -162892 135854 -22225.2 -15502.8 209480 108979 -341876 -161775 159113 251834 -61155.1 
31419.3 -318496 -732966 -270785 7.71899e+06 -39813 -358669 -167459 -119430 413066 -1.05109e+06 60319.2 -748431 129290 218946 -176126 -1.00961e+06 25222.4 -138909 -17444.4 
-35197.3 20795.4 -17229 23415.1 -39813 5.00993e+06 274395 -95761 826022 -672103 -135190 113713 -366192 -516421 -57848 259110 -268764 20947.5 120390 -519192 
17490 94500.3 18865.1 311215 -358669 274395 5.71436e+06 420110 -734797 277436 -731114 146593 -306693 -607502 -531555 17671.6 266028 -312967 -138843 -40841.1 
121252 -48324.1 -129764 135564 -167459 -95761 420110 1.78193e+06 -102285 -200233 5497.3 -704387 182195 -234436 226893 198703 -379676 -170297 132059 -244334 
93952.1 -281408 -679236 -238720 -119430 826022 -734797 -102285 6.01327e+06 465859 -704485 -541935 -112548 -269870 676085 413127 -683887 169217 -26498.2 -74810.8 
14843.6 30492.1 94392.4 -162892 413066 -672103 277436 -200233 465859 2.49807e+06 -200440 -165783 -357107 -1.00274e+06 -10894.2 -4852.73 -81480.4 -233786 -121567 477568 
77874.8 -87159.7 -792803 135854 -1.05109e+06 -135190 -731114 5497.3 -704485 -200440 8.63197e+06 -94125.8 -576329 25793.1 -741757 289650 110394 80073.6 -1.09269e+06 -13934.1 
22112.7 111594 80276.8 -22225.2 60319.2 113713 146593 -704387 -541935 -165783 -94125.8 2.02795e+06 -70974.8 442774 42507.3 -214865 230105 -534069 -39186.5 -341412 
-116568 66491 -234248 -15502.8 -748431 -366192 -306693 182195 -112548 -357107 -576329 -70974.8 4.81127e+06 137296 -1.79801e+06 93309.2 -1.13147e+06 -47990.1 326164 -9053.94 
-55493.5 -301930 -401455 209480 129290 -516421 -607502 -234436 -269870 -1.00274e+06 25793.1 442774 137296 1.46848e+06 241799 -242217 606719 34492.5 -165475 -192555 
-86553.2 57644.5 266922 108979 218946 -57848 -531555 226893 676085 -10894.2 -741757 42507.3 -1.79801e+06 241799 3.70733e+06 -124942 -583903 60914.1 -659502 -1110.8 
118935 215930 189699 -341876 -176126 259110 17671.6 198703 413127 -4852.73 289650 -214865 93309.2 -242217 -124942 999414 -249031 -342788 -31794.6 -326738 
126344 378520 -348625 -161775 -1.00961e+06 -268764 266028 -379676 -683887 -81480.4 110394 230105 -1.13147e+06 606719 -583903 -249031 3.65111e+06 -12450.8 -498509 43612 
-44155.8 -212838 -53932.5 159113 25222.4 20947.5 -312967 -170297 169217 -233786 80073.6 -534069 -47990.1 34492.5 60914.1 -342788 -12450.8 965007 74434.9 41761.1 
-286410 -205555 395173 251834 -138909 120390 -138843 132059 -26498.2 -121567 -1.09269e+06 -39186.5 326164 -165475 -659502 -31794.6 -498509 74434.9 1.85953e+06 -105322 
-120702 -99097 16395.4 -61155.1 -17444.4 -519192 -40841.1 -244334 -74810.8 477568 -13934.1 -341412 -9053.94 -192555 -1110.8 -326738 43612 41761.1 -105322 536567 
WEIGHT 0.0914665
DETERMINANT_OF_COV_MATRIX 3.28186e-127
ESPERANCE 0.00769947 0.00343856 0.00144984 0.00551801 0.00185509 0.00527432 0.00211905 0.0172465 0.00245577 0.0101248 0.00278181 0.0207675 0.00387417 0.0155105 0.00476486 0.0183726 0.00516205 0.0175761 0.00563396 0.0218103
INVERSE_OF_COVARIANCE_MATRIX
396202 93966.7 3558.84 -35445.9 131068 -4984.31 375332 88518 111365 -149305 -106593 25658.1 -55344.5 76722.6 -254394 -194151 137475 -8602.8 -320947 -82167.5 
93966.7 1.60301e+06 -5990.47 -190992 -257730 -73032.1 -293500 210221 116285 20567.2 -240.713 -204343 98476.2 -355429 46306.5 195551 102062 -91911.2 -71664.5 -128217 
3558.84 -5990.47 6.84281e+06 100670 -335838 18377.5 1.23446e+06 108431 -371340 41674.4 -730092 -68411.4 -644557 180215 -88674.5 -276348 -189941 51597.2 50786.7 -5528.2 
-35445.9 -190992 100670 2.0933e+06 14643.2 -481828 445508 -111686 -589799 33728.8 -54014.1 105727 -40253.9 -115420 270666 -387392 -409034 272023 42058.2 137723 
131068 -257730 -335838 14643.2 9.10237e+06 212486 -1.24928e+06 -321187 69065.7 379964 -516835 -89082.1 391020 7139.74 -19137.1 152077 -1.44481e+06 -55186.8 -246280 43301.5 
-4984.31 -73032.1 18377.5 -481828 212486 4.51584e+06 46668.4 -180036 473714 -453866 122112 161372 -351294 -327325 -431765 430007 326738 -21763.2 66905.9 -637216 
375332 -293500 1.23446e+06 445508 -1.24928e+06 46668.4 7.56949e+06 -51700.4 -141224 211033 -419370 216451 -304790 71839.2 61664.8 198056 -6136.95 -221584 -531081 -233173 
88518 210221 108431 -111686 -321187 -180036 -51700.4 2.35334e+06 360718 -217211 28729.5 -749916 114823 -510295 402766 209831 -258981 -65934.1 -37794.7 -382064 
111365 116285 -371340 -589799 69065.7 473714 -141224 360718 8.61661e+06 -100453 -1.80412e+06 540.972 446742 248694 1.21456e+06 -666130 -993406 -184069 -32953 7423.18 
-149305 20567.2 41674.4 33728.8 379964 -453866 211033 -217211 -100453 2.47888e+06 -551565 -202046 -880842 -735413 192416 119141 66751.8 -292895 178925 475007 
-106593 -240.713 -730092 -54014.1 -516835 122112 -419370 28729.5 -1.80412e+06 -551565 8.04805e+06 42661.8 -356479 63568.9 -486967 -46799.5 -516703 66901.5 -362811 -37829 
25658.1 -204343 -68411.4 105727 -89082.1 161372 216451 -749916 540.972 -202046 42661.8 2.44579e+06 -234979 365685 -29413.4 -448778 186518 -563004 -18563.2 -457737 
-55344.5 98476.2 -644557 -40253.9 391020 -351294 -304790 114823 446742 -880842 -356479 -234979 4.93528e+06 -27673.3 -1.02262e+06 109187 -448950 252862 -511451 -4143.74 
76722.6 -355429 180215 -115420 7139.74 -327325 71839.2 -510295 248694 -735413 63568.9 365685 -27673.3 1.78071e+06 -76232.6 -396679 384850 120161 -109727 -267742 
-254394 46306.5 -88674.5 270666 -19137.1 -431765 61664.8 402766 1.21456e+06 192416 -486967 -29413.4 -1.02262e+06 -76232.6 2.99006e+06 7790.28 -470666 -178999 -552877 147531 
-194151 195551 -276348 -387392 152077 430007 198056 209831 -666130 119141 -46799.5 -448778 109187 -396679 7790.28 1.58669e+06 -596745 -173082 -39040.4 -410010 
137475 102062 -189941 -409034 -1.44481e+06 326738 -6136.95 -258981 -993406 66751.8 -516703 186518 -448950 384850 -470666 -596745 3.6457e+06 -145523 -689011 158342 
-8602.8 -91911.2 51597.2 272023 -55186.8 -21763.2 -221584 -65934.1 -184069 -292895 66901.5 -563004 252862 120161 -178999 -173082 -145523 897220 215533 -73709.5 
-320947 -71664.5 50786.7 42058.2 -246280 66905.9 -531081 -37794.7 -32953 178925 -362811 -18563.2 -511451 -109727 -552877 -39040.4 -689011 215533 2.70773e+06 -138526 
-82167.5 -128217 -5528.2 137723 43301.5 -637216 -233173 -382064 7423.18 475007 -37829 -457737 -4143.74 -267742 147531 -410010 158342 -73709.5 -138526 795102 
