DESCRIPTOR_NAME Steinhardt
FILTER_TYPE element
NUMBER_OF_DIMENSION 20
CUTOFF_RADIUS 8.
STEINHARDT_STYLE Multi
AVE_STYLE Multi
STEINHARDT_MODE Full
FILTER_VALUE Mg
NUMBER_OF_CLUSTER 4
WEIGHT 0.164994
DETERMINANT_OF_COV_MATRIX 1.54192e-128
ESPERANCE 0.00196762 0.00482893 0.00109478 0.00723629 0.000976497 0.00669969 0.00116713 0.0228632 0.00156898 0.00973481 0.00173097 0.0270384 0.0020934 0.0191746 0.00273045 0.0316334 0.00275128 0.0255279 0.00318026 0.0455904
INVERSE_OF_COVARIANCE_MATRIX
1.37151e+06 -47929.1 -484321 71471.1 -1.05633e+06 99649.5 -214699 2079.9 -84532.3 32516.6 149119 -75115.7 -389268 -81292.9 113983 77555.5 200440 21189.9 -175352 45975.2 
-47929.1 1.05097e+06 -42235.4 -430649 1063.82 -108163 -119994 -161820 154246 -586965 127592 432331 59530 160051 86508.2 -369950 -8986.85 -150065 -211218 84213.6 
-484321 -42235.4 1.12725e+07 -114171 -2.28588e+06 212517 -1.20614e+06 -93285.2 -257581 281708 -1.51613e+06 123901 -700053 157705 393179 -142868 65017.6 79058.1 -1.08388e+06 -91492.4 
71471.1 -430649 -114171 2.25544e+06 -139257 -259834 187727 -203818 -75661.2 -580332 -88352.7 -814164 -66655.6 -136746 -127286 335462 -66272.3 -317100 161857 245443 
-1.05633e+06 1063.82 -2.28588e+06 -139257 2.11127e+07 427474 -1.79209e+06 -196255 465732 -111071 301939 -374744 -842029 298686 269234 162209 -1.17831e+06 128254 -1.59884e+06 90718.5 
99649.5 -108163 212517 -259834 427474 4.50514e+06 256287 1.39471e+06 722067 239431 704139 38117.3 -171015 -823127 -206125 65515.8 330378 -391873 -112466 -427807 
-214699 -119994 -1.20614e+06 187727 -1.79209e+06 256287 1.8032e+07 213765 -2.6466e+06 -269288 -1.97037e+06 -104921 -2.01617e+06 -154749 -1.57002e+06 48764.7 255025 147943 562901 57749.3 
2079.9 -161820 -93285.2 -203818 -196255 1.39471e+06 213765 2.69935e+06 84002.8 151792 103416 -1.49929e+06 54293.9 -452987 -24595.2 -209775 34708.5 336064 -184977 -124905 
-84532.3 154246 -257581 -75661.2 465732 722067 -2.6466e+06 84002.8 1.29273e+07 437543 -3.43329e+06 437992 -2.52699e+06 -558973 -1.98298e+06 -293385 -711844 -1171.94 814850 -32099.4 
32516.6 -586965 281708 -580332 -111071 239431 -269288 151792 437543 4.45636e+06 124915 -306061 362364 -1.55218e+06 -222759 -647673 -56074.5 -436798 160631 468755 
149119 127592 -1.51613e+06 -88352.7 301939 704139 -1.97037e+06 103416 -3.43329e+06 124915 1.16518e+07 -152946 -1.47556e+06 -402103 -1.42502e+06 -178673 -586660 -142921 -613656 26360.1 
-75115.7 432331 123901 -814164 -374744 38117.3 -104921 -1.49929e+06 437992 -306061 -152946 2.18401e+06 -32901.1 250072 302585 56613.6 -96892.3 -205126 -99192 -277284 
-389268 59530 -700053 -66655.6 -842029 -171015 -2.01617e+06 54293.9 -2.52699e+06 362364 -1.47556e+06 -32901.1 1.14079e+07 -160301 -1.57432e+06 -90843.8 -1.28408e+06 -44590.1 -1.02014e+06 119657 
-81292.9 160051 157705 -136746 298686 -823127 -154749 -452987 -558973 -1.55218e+06 -402103 250072 -160301 1.74365e+06 183802 251037 -62648.8 83974.7 71793.5 -190167 
113983 86508.2 393179 -127286 269234 -206125 -1.57002e+06 -24595.2 -1.98298e+06 -222759 -1.42502e+06 302585 -1.57432e+06 183802 6.15556e+06 126213 -2.53231e+06 -141451 -327181 -136286 
77555.5 -369950 -142868 335462 162209 65515.8 48764.7 -209775 -293385 -647673 -178673 56613.6 -90843.8 251037 126213 1.25196e+06 74164.4 -254289 -18666.7 -387059 
200440 -8986.85 65017.6 -66272.3 -1.17831e+06 330378 255025 34708.5 -711844 -56074.5 -586660 -96892.3 -1.28408e+06 -62648.8 -2.53231e+06 74164.4 7.16357e+06 20906 -1.48723e+06 87233.4 
21189.9 -150065 79058.1 -317100 128254 -391873 147943 336064 -1171.94 -436798 -142921 -205126 -44590.1 83974.7 -141451 -254289 20906 1.08659e+06 182728 -78111.2 
-175352 -211218 -1.08388e+06 161857 -1.59884e+06 -112466 562901 -184977 814850 160631 -613656 -99192 -1.02014e+06 71793.5 -327181 -18666.7 -1.48723e+06 182728 2.91565e+06 36474.1 
45975.2 84213.6 -91492.4 245443 90718.5 -427807 57749.3 -124905 -32099.4 468755 26360.1 -277284 119657 -190167 -136286 -387059 87233.4 -78111.2 36474.1 319616 
WEIGHT 0.0217089
DETERMINANT_OF_COV_MATRIX 3.32607e-133
ESPERANCE 0.000396477 0.00897361 0.000528401 0.00393092 0.000409182 0.00704331 0.000629963 0.0189624 0.000990538 0.0113562 0.000851738 0.02467 0.0010367 0.0178671 0.0015337 0.0302248 0.00139569 0.0356857 0.00134755 0.0417879
INVERSE_OF_COVARIANCE_MATRIX
2.15856e+07 1.36356e+06 -2.8557e+06 840357 -7.8179e+06 1.75979e+06 -3.7236e+06 2.18313e+06 2.08214e+06 263499 -4.98714e+06 1.41029e+06 587545 -634912 1.35068e+06 -840271 1.17424e+06 565961 37536.6 -806520 
1.36356e+06 1.68184e+06 1.46768e+06 764687 1.47594e+06 583015 344536 1.3768e+06 743498 -20308.8 -515961 930800 -2.44566e+06 -1.3936e+06 -240329 -694764 618208 73965 833095 -408314 
-2.8557e+06 1.46768e+06 7.344e+07 1.64043e+06 -7.43816e+06 -980332 -1.50632e+07 1.46278e+06 -6.99798e+06 198822 1.26921e+07 2.22197e+06 -6.14657e+06 -1.84134e+06 -3.11707e+06 -1.08753e+06 -1.85361e+06 -4174.87 -7.91203e+06 -559757 
840357 764687 1.64043e+06 3.0566e+06 4.32391e+06 1.54459e+06 44346.5 1.088e+06 -217046 82207.1 -1.92309e+06 592516 -1.67179e+06 -457516 -584389 -271378 493397 -57523.8 2.01197e+06 -553454 
-7.8179e+06 1.47594e+06 -7.43816e+06 4.32391e+06 1.02034e+08 1.32507e+06 -9.91644e+06 985302 9.38929e+06 1.13929e+06 -2.13815e+07 1.81314e+06 -7.39566e+06 -920173 1.8193e+06 -1.06337e+06 4.5503e+06 -313319 -7.61363e+06 -94165.5 
1.75979e+06 583015 -980332 1.54459e+06 1.32507e+06 4.66705e+06 83247 -105577 -756275 -1.25286e+06 -1.65627e+06 -251590 -317103 723941 -633268 -241165 1.0422e+06 303325 1.96902e+06 -561289 
-3.7236e+06 344536 -1.50632e+07 44346.5 -9.91644e+06 83247 8.79834e+07 -401572 -1.46277e+07 663104 -1.87756e+06 25776.1 -7.84875e+06 145545 -4.98215e+06 -348266 -4.3152e+06 -292035 242501 543744 
2.18313e+06 1.3768e+06 1.46278e+06 1.088e+06 985302 -105577 -401572 2.96916e+06 -1.32861e+06 -328574 -422617 1.14686e+06 -3.27869e+06 -1.66608e+06 544400 -346095 1.83751e+06 421663 1.01347e+06 -943614 
2.08214e+06 743498 -6.99798e+06 -217046 9.38929e+06 -756275 -1.46277e+07 -1.32861e+06 4.54539e+07 1.57242e+06 -2.4706e+07 -118345 -3.02883e+06 -1.10753e+06 -2.96117e+06 36172.3 -8.85647e+06 -888206 -375957 -226550 
263499 -20308.8 198822 82207.1 1.13929e+06 -1.25286e+06 663104 -328574 1.57242e+06 2.19633e+06 -1.06206e+06 -419825 -610463 -302423 -289075 68957.2 232990 -516379 -354246 747067 
-4.98714e+06 -515961 1.26921e+07 -1.92309e+06 -2.13815e+07 -1.65627e+06 -1.87756e+06 -422617 -2.4706e+07 -1.06206e+06 4.09557e+07 -606052 -1.26829e+07 169538 7.30869e+06 573043 712949 568309 -3.49404e+06 372782 
1.41029e+06 930800 2.22197e+06 592516 1.81314e+06 -251590 25776.1 1.14686e+06 -118345 -419825 -606052 2.22985e+06 -631493 -1.17149e+06 -412151 -641648 935915 -107277 -385680 -718999 
587545 -2.44566e+06 -6.14657e+06 -1.67179e+06 -7.39566e+06 -317103 -7.84875e+06 -3.27869e+06 -3.02883e+06 -610463 -1.26829e+07 -631493 8.02093e+07 3.56849e+06 -1.94585e+07 661646 -1.09457e+07 -1.27543e+06 -1.04138e+07 1.48416e+06 
-634912 -1.3936e+06 -1.84134e+06 -457516 -920173 723941 145545 -1.66608e+06 -1.10753e+06 -302423 169538 -1.17149e+06 3.56849e+06 2.27526e+06 -302454 479550 -1.24131e+06 -28954.5 57499 326448 
1.35068e+06 -240329 -3.11707e+06 -584389 1.8193e+06 -633268 -4.98215e+06 544400 -2.96117e+06 -289075 7.30869e+06 -412151 -1.94585e+07 -302454 1.45565e+07 -80162.5 -4.57954e+06 530514 2.39206e+06 -267705 
-840271 -694764 -1.08753e+06 -271378 -1.06337e+06 -241165 -348266 -346095 36172.3 68957.2 573043 -641648 661646 479550 -80162.5 509791 -135251 -34576.4 -194673 163746 
1.17424e+06 618208 -1.85361e+06 493397 4.5503e+06 1.0422e+06 -4.3152e+06 1.83751e+06 -8.85647e+06 232990 712949 935915 -1.09457e+07 -1.24131e+06 -4.57954e+06 -135251 3.31087e+07 162023 -1.18148e+07 -461733 
565961 73965 -4174.87 -57523.8 -313319 303325 -292035 421663 -888206 -516379 568309 -107277 -1.27543e+06 -28954.5 530514 -34576.4 162023 565179 674007 -344257 
37536.6 833095 -7.91203e+06 2.01197e+06 -7.61363e+06 1.96902e+06 242501 1.01347e+06 -375957 -354246 -3.49404e+06 -385680 -1.04138e+07 57499 2.39206e+06 -194673 -1.18148e+07 674007 2.59966e+07 -351889 
-806520 -408314 -559757 -553454 -94165.5 -561289 543744 -943614 -226550 747067 372782 -718999 1.48416e+06 326448 -267705 163746 -461733 -344257 -351889 801336 
WEIGHT 0.013197
DETERMINANT_OF_COV_MATRIX 7.4971e-130
ESPERANCE 0.00102478 0.00564574 0.00067961 0.00249459 0.000738685 0.00574783 0.000871092 0.0109781 0.00114635 0.0110685 0.00130084 0.0200806 0.0015315 0.0185295 0.00197669 0.0342103 0.00222575 0.015837 0.00266637 0.0297495
INVERSE_OF_COVARIANCE_MATRIX
3.32961e+06 77388.7 -1.48171e+06 -96292.6 -827058 269876 -860946 -412288 -434370 829727 56080.3 148080 -398144 389214 336787 -442684 499821 -93246.7 96772.3 -16180.2 
77388.7 1.09215e+06 -159742 -330259 -383929 -660523 -1.33193e+06 -318998 -462632 704789 -37312.7 522233 -241865 -183383 69566.6 -273080 105816 -321392 164680 -1364.04 
-1.48171e+06 -159742 2.71594e+07 1.84952e+06 -1.63218e+06 -410009 -762872 -777501 -169914 740312 289232 85350.9 -950173 -887242 -1.21784e+06 255049 -225948 -830996 -252366 557850 
-96292.6 -330259 1.84952e+06 6.96628e+06 -869434 65987.7 -49646.6 -2.15204e+06 556727 -246650 700553 425406 -182859 -156461 -20077.5 -693623 267120 859497 31482.2 152135 
-827058 -383929 -1.63218e+06 -869434 4.0367e+07 980136 -7.59515e+06 979436 1.066e+06 -173821 -6.81252e+06 -799960 -4.45149e+06 -744205 152185 798843 -1.80262e+06 -244840 743307 102014 
269876 -660523 -410009 65987.7 980136 3.39283e+06 -711602 632624 1.16594e+06 481512 -49251.5 -984003 529481 168306 740762 687883 -29651 -304045 -146255 -671757 
-860946 -1.33193e+06 -762872 -49646.6 -7.59515e+06 -711602 4.13767e+07 -234376 -557553 39235.2 -2.52598e+06 -239548 -1.06756e+06 44837.3 -3.78824e+06 345267 -1.38622e+06 272973 -1.38897e+06 405459 
-412288 -318998 -777501 -2.15204e+06 979436 632624 -234376 2.5256e+06 -835321 -660371 373931 -1.76685e+06 361227 -348211 -283046 1.31095e+06 -162034 -766143 37146.6 51113.4 
-434370 -462632 -169914 556727 1.066e+06 1.16594e+06 -557553 -835321 2.52815e+07 1.77092e+06 -1.24484e+06 67470 -5.31155e+06 353992 -3.46728e+06 -428091 -2.76481e+06 47992.8 -2.204e+06 -616362 
829727 704789 740312 -246650 -173821 481512 39235.2 -660371 1.77092e+06 5.54831e+06 814625 -78155.9 -951173 759277 -11745.2 -1.53071e+06 -165978 -955610 357282 -373282 
56080.3 -37312.7 289232 700553 -6.81252e+06 -49251.5 -2.52598e+06 373931 -1.24484e+06 814625 2.17663e+07 -368574 -2.31977e+06 -238289 -1.71685e+06 303577 -2.19024e+06 -321650 -3.66171e+06 -318805 
148080 522233 85350.9 425406 -799960 -984003 -239548 -1.76685e+06 67470 -78155.9 -368574 2.06457e+06 -303506 -273636 476235 -692524 350833 528509 -326511 -103635 
-398144 -241865 -950173 -182859 -4.45149e+06 529481 -1.06756e+06 361227 -5.31155e+06 -951173 -2.31977e+06 -303506 1.41092e+07 -107569 -3.18486e+06 675583 362462 -435113 655064 99268.6 
389214 -183383 -887242 -156461 -744205 168306 44837.3 -348211 353992 759277 -238289 -273636 -107569 1.46629e+06 -110758 -752917 -205632 -61144 208622 -186822 
336787 69566.6 -1.21784e+06 -20077.5 152185 740762 -3.78824e+06 -283046 -3.46728e+06 -11745.2 -1.71685e+06 476235 -3.18486e+06 -110758 1.29683e+07 214882 -2.72648e+06 -122150 -1.6739e+06 -348226 
-442684 -273080 255049 -693623 798843 687883 345267 1.31095e+06 -428091 -1.53071e+06 303577 -692524 675583 -752917 214882 1.48246e+06 -256050 -422653 -399302 -51231.8 
499821 105816 -225948 267120 -1.80262e+06 -29651 -1.38622e+06 -162034 -2.76481e+06 -165978 -2.19024e+06 350833 362462 -205632 -2.72648e+06 -256050 9.7527e+06 227898 -2.35112e+06 115350 
-93246.7 -321392 -830996 859497 -244840 -304045 272973 -766143 47992.8 -955610 -321650 528509 -435113 -61144 -122150 -422653 227898 1.16459e+06 117098 165932 
96772.3 164680 -252366 31482.2 743307 -146255 -1.38897e+06 37146.6 -2.204e+06 357282 -3.66171e+06 -326511 655064 208622 -1.6739e+06 -399302 -2.35112e+06 117098 6.99095e+06 422792 
-16180.2 -1364.04 557850 152135 102014 -671757 405459 51113.4 -616362 -373282 -318805 -103635 99268.6 -186822 -348226 -51231.8 115350 165932 422792 336432 
WEIGHT 0.0285784
DETERMINANT_OF_COV_MATRIX 1.97943e-121
ESPERANCE 0.00278927 0.00543088 0.00111584 0.0065806 0.00115093 0.00699629 0.00137403 0.0219633 0.00174336 0.0124554 0.00193981 0.0263336 0.00229475 0.0232576 0.00287158 0.0331014 0.0027866 0.0256528 0.00298871 0.0324698
INVERSE_OF_COVARIANCE_MATRIX
225603 -35656.8 -9726.35 -56188.4 -108849 46167.5 70481.4 -50528.8 -113452 -28807.3 -27907.3 -16409.2 -13118.7 21271.1 -106709 10142.5 40441.4 28130.4 -5.23371 30182.7 
-35656.8 970285 67713.5 -247345 186143 -161952 104045 244321 41962.7 540993 -137914 20317.1 71056.1 -178895 -5466.41 -32857.3 -14702.5 -243154 -19405.1 -91095.6 
-9726.35 67713.5 9.30112e+06 -19792.1 -1.83868e+06 -29011.7 -188267 -38210.5 -1.22889e+06 -65591.4 45634 -143183 387012 178826 -405680 -32956.9 -794912 107861 -456185 1393.18 
-56188.4 -247345 -19792.1 758093 -73161.8 -351517 -115433 213543 44494.9 -289796 225807 -99201.9 75192.9 -84373.3 -84674.5 1568.08 -15393.9 320363 -281120 -108793 
-108849 186143 -1.83868e+06 -73161.8 1.09293e+07 183965 -196913 71726.4 381145 42498.7 -1.39434e+06 -247255 -320259 27948.6 -48996.8 -13596.4 -270210 -48922.4 -1.10088e+06 133539 
46167.5 -161952 -29011.7 -351517 183965 992489 267018 -96302.1 87336.4 227924 282415 -112108 -73173.2 -8957.57 -107098 41983.7 -85385.2 -241030 306775 101270 
70481.4 104045 -188267 -115433 -196913 267018 1.35004e+07 108462 -2.19941e+06 421797 -1.53335e+06 -203407 -1.38385e+06 33713 -1.70167e+06 -112507 -436949 -47477.1 178821 130408 
-50528.8 244321 -38210.5 213543 71726.4 -96302.1 108462 789611 223493 810822 91664.4 -332652 -337285 8656.49 -76432.7 -443370 -21453.8 -117711 -78596 -20344.2 
-113452 41962.7 -1.22889e+06 44494.9 381145 87336.4 -2.19941e+06 223493 1.192e+07 201808 -2.97899e+06 -91149.1 -1.51814e+06 -328003 -1.15588e+06 78956.3 -760911 -116168 -760671 -83645.8 
-28807.3 540993 -65591.4 -289796 42498.7 227924 421797 810822 201808 1.67113e+06 10803.8 -446570 -496798 -262411 12506.1 -383433 186312 -425918 -41436.6 101639 
-27907.3 -137914 45634 225807 -1.39434e+06 282415 -1.53335e+06 91664.4 -2.97899e+06 10803.8 1.01279e+07 -166640 -1.83372e+06 -87985.1 -1.21734e+06 93668.6 -1.05151e+06 -133698 -414162 -38734.6 
-16409.2 20317.1 -143183 -99201.9 -247255 -112108 -203407 -332652 -91149.1 -446570 -166640 493893 202645 -179035 2607.49 47450.2 111038 102863 -25609 -18493.8 
-13118.7 71056.1 387012 75192.9 -320259 -73173.2 -1.38385e+06 -337285 -1.51814e+06 -496798 -1.83372e+06 202645 7.16342e+06 48592.3 -1.39652e+06 140768 -1.96325e+06 81038.1 530192 -73156.1 
21271.1 -178895 178826 -84373.3 27948.6 -8957.57 33713 8656.49 -328003 -262411 -87985.1 -179035 48592.3 716236 -86757 -271396 101353 47702.7 313932 54305 
-106709 -5466.41 -405680 -84674.5 -48996.8 -107098 -1.70167e+06 -76432.7 -1.15588e+06 12506.1 -1.21734e+06 2607.49 -1.39652e+06 -86757 5.30165e+06 17255.4 -1.80208e+06 68776 61287.6 31138.6 
10142.5 -32857.3 -32956.9 1568.08 -13596.4 41983.7 -112507 -443370 78956.3 -383433 93668.6 47450.2 140768 -271396 17255.4 707745 -70995.6 -48967.7 -44298.1 -134388 
40441.4 -14702.5 -794912 -15393.9 -270210 -85385.2 -436949 -21453.8 -760911 186312 -1.05151e+06 111038 -1.96325e+06 101353 -1.80208e+06 -70995.6 7.72975e+06 -73843.7 -1.71995e+06 88368.1 
28130.4 -243154 107861 320363 -48922.4 -241030 -47477.1 -117711 -116168 -425918 -133698 102863 81038.1 47702.7 68776 -48967.7 -73843.7 548902 130224 -65741.8 
-5.23371 -19405.1 -456185 -281120 -1.10088e+06 306775 178821 -78596 -760671 -41436.6 -414162 -25609 530192 313932 61287.6 -44298.1 -1.71995e+06 130224 2.97216e+06 25840.9 
30182.7 -91095.6 1393.18 -108793 133539 101270 130408 -20344.2 -83645.8 101639 -38734.6 -18493.8 -73156.1 54305 31138.6 -134388 88368.1 -65741.8 25840.9 141868 
FILTER_VALUE Si
NUMBER_OF_CLUSTER 11
WEIGHT 0.140986
DETERMINANT_OF_COV_MATRIX 3.25026e-129
ESPERANCE 0.00224355 0.00470912 0.00115416 0.00798377 0.00148601 0.00649987 0.00172962 0.0225542 0.00183958 0.00936736 0.00227303 0.0263615 0.00245459 0.0194677 0.00397744 0.0309204 0.00364474 0.0243893 0.00380503 0.0452404
INVERSE_OF_COVARIANCE_MATRIX
1.0864e+06 14978 -425222 80718 -417313 48786.4 -160456 53841.1 -181019 47923 75387.4 -25196.9 -150765 -116751 -32462.6 58001.4 26441.1 -34991.5 -164404 28744 
14978 1.74148e+06 365099 -427595 -66725.7 -242829 -393838 -254529 -308010 -578629 36964.9 561939 58345.1 -812.03 -108736 -407837 -15170.7 -210684 -21294.6 95386.7 
-425222 365099 9.49405e+06 -200013 -1.09104e+06 379478 -97316.6 -173903 -743760 282220 -961204 79025.2 -396505 -74545.1 740036 -149701 -64007.9 118.888 -1.13767e+06 -23051.6 
80718 -427595 -200013 2.42251e+06 -666637 416024 387702 -67608 444764 -1.09886e+06 79559.9 -939759 123677 339783 -309587 183609 31733.2 -315474 96560.3 250773 
-417313 -66725.7 -1.09104e+06 -666637 1.19793e+07 902057 -2.85105e+06 144492 -1.33208e+06 -540654 -107849 -461396 -2.26836e+06 43693.8 1.27805e+06 -30134.1 649754 277321 -347626 43908.3 
48786.4 -242829 379478 416024 902057 5.37647e+06 -368297 1.71801e+06 -754267 1.1359e+06 163226 -393001 -151050 -1.09652e+06 683514 -235067 -305980 -459773 -129309 -431827 
-160456 -393838 -97316.6 387702 -2.85105e+06 -368297 1.55474e+07 103320 -195152 -196100 -249811 -334251 -111919 57097.6 -2.23993e+06 70836.9 107552 196279 -281819 69426.7 
53841.1 -254529 -173903 -67608 144492 1.71801e+06 103320 3.40346e+06 63137.3 408448 403709 -1.37088e+06 -301746 -904901 -144503 -34000.7 172847 21162.7 -72288 -406479 
-181019 -308010 -743760 444764 -1.33208e+06 -754267 -195152 63137.3 1.45068e+07 507545 -210595 -361187 -612192 233178 -1.2369e+06 -29154 -338041 345304 -574170 157410 
47923 -578629 282220 -1.09886e+06 -540654 1.1359e+06 -196100 408448 507545 5.52126e+06 -60933 -265316 228095 -2.73857e+06 -534469 -562699 -49353.2 -576454 143876 288800 
75387.4 36964.9 -961204 79559.9 -107849 163226 -249811 403709 -210595 -60933 9.84631e+06 -285094 -1.42553e+06 -277739 -2.10218e+06 -72151.4 171216 -111824 -703657 -26247.5 
-25196.9 561939 79025.2 -939759 -461396 -393001 -334251 -1.37088e+06 -361187 -265316 -285094 2.68909e+06 218418 189133 -305024 -85285 -202406 -324417 181051 -283437 
-150765 58345.1 -396505 123677 -2.26836e+06 -151050 -111919 -301746 -612192 228095 -1.42553e+06 218418 6.17897e+06 -101545 -85097.8 -109972 -630701 -156507 -563960 153076 
-116751 -812.03 -74545.1 339783 43693.8 -1.09652e+06 57097.6 -904901 233178 -2.73857e+06 -277739 189133 -101545 3.20291e+06 283332 42673.6 63824.9 229928 -91494.8 16404.8 
-32462.6 -108736 740036 -309587 1.27805e+06 683514 -2.23993e+06 -144503 -1.2369e+06 -534469 -2.10218e+06 -305024 -85097.8 283332 5.4159e+06 337887 -1.97089e+06 117915 -613212 -167879 
58001.4 -407837 -149701 183609 -30134.1 -235067 70836.9 -34000.7 -29154 -562699 -72151.4 -85285 -109972 42673.6 337887 1.68938e+06 79677.3 -24890.1 -104678 -513432 
26441.1 -15170.7 -64007.9 31733.2 649754 -305980 107552 172847 -338041 -49353.2 171216 -202406 -630701 63824.9 -1.97089e+06 79677.3 4.4956e+06 130697 -855729 49951.3 
-34991.5 -210684 118.888 -315474 277321 -459773 196279 21162.7 345304 -576454 -111824 -324417 -156507 229928 117915 -24890.1 130697 1.19091e+06 -86219.9 -42578.7 
-164404 -21294.6 -1.13767e+06 96560.3 -347626 -129309 -281819 -72288 -574170 143876 -703657 181051 -563960 -91494.8 -613212 -104678 -855729 -86219.9 2.37186e+06 42831.1 
28744 95386.7 -23051.6 250773 43908.3 -431827 69426.7 -406479 157410 288800 -26247.5 -283437 153076 16404.8 -167879 -513432 49951.3 -42578.7 42831.1 394519 
WEIGHT 0.0124196
DETERMINANT_OF_COV_MATRIX 1.78207e-123
ESPERANCE 0.00451709 0.00477031 0.00130888 0.010469 0.00222229 0.00683378 0.00205467 0.0177626 0.00217976 0.0150838 0.00263559 0.0285618 0.00299284 0.025164 0.00380959 0.0318338 0.00337964 0.0231816 0.00386613 0.0288588
INVERSE_OF_COVARIANCE_MATRIX
129447 -95874.5 -15175.8 -11946 109886 -56318.2 76110.5 -130984 -222963 -39325.1 -50499.4 -73226.5 -66487.7 92895.8 -10183.6 14218 -90965.6 -47322.6 50539 77421.9 
-95874.5 1.08879e+06 -220228 -193854 -626956 171894 -485053 487842 635532 333636 136918 443751 193917 -366514 84001.5 35942.5 39009.4 -236814 -229136 -318311 
-15175.8 -220228 7.67484e+06 602045 -545833 -89290 266726 -411539 -1.40858e+06 -353526 262675 -261633 -268962 -142177 -298290 -17990.7 -696066 544376 -586463 -9303.28 
-11946 -193854 602045 2.46642e+06 223011 -1.1384e+06 894718 -238600 440733 -93646.1 -574088 -368375 -8856.73 -588633 -262010 253292 -188879 472658 -50777.8 -376669 
109886 -626956 -545833 223011 6.06177e+06 -359261 375984 -46809.8 -114069 -285617 -1.38248e+06 -366763 -1.67776e+06 580367 -450766 -165714 447520 30866.5 325270 56141.6 
-56318.2 171894 -89290 -1.1384e+06 -359261 1.58233e+06 -467626 788057 -101738 -154776 595548 559845 119561 -55772.3 -53318.4 -189833 153402 6521.89 31872.7 -254929 
76110.5 -485053 266726 894718 375984 -467626 7.51595e+06 -55109.2 -2.54142e+06 254403 -4234.48 -789768 377176 603758 -1.32536e+06 -117477 -26655.3 325078 665057 76634 
-130984 487842 -411539 -238600 -46809.8 788057 -55109.2 1.93474e+06 628011 703636 413721 67563.2 -168556 -28912.1 -305440 -500642 -128850 355862 -380445 -536014 
-222963 635532 -1.40858e+06 440733 -114069 -101738 -2.54142e+06 628011 9.41313e+06 638966 -2.15477e+06 -68587.2 -1.1894e+06 -805306 725351 455708 -2.0487e+06 -244818 -616531 -324379 
-39325.1 333636 -353526 -93646.1 -285617 -154776 254403 703636 638966 2.72707e+06 392754 -1.62396e+06 -21729.1 -250392 245694 -493785 -434016 19951.9 -11662.6 546378 
-50499.4 136918 262675 -574088 -1.38248e+06 595548 -4234.48 413721 -2.15477e+06 392754 7.628e+06 -217209 -470116 427621 -1.86741e+06 -221510 -130780 -144793 -480598 141565 
-73226.5 443751 -261633 -368375 -366763 559845 -789768 67563.2 -68587.2 -1.62396e+06 -217209 1.83215e+06 -49421.2 -367858 18753.7 210611 554927 3350.49 -100759 -645472 
-66487.7 193917 -268962 -8856.73 -1.67776e+06 119561 377176 -168556 -1.1894e+06 -21729.1 -470116 -49421.2 5.83447e+06 -49147.3 -827834 25800.7 -215964 88944.7 -177347 221092 
92895.8 -366514 -142177 -588633 580367 -55772.3 603758 -28912.1 -805306 -250392 427621 -367858 -49147.3 1.54958e+06 32975.9 -155572 80518 -599626 133662 317030 
-10183.6 84001.5 -298290 -262010 -450766 -53318.4 -1.32536e+06 -305440 725351 245694 -1.86741e+06 18753.7 -827834 32975.9 4.00522e+06 80248.4 -2.04859e+06 -445793 -100798 164692 
14218 35942.5 -17990.7 253292 -165714 -189833 -117477 -500642 455708 -493785 -221510 210611 25800.7 -155572 80248.4 667745 -49349.8 -277899 -68877.8 -176891 
-90965.6 39009.4 -696066 -188879 447520 153402 -26655.3 -128850 -2.0487e+06 -434016 -130780 554927 -215964 80518 -2.04859e+06 -49349.8 6.46326e+06 255604 -826752 -125072 
-47322.6 -236814 544376 472658 30866.5 6521.89 325078 355862 -244818 19951.9 -144793 3350.49 88944.7 -599626 -445793 -277899 255604 1.17015e+06 98962.3 -185551 
50539 -229136 -586463 -50777.8 325270 31872.7 665057 -380445 -616531 -11662.6 -480598 -100759 -177347 133662 -100798 -68877.8 -826752 98962.3 2.21176e+06 186030 
77421.9 -318311 -9303.28 -376669 56141.6 -254929 76634 -536014 -324379 546378 141565 -645472 221092 317030 164692 -176891 -125072 -185551 186030 648495 
WEIGHT 0.00882615
DETERMINANT_OF_COV_MATRIX 5.2079e-134
ESPERANCE 0.00140024 0.005469 0.000833588 0.00195626 0.000910799 0.00385051 0.00113318 0.00890006 0.00126021 0.0101346 0.00157332 0.0163532 0.00191334 0.0155764 0.002484 0.0320049 0.00286389 0.0162344 0.00345729 0.0215176
INVERSE_OF_COVARIANCE_MATRIX
2.37347e+06 34563 -1.01112e+06 -64181.7 -722777 253577 143166 238034 -792290 909637 -116768 256330 -443987 130268 224340 -438212 479356 49791 65340.2 -265221 
34563 2.0573e+06 2341.96 -1.16029e+06 1.19412e+06 306163 319376 396648 132911 764818 -105633 469529 -678214 -512528 55953.9 -609377 136098 358473 622228 -136672 
-1.01112e+06 2341.96 2.01504e+07 1.12289e+06 -2.05651e+06 71996.2 -182997 -486485 647338 472548 -369801 534986 871371 -415747 -843454 -291451 -1.52657e+06 -444621 -376996 188882 
-64181.7 -1.16029e+06 1.12289e+06 7.33883e+06 -221954 -72982.5 -1.33681e+06 -2.27213e+06 -990353 15645.2 605727 403106 -713417 -205202 1647.98 -94147.3 295135 265772 -799405 164520 
-722777 1.19412e+06 -2.05651e+06 -221954 2.93174e+07 755793 -2.2459e+06 -872492 -457039 -827369 -3.136e+06 -422233 -2.31091e+06 -753690 -1.80335e+06 242632 1.47432e+06 885142 -321941 -32171.8 
253577 306163 71996.2 -72982.5 755793 4.81967e+06 439030 617117 1.57569e+06 1.97463e+06 -289576 -356987 749660 -985793 -14651.3 -72778 -673248 -197080 610704 115153 
143166 319376 -182997 -1.33681e+06 -2.2459e+06 439030 3.19827e+07 1.4544e+06 1.62069e+06 817770 -567893 613287 -5.1864e+06 -187034 -768998 -272915 -1.65938e+06 188890 -1.45148e+06 -728933 
238034 396648 -486485 -2.27213e+06 -872492 617117 1.4544e+06 6.17496e+06 -883315 -258701 -470840 -1.21763e+06 541319 -451813 -31516.2 364599 -192552 -290420 320788 7986.41 
-792290 132911 647338 -990353 -457039 1.57569e+06 1.62069e+06 -883315 2.49409e+07 282718 1.29891e+06 -392867 -321815 900057 -4.71135e+06 -763103 739776 617602 -2.50976e+06 695599 
909637 764818 472548 15645.2 -827369 1.97463e+06 817770 -258701 282718 6.97056e+06 237910 1.07326e+06 -357010 -1.13664e+06 525741 -1.83486e+06 -433852 -104462 7734.16 -1.28212e+06 
-116768 -105633 -369801 605727 -3.136e+06 -289576 -567893 -470840 1.29891e+06 237910 1.63252e+07 454620 -3.2209e+06 104103 622269 -188992 -2.33626e+06 -520310 -2.30217e+06 240520 
256330 469529 534986 403106 -422233 -356987 613287 -1.21763e+06 -392867 1.07326e+06 454620 2.85979e+06 -907293 -941788 548035 -1.29515e+06 540319 622333 -655791 -678163 
-443987 -678214 871371 -713417 -2.31091e+06 749660 -5.1864e+06 541319 -321815 -357010 -3.2209e+06 -907293 1.3073e+07 608623 -3.17803e+06 691187 -1.44123e+06 -264097 -264224 -267868 
130268 -512528 -415747 -205202 -753690 -985793 -187034 -451813 900057 -1.13664e+06 104103 -941788 608623 2.1299e+06 -213892 -99400.7 -43397.9 -158873 -63282.2 280756 
224340 55953.9 -843454 1647.98 -1.80335e+06 -14651.3 -768998 -31516.2 -4.71135e+06 525741 622269 548035 -3.17803e+06 -213892 1.03992e+07 -189665 -3.19882e+06 57273.6 -187716 -395765 
-438212 -609377 -291451 -94147.3 242632 -72778 -272915 364599 -763103 -1.83486e+06 -188992 -1.29515e+06 691187 -99400.7 -189665 1.73905e+06 160195 -579311 -250782 202155 
479356 136098 -1.52657e+06 295135 1.47432e+06 -673248 -1.65938e+06 -192552 739776 -433852 -2.33626e+06 540319 -1.44123e+06 -43397.9 -3.19882e+06 160195 8.58256e+06 324694 -1.87613e+06 -790911 
49791 358473 -444621 265772 885142 -197080 188890 -290420 617602 -104462 -520310 622333 -264097 -158873 57273.6 -579311 324694 1.37009e+06 355665 -684100 
65340.2 622228 -376996 -799405 -321941 610704 -1.45148e+06 320788 -2.50976e+06 7734.16 -2.30217e+06 -655791 -264224 -63282.2 -187716 -250782 -1.87613e+06 355665 5.84671e+06 860529 
-265221 -136672 188882 164520 -32171.8 115153 -728933 7986.41 695599 -1.28212e+06 240520 -678163 -267868 280756 -395765 202155 -790911 -684100 860529 1.86133e+06 
WEIGHT 0.0113479
DETERMINANT_OF_COV_MATRIX 2.45891e-125
ESPERANCE 0.00350204 0.00335531 0.00154475 0.00273321 0.00166307 0.0073132 0.00194011 0.0117272 0.00222074 0.0090224 0.0028872 0.0244459 0.00393969 0.0160846 0.00414608 0.0193859 0.00443247 0.0122659 0.00460739 0.0165645
INVERSE_OF_COVARIANCE_MATRIX
498745 -6771.13 -351737 8059.45 314850 -44415.3 -51585.7 -78667.1 78358.6 369.111 15169.2 33462.7 2581.15 11364.5 38772.2 8174.48 -103175 67522.8 -197733 -23385.4 
-6771.13 1.29506e+06 -21014.3 -195596 44155.8 -144607 55403.1 -205293 178332 185172 255990 113397 70915.1 8515.31 67708.5 96872.3 -151591 -90332.7 32373.8 -140229 
-351737 -21014.3 5.43609e+06 27884.7 -301007 -142277 191449 58276.5 -154303 55542.2 343709 -203957 -174154 65008.9 -117712 24341.3 -488927 253061 -379797 99658.6 
8059.45 -195596 27884.7 3.63747e+06 -270453 95559 -35165.8 -361264 140185 -282755 34016.9 174244 -84812.9 -13356.4 -218741 -194033 333277 1962.97 128457 -178669 
314850 44155.8 -301007 -270453 6.74596e+06 477567 -72920.3 -295749 42779.7 -325992 -56888.7 -45564.8 126447 171369 53445.2 -308306 -226250 132227 -383524 154690 
-44415.3 -144607 -142277 95559 477567 2.66535e+06 -47501.8 -493540 -105950 -513404 -355620 -606037 -217090 -199927 8122.89 469428 547616 -91653.1 29715.4 158992 
-51585.7 55403.1 191449 -35165.8 -72920.3 -47501.8 8.36159e+06 8503.95 -1.07869e+06 -58232.6 6874.93 -239828 -287901 79182.9 -438356 210537 -211588 -105400 -338004 -57550.4 
-78667.1 -205293 58276.5 -361264 -295749 -493540 8503.95 2.09639e+06 -106763 -94538.8 -97945.1 -65993.3 34960.4 28424.4 -49692 -297849 103275 -250743 -72601.7 -521905 
78358.6 178332 -154303 140185 42779.7 -105950 -1.07869e+06 -106763 7.81166e+06 -179038 -804113 17645.1 -43762 276925 136769 -196260 -919843 -41708 -249276 -23299.2 
369.111 185172 55542.2 -282755 -325992 -513404 -58232.6 -94538.8 -179038 1.38501e+06 -146975 -51668.2 7284.8 -23475.3 -70042.1 -172348 -113392 -69663.9 59412.4 249763 
15169.2 255990 343709 34016.9 -56888.7 -355620 6874.93 -97945.1 -804113 -146975 4.83557e+06 248964 -836247 179517 -379736 -122335 -376955 69636.4 -360942 27582.9 
33462.7 113397 -203957 174244 -45564.8 -606037 -239828 -65993.3 17645.1 -51668.2 248964 984107 20216.3 -256944 -43006 -95613.9 -101059 7042.28 -88440.6 -322188 
2581.15 70915.1 -174154 -84812.9 126447 -217090 -287901 34960.4 -43762 7284.8 -836247 20216.3 3.14321e+06 -133936 -693268 -46845.4 -416954 166376 -60860 86458.7 
11364.5 8515.31 65008.9 -13356.4 171369 -199927 79182.9 28424.4 276925 -23475.3 179517 -256944 -133936 626973 55497.9 3804.39 66878.7 -245907 11806 80747 
38772.2 67708.5 -117712 -218741 53445.2 8122.89 -438356 -49692 136769 -70042.1 -379736 -43006 -693268 55497.9 3.38865e+06 95541.9 -328148 50689.4 -502003 -12393 
8174.48 96872.3 24341.3 -194033 -308306 469428 210537 -297849 -196260 -172348 -122335 -95613.9 -46845.4 3804.39 95541.9 760790 209967 -232692 -38065.7 -207437 
-103175 -151591 -488927 333277 -226250 547616 -211588 103275 -919843 -113392 -376955 -101059 -416954 66878.7 -328148 209967 3.49613e+06 -31178.8 -557403 -82661.6 
67522.8 -90332.7 253061 1962.97 132227 -91653.1 -105400 -250743 -41708 -69663.9 69636.4 7042.28 166376 -245907 50689.4 -232692 -31178.8 667702 169375 122565 
-197733 32373.8 -379797 128457 -383524 29715.4 -338004 -72601.7 -249276 59412.4 -360942 -88440.6 -60860 11806 -502003 -38065.7 -557403 169375 3.10419e+06 -46123.7 
-23385.4 -140229 99658.6 -178669 154690 158992 -57550.4 -521905 -23299.2 249763 27582.9 -322188 86458.7 80747 -12393 -207437 -82661.6 122565 -46123.7 553449 
WEIGHT 0.00505351
DETERMINANT_OF_COV_MATRIX 1.0266e-134
ESPERANCE 0.00102353 0.00537246 0.0008014 0.00328457 0.000913509 0.00633067 0.00112201 0.0156384 0.00120686 0.00962267 0.0014328 0.0168822 0.00168724 0.0154116 0.00194077 0.0225365 0.0023486 0.0276161 0.00302433 0.0283935
INVERSE_OF_COVARIANCE_MATRIX
4.69752e+06 688588 -316611 524786 -4560.91 -169104 219537 716500 -1.97117e+06 -1.45785e+06 -157766 71051.4 1.0718e+06 216554 -653829 -35447.5 143187 438408 168533 -234697 
688588 5.50871e+06 269406 -1.15838e+06 62273.3 -1.31859e+06 -51910.8 -2.51976e+06 -149813 -736936 1.80764e+06 491725 468002 -1.39554e+06 -1.03124e+06 1.0354e+06 289715 -753984 946551 1.48829e+06 
-316611 269406 2.5957e+07 -1.37036e+06 1.56535e+06 -305972 -1.1299e+06 156880 -862178 761292 -397864 468662 -1.98989e+06 1.03999e+06 -116056 -462032 -1.09254e+06 -87991.6 -1.8501e+06 -329336 
524786 -1.15838e+06 -1.37036e+06 7.98454e+06 46563.8 -376598 666844 1.66768e+06 -139203 -3.88132e+06 18812.1 -950948 -1.15332e+06 -246653 -486726 -880822 -1.2067e+06 24897.7 694041 1.10134e+06 
-4560.91 62273.3 1.56535e+06 46563.8 2.3149e+07 1.06741e+06 -1.69639e+06 1.40595e+06 4.11049e+06 -1.14868e+06 -371458 -428499 -2.2112e+06 977487 -2.28434e+06 -1.5639e+06 -1.44538e+06 704386 -2.16339e+06 -401329 
-169104 -1.31859e+06 -305972 -376598 1.06741e+06 1.15523e+07 1.41292e+06 566600 510425 746590 1.53708e+06 19041 44452.7 809222 405848 -1.45193e+06 -117180 -1.43982e+06 -65637.2 -1.00322e+06 
219537 -51910.8 -1.1299e+06 666844 -1.69639e+06 1.41292e+06 2.28235e+07 -416106 -1.3148e+06 1.30064e+06 -281662 60500.7 -3.19727e+06 -605075 -3.32012e+06 310690 -878968 -128559 53068.7 -134871 
716500 -2.51976e+06 156880 1.66768e+06 1.40595e+06 566600 -416106 6.84719e+06 43569.5 -1.86007e+06 880529 -2.47696e+06 -108244 376684 496994 -2.73926e+06 -535252 782385 -283372 -953001 
-1.97117e+06 -149813 -862178 -139203 4.11049e+06 510425 -1.3148e+06 43569.5 3.08788e+07 726880 -3.91293e+06 880616 -347833 1.40429e+06 2.11075e+06 -294651 -1.02129e+06 -877266 -3.1673e+06 -192350 
-1.45785e+06 -736936 761292 -3.88132e+06 -1.14868e+06 746590 1.30064e+06 -1.86007e+06 726880 1.15263e+07 -1.02083e+06 -464640 -356865 -2.67474e+06 -376931 624498 1.19022e+06 -1.52001e+06 -293024 426383 
-157766 1.80764e+06 -397864 18812.1 -371458 1.53708e+06 -281662 880529 -3.91293e+06 -1.02083e+06 2.4476e+07 -1.05686e+06 -2.29524e+06 758908 -670963 187532 -3.94645e+06 -1.15167e+06 -17013.9 621346 
71051.4 491725 468662 -950948 -428499 19041 60500.7 -2.47696e+06 880616 -464640 -1.05686e+06 3.76342e+06 -558069 -718817 -352432 949870 311022 716182 -701600 -1.72363e+06 
1.0718e+06 468002 -1.98989e+06 -1.15332e+06 -2.2112e+06 44452.7 -3.19727e+06 -108244 -347833 -356865 -2.29524e+06 -558069 2.06059e+07 -269496 -1.16943e+06 -198276 -1.57921e+06 569390 -1.27076e+06 381717 
216554 -1.39554e+06 1.03999e+06 -246653 977487 809222 -605075 376684 1.40429e+06 -2.67474e+06 758908 -718817 -269496 3.81765e+06 901966 -218175 1682.52 -114125 21502 -4615.63 
-653829 -1.03124e+06 -116056 -486726 -2.28434e+06 405848 -3.32012e+06 496994 2.11075e+06 -376931 -670963 -352432 -1.16943e+06 901966 1.06518e+07 -169700 -2.93629e+06 -14384.8 -21554.3 3167.5 
-35447.5 1.0354e+06 -462032 -880822 -1.5639e+06 -1.45193e+06 310690 -2.73926e+06 -294651 624498 187532 949870 -198276 -218175 -169700 5.89704e+06 167275 -3.37538e+06 -763810 662636 
143187 289715 -1.09254e+06 -1.2067e+06 -1.44538e+06 -117180 -878968 -535252 -1.02129e+06 1.19022e+06 -3.94645e+06 311022 -1.57921e+06 1682.52 -2.93629e+06 167275 1.00553e+07 -89140.5 -3.09059e+06 -55141.4 
438408 -753984 -87991.6 24897.7 704386 -1.43982e+06 -128559 782385 -877266 -1.52001e+06 -1.15167e+06 716182 569390 -114125 -14384.8 -3.37538e+06 -89140.5 3.69021e+06 206078 -1.28378e+06 
168533 946551 -1.8501e+06 694041 -2.16339e+06 -65637.2 53068.7 -283372 -3.1673e+06 -293024 -17013.9 -701600 -1.27076e+06 21502 -21554.3 -763810 -3.09059e+06 206078 5.44275e+06 776371 
-234697 1.48829e+06 -329336 1.10134e+06 -401329 -1.00322e+06 -134871 -953001 -192350 426383 621346 -1.72363e+06 381717 -4615.63 3167.5 662636 -55141.4 -1.28378e+06 776371 2.17613e+06 
WEIGHT 0.0126088
DETERMINANT_OF_COV_MATRIX 5.75219e-140
ESPERANCE 0.000495534 0.0114071 0.000762534 0.00411598 0.000509651 0.00671331 0.000936506 0.0183299 0.0011143 0.0113639 0.00108393 0.0256381 0.00179623 0.0182387 0.00277869 0.0337096 0.00212606 0.0369448 0.00203865 0.0420823
INVERSE_OF_COVARIANCE_MATRIX
2.2112e+07 994013 -2.0564e+06 -2.1542e+06 -312947 -2.37795e+06 -4.90376e+06 -1.46933e+06 -858106 763700 -85589.7 1.559e+06 -380753 -338979 1.19801e+06 1.39461e+06 1.03425e+06 661778 -41621 1.04199e+06 
994013 7.80486e+06 554479 -1.74486e+06 -3.41272e+06 -4.78244e+06 -4.10258e+06 2.79361e+06 -5.41618e+06 -2.2906e+06 3.6276e+06 4.73817e+06 -4.17959e+06 -4.76717e+06 1.27123e+06 -622102 -109958 179979 1.49884e+06 -2.51175e+06 
-2.0564e+06 554479 5.94762e+07 2.0168e+06 -7.00936e+06 -750806 -5.11781e+06 1.23398e+06 -8.5547e+06 1.025e+06 4.24661e+06 1.59958e+06 580583 -844112 -8.01503e+06 -160082 -2.16968e+06 193079 5.06025e+06 -382373 
-2.1542e+06 -1.74486e+06 2.0168e+06 7.07996e+06 4.83754e+06 7.0419e+06 -1.83743e+06 2.62439e+06 3.23035e+06 276506 4.11901e+06 -1.52672e+06 -8.66381e+06 1.86273e+06 -1.35467e+06 -1.83645e+06 2.63741e+06 -134860 1.13611e+06 -931223 
-312947 -3.41272e+06 -7.00936e+06 4.83754e+06 1.24187e+08 7.68496e+06 -7.36943e+06 3.17079e+06 -8.06233e+06 -891950 -1.95353e+06 -2.86825e+06 2.28733e+06 3.87779e+06 973113 -1.28021e+06 -3.73201e+06 2.85303e+06 -3.18931e+06 65786.7 
-2.37795e+06 -4.78244e+06 -750806 7.0419e+06 7.68496e+06 2.89076e+07 5.49266e+06 -6.42606e+06 7.13315e+06 -1.83836e+06 1.10915e+07 -5.53797e+06 -2.91204e+06 5.98821e+06 -2.8785e+06 -4.9063e+06 2.29908e+06 -2.34278e+06 -2.71007e+06 3.13008e+06 
-4.90376e+06 -4.10258e+06 -5.11781e+06 -1.83743e+06 -7.36943e+06 5.49266e+06 9.0223e+07 2.64801e+06 2.49974e+06 -3.38813e+06 -3.57294e+06 -6.97504e+06 1.06333e+06 1.76347e+06 -1.4593e+07 -2.20415e+06 1.02404e+06 1.39209e+06 -1.21493e+07 2.04887e+06 
-1.46933e+06 2.79361e+06 1.23398e+06 2.62439e+06 3.17079e+06 -6.42606e+06 2.64801e+06 2.64452e+07 8.84821e+06 -8.20529e+06 4.25549e+06 2.99804e+06 -4.49024e+06 -6.64053e+06 -732463 -3.18747e+06 1.81851e+06 6.40116e+06 -773185 -1.11356e+07 
-858106 -5.41618e+06 -8.5547e+06 3.23035e+06 -8.06233e+06 7.13315e+06 2.49974e+06 8.84821e+06 9.91154e+07 1.05471e+06 2.70755e+06 -5.03017e+06 8.50689e+06 -1.47431e+06 -1.83185e+07 -152943 -1.25798e+07 2.43905e+06 -5.2049e+06 -396642 
763700 -2.2906e+06 1.025e+06 276506 -891950 -1.83836e+06 -3.38813e+06 -8.20529e+06 1.05471e+06 8.49426e+06 -566876 -3.31782e+06 2.59333e+06 2.3653e+06 1.3603e+06 1.90267e+06 -696852 -2.68123e+06 561673 5.44093e+06 
-85589.7 3.6276e+06 4.24661e+06 4.11901e+06 -1.95353e+06 1.10915e+07 -3.57294e+06 4.25549e+06 2.70755e+06 -566876 8.95709e+07 -3.99608e+06 -1.20338e+07 -782918 -2.43321e+06 -5.48442e+06 -1.17981e+07 -393810 -7.33794e+06 2.205e+06 
1.559e+06 4.73817e+06 1.59958e+06 -1.52672e+06 -2.86825e+06 -5.53797e+06 -6.97504e+06 2.99804e+06 -5.03017e+06 -3.31782e+06 -3.99608e+06 5.85157e+06 1.53688e+06 -3.46864e+06 -707131 -12598.9 -1.19065e+06 533532 2.35249e+06 -3.4255e+06 
-380753 -4.17959e+06 580583 -8.66381e+06 2.28733e+06 -2.91204e+06 1.06333e+06 -4.49024e+06 8.50689e+06 2.59333e+06 -1.20338e+07 1.53688e+06 7.20761e+07 223626 -1.98363e+07 2.14606e+06 -1.0355e+07 -1.85951e+06 -6.0878e+06 2.11565e+06 
-338979 -4.76717e+06 -844112 1.86273e+06 3.87779e+06 5.98821e+06 1.76347e+06 -6.64053e+06 -1.47431e+06 2.3653e+06 -782918 -3.46864e+06 223626 5.21523e+06 -2.06204e+06 576801 1.84601e+06 -1.42525e+06 -598629 3.08893e+06 
1.19801e+06 1.27123e+06 -8.01503e+06 -1.35467e+06 973113 -2.8785e+06 -1.4593e+07 -732463 -1.83185e+07 1.3603e+06 -2.43321e+06 -707131 -1.98363e+07 -2.06204e+06 3.37323e+07 -850185 -4.08591e+06 292709 -34923.5 747506 
1.39461e+06 -622102 -160082 -1.83645e+06 -1.28021e+06 -4.9063e+06 -2.20415e+06 -3.18747e+06 -152943 1.90267e+06 -5.48442e+06 -12598.9 2.14606e+06 576801 -850185 2.43291e+06 264674 -272295 1.87583e+06 1.3572e+06 
1.03425e+06 -109958 -2.16968e+06 2.63741e+06 -3.73201e+06 2.29908e+06 1.02404e+06 1.81851e+06 -1.25798e+07 -696852 -1.17981e+07 -1.19065e+06 -1.0355e+07 1.84601e+06 -4.08591e+06 264674 4.3766e+07 475298 -1.24013e+07 -836940 
661778 179979 193079 -134860 2.85303e+06 -2.34278e+06 1.39209e+06 6.40116e+06 2.43905e+06 -2.68123e+06 -393810 533532 -1.85951e+06 -1.42525e+06 292709 -272295 475298 2.34774e+06 888038 -2.78253e+06 
-41621 1.49884e+06 5.06025e+06 1.13611e+06 -3.18931e+06 -2.71007e+06 -1.21493e+07 -773185 -5.2049e+06 561673 -7.33794e+06 2.35249e+06 -6.0878e+06 -598629 -34923.5 1.87583e+06 -1.24013e+07 888038 4.09076e+07 -346295 
1.04199e+06 -2.51175e+06 -382373 -931223 65786.7 3.13008e+06 2.04887e+06 -1.11356e+07 -396642 5.44093e+06 2.205e+06 -3.4255e+06 2.11565e+06 3.08893e+06 747506 1.3572e+06 -836940 -2.78253e+06 -346295 6.38941e+06 
WEIGHT 0.00378264
DETERMINANT_OF_COV_MATRIX 6.73248e-161
ESPERANCE 0.000544242 0.00476065 0.000299927 0.00252894 0.000963129 0.00888607 0.00136515 0.0109322 0.00092097 0.0121671 0.00133805 0.0237899 0.00172588 0.020424 0.00161464 0.0371086 0.00148807 0.0153926 0.00160692 0.0424023
INVERSE_OF_COVARIANCE_MATRIX
