DESCRIPTOR_NAME Steinhardt
FILTER_TYPE element
NUMBER_OF_DIMENSION 20
CUTOFF_RADIUS 8.
STEINHARDT_STYLE Multi
AVE_STYLE Multi
STEINHARDT_MODE Full
FILTER_VALUE Mg
NUMBER_OF_CLUSTER 12
WEIGHT 0.144327
DETERMINANT_OF_COV_MATRIX 3.5467e-130
ESPERANCE 0.00250336 0.00497191 0.00117181 0.00759824 0.00110904 0.00603812 0.00132995 0.0217966 0.00175968 0.00981888 0.00189903 0.0253116 0.00237271 0.0187638 0.00303322 0.0287078 0.00313851 0.0240002 0.00353483 0.0375226
INVERSE_OF_COVARIANCE_MATRIX
932469 74699.9 -146957 -58625 -581395 120883 -223973 96344.4 -17596.9 -76874.9 226832 -28482.6 -196808 -76805.4 -106396 66973.1 132949 -32520 -108200 -38296.2 
74699.9 2.08883e+06 325035 -478922 199386 357606 -33477.8 10615.4 45286.8 -239277 158315 225144 -42933.2 -274922 3866.02 -398489 -90378.4 -162985 -129533 69896.2 
-146957 325035 9.52109e+06 -198496 -875185 206638 -849817 7136.21 -579119 33439.4 -523622 120178 -373163 18237.3 240759 -114228 -282517 105733 -510732 -51500.3 
-58625 -478922 -198496 1.72523e+06 -219639 -82779.4 3275.26 44300.5 166143 -688379 -103807 -721006 175896 327082 -54846.7 292148 -129167 -219023 166159 133396 
-581395 199386 -875185 -219639 1.61435e+07 286021 -681454 -158770 101379 -7004.14 6986.22 -212819 -780928 28198.3 -236768 130931 -616760 195745 -741714 177867 
120883 357606 206638 -82779.4 286021 6.34234e+06 122306 198401 62153.6 56348.5 233734 -732980 -11782.7 -606585 44872 -357618 80774.1 11948.9 -159810 58472.8 
-223973 -33477.8 -849817 3275.26 -681454 122306 1.40883e+07 158939 -2.68188e+06 -193592 -1.14404e+06 -185602 -1.09615e+06 -228500 -490958 -13611.1 297922 -60925.2 -65158.6 31288 
96344.4 10615.4 7136.21 44300.5 -158770 198401 158939 2.79485e+06 74547.7 129172 159757 -1.20105e+06 49927.2 -389214 -141490 188892 80846.8 98388.5 35152.6 -423388 
-17596.9 45286.8 -579119 166143 101379 62153.6 -2.68188e+06 74547.7 9.66061e+06 276860 -2.14754e+06 117490 -1.54741e+06 -408434 -925232 -127684 -502756 36697.5 279236 -42535.2 
-76874.9 -239277 33439.4 -688379 -7004.14 56348.5 -193592 129172 276860 4.38267e+06 206307 175791 138840 -1.59926e+06 -288814 -324510 -58737.2 -253588 247720 651223 
226832 158315 -523622 -103807 6986.22 233734 -1.14404e+06 159757 -2.14754e+06 206307 9.29379e+06 -149509 -1.4449e+06 -478879 -1.09506e+06 -108390 -239318 -124485 -393041 11440.3 
-28482.6 225144 120178 -721006 -212819 -732980 -185602 -1.20105e+06 117490 175791 -149509 2.13669e+06 -110323 32537.3 29147 100969 -95253.3 -95685.2 189997 -98936.5 
-196808 -42933.2 -373163 175896 -780928 -11782.7 -1.09615e+06 49927.2 -1.54741e+06 138840 -1.4449e+06 -110323 8.91198e+06 137553 -1.14869e+06 24916.6 -993582 -17318.2 -852723 141046 
-76805.4 -274922 18237.3 327082 28198.3 -606585 -228500 -389214 -408434 -1.59926e+06 -478879 32537.3 137553 2.19491e+06 118218 -125365 84126.3 166449 149715 102904 
-106396 3866.02 240759 -54846.7 -236768 44872 -490958 -141490 -925232 -288814 -1.09506e+06 29147 -1.14869e+06 118218 5.0995e+06 134593 -1.87113e+06 -13999.5 -564263 -96327.8 
66973.1 -398489 -114228 292148 130931 -357618 -13611.1 188892 -127684 -324510 -108390 100969 24916.6 -125365 134593 1.40957e+06 15761.9 -202753 -51736.7 -499029 
132949 -90378.4 -282517 -129167 -616760 80774.1 297922 80846.8 -502756 -58737.2 -239318 -95253.3 -993582 84126.3 -1.87113e+06 15761.9 5.73075e+06 39257.2 -1.08507e+06 85312.9 
-32520 -162985 105733 -219023 195745 11948.9 -60925.2 98388.5 36697.5 -253588 -124485 -95685.2 -17318.2 166449 -13999.5 -202753 39257.2 1.06161e+06 20458.2 -27181 
-108200 -129533 -510732 166159 -741714 -159810 -65158.6 35152.6 279236 247720 -393041 189997 -852723 149715 -564263 -51736.7 -1.08507e+06 20458.2 2.84347e+06 46649.9 
-38296.2 69896.2 -51500.3 133396 177867 58472.8 31288 -423388 -42535.2 651223 11440.3 -98936.5 141046 102904 -96327.8 -499029 85312.9 -27181 46649.9 606647 
WEIGHT 0.00522454
DETERMINANT_OF_COV_MATRIX 1.15007e-133
ESPERANCE 0.00173335 0.00355015 0.00106969 0.00302134 0.00124959 0.00426784 0.0013186 0.0114148 0.00156203 0.00824359 0.00189013 0.0129165 0.00212335 0.0119854 0.0025744 0.0185292 0.00340905 0.0207982 0.00434338 0.0207452
INVERSE_OF_COVARIANCE_MATRIX
2.42659e+06 63518.7 -290263 157769 1.03585e+06 -537714 58850.8 237635 -130494 -769920 471628 336850 -38876.1 -284574 -501400 -95910.8 376937 97054.9 108987 183920 
63518.7 6.0697e+06 521919 383909 -1.31928e+06 2.32614e+06 527659 -1.94573e+06 -195996 529698 1.28329e+06 1.76725e+06 -790747 305527 -1.18008e+06 803553 -274731 -2.7349e+06 811084 855396 
-290263 521919 1.3713e+07 38358.6 -641346 -1.89563e+06 -1.20217e+06 575740 -523592 877831 -1.99801e+06 418732 -1.40313e+06 229599 -583656 -289834 256411 32192.4 -995031 -373268 
157769 383909 38358.6 6.37979e+06 114841 -872756 -446112 79482.3 -157645 -1.29808e+06 312163 606701 -303615 -1.02772e+06 -635150 -987478 -575464 -632538 1.00581e+06 1.335e+06 
1.03585e+06 -1.31928e+06 -641346 114841 1.85574e+07 763417 -1.8333e+06 -2.37092e+06 -1.51664e+06 -481143 357285 -496825 1.0422e+06 -966433 -1.32708e+06 -131095 -1.4616e+06 999748 -1.88395e+06 1.13046e+06 
-537714 2.32614e+06 -1.89563e+06 -872756 763417 1.57359e+07 647818 -864102 -325700 337348 1.93406e+06 1.80765e+06 -287638 559767 -186810 144727 45768 -1.81443e+06 -71379.5 -2.54986e+06 
58850.8 527659 -1.20217e+06 -446112 -1.8333e+06 647818 1.96247e+07 736708 -451490 -110259 760203 -2.34058e+06 -2.60316e+06 -2.3254e+06 -1.35912e+06 337644 -809382 524985 -446905 897643 
237635 -1.94573e+06 575740 79482.3 -2.37092e+06 -864102 736708 6.5075e+06 1.36057e+06 -700944 386814 -2.33942e+06 -820536 672111 1.21665e+06 -1.52488e+06 -436084 406849 -30533.4 -1.15881e+06 
-130494 -195996 -523592 -157645 -1.51664e+06 -325700 -451490 1.36057e+06 1.32563e+07 842002 -3.64971e+06 383113 -863474 607110 -1.2206e+06 -1.62868e+06 -770814 -231125 292176 -171696 
-769920 529698 877831 -1.29808e+06 -481143 337348 -110259 -700944 842002 5.84043e+06 116268 725813 820761 -876479 -177154 -579003 178074 -1.21189e+06 102606 14432.3 
471628 1.28329e+06 -1.99801e+06 312163 357285 1.93406e+06 760203 386814 -3.64971e+06 116268 1.33375e+07 594050 -3.29318e+06 188053 -478040 273620 -1.12278e+06 -1.67551e+06 -70606.2 303113 
336850 1.76725e+06 418732 606701 -496825 1.80765e+06 -2.34058e+06 -2.33942e+06 383113 725813 594050 6.72026e+06 465595 1.21743e+06 -715672 -1.09769e+06 264471 -1.41056e+06 434418 -1.74672e+06 
-38876.1 -790747 -1.40313e+06 -303615 1.0422e+06 -287638 -2.60316e+06 -820536 -863474 820761 -3.29318e+06 465595 1.3008e+07 286007 281517 -216013 -1.69314e+06 487668 -1.16954e+06 -221559 
-284574 305527 229599 -1.02772e+06 -966433 559767 -2.3254e+06 672111 607110 -876479 188053 1.21743e+06 286007 3.89035e+06 504552 -704207 -572783 -1.14572e+06 157304 -331418 
-501400 -1.18008e+06 -583656 -635150 -1.32708e+06 -186810 -1.35912e+06 1.21665e+06 -1.2206e+06 -177154 -478040 -715672 281517 504552 9.3386e+06 883600 -1.7425e+06 -559962 -964794 -96385.4 
-95910.8 803553 -289834 -987478 -131095 144727 337644 -1.52488e+06 -1.62868e+06 -579003 273620 -1.09769e+06 -216013 -704207 883600 4.74664e+06 355638 -1.42868e+06 -1.35835e+06 34441.5 
376937 -274731 256411 -575464 -1.4616e+06 45768 -809382 -436084 -770814 178074 -1.12278e+06 264471 -1.69314e+06 -572783 -1.7425e+06 355638 6.74314e+06 140256 -1.46645e+06 -126999 
97054.9 -2.7349e+06 32192.4 -632538 999748 -1.81443e+06 524985 406849 -231125 -1.21189e+06 -1.67551e+06 -1.41056e+06 487668 -1.14572e+06 -559962 -1.42868e+06 140256 3.69245e+06 -182825 -707100 
108987 811084 -995031 1.00581e+06 -1.88395e+06 -71379.5 -446905 -30533.4 292176 102606 -70606.2 434418 -1.16954e+06 157304 -964794 -1.35835e+06 -1.46645e+06 -182825 3.7753e+06 578869 
183920 855396 -373268 1.335e+06 1.13046e+06 -2.54986e+06 897643 -1.15881e+06 -171696 14432.3 303113 -1.74672e+06 -221559 -331418 -96385.4 34441.5 -126999 -707100 578869 2.82371e+06 
WEIGHT 0.0104491
DETERMINANT_OF_COV_MATRIX 3.86978e-126
ESPERANCE 0.00380573 0.00343779 0.00156421 0.00254005 0.00159995 0.00718918 0.0018109 0.0113956 0.00219915 0.00934532 0.00291076 0.0235289 0.00384729 0.0154797 0.00426836 0.0186857 0.00461812 0.0116383 0.00462176 0.0155675
INVERSE_OF_COVARIANCE_MATRIX
498651 34863.2 -212043 51255.2 330369 -64590.2 -14262.8 -3928.42 -37817.4 73831.2 -115200 38947.1 -121101 66644.6 13635.7 74751.6 -115403 -24471.7 -174993 -99192.5 
34863.2 1.3278e+06 37005.3 60162.4 137203 126655 132025 -140282 293919 206477 23593.2 -128681 74516.2 77600.8 83955.9 281048 -73929.5 -335449 142622 -78467.3 
-212043 37005.3 5.86188e+06 -175821 -656555 65423.8 270999 -488899 -162545 135105 81379.2 -206791 -263223 124388 -27362.6 118587 36759.8 220553 -404336 209269 
51255.2 60162.4 -175821 4.25851e+06 126556 -110052 4102.47 -364973 238789 -324158 460344 20071.2 253013 -173569 -422582 -170424 -47076.3 -216820 185753 -153824 
330369 137203 -656555 126556 8.02694e+06 -124194 -687600 -588232 315219 283850 -654077 -43352.4 -543153 169432 -127622 393576 -940272 -311238 -215971 -194488 
-64590.2 126655 65423.8 -110052 -124194 3.40072e+06 186463 176593 112483 -770121 -27187.5 -1.10256e+06 -130266 -144856 -119511 630388 88508.6 -417705 -115010 126941 
-14262.8 132025 270999 4102.47 -687600 186463 9.50384e+06 5010.34 -830281 -218206 -89129.7 -283875 -867518 318437 -583150 213371 -211322 56128.4 106317 37658.6 
-3928.42 -140282 -488899 -364973 -588232 176593 5010.34 1.81244e+06 -231373 -798711 166129 -107343 122899 280629 25562.2 -412297 159233 -83420.2 -434883 -358744 
-37817.4 293919 -162545 238789 315219 112483 -830281 -231373 7.57088e+06 200921 126009 -110112 -297854 12629.8 -628142 127046 -515060 -35536.1 -925422 -49033.8 
73831.2 206477 135105 -324158 283850 -770121 -218206 -798711 200921 2.2503e+06 -441615 8217.04 -31557.7 -369381 184086 -91313 -106695 -227941 135141 307771 
-115200 23593.2 81379.2 460344 -654077 -27187.5 -89129.7 166129 126009 -441615 4.69541e+06 214588 -984038 95526.1 -668550 38358.5 -143229 4057.86 -560303 -79673.4 
38947.1 -128681 -206791 20071.2 -43352.4 -1.10256e+06 -283875 -107343 -110112 8217.04 214588 1.18519e+06 -60232.3 -241503 -194208 -270670 -21283.4 268921 -73647.5 -376527 
-121101 74516.2 -263223 253013 -543153 -130266 -867518 122899 -297854 -31557.7 -984038 -60232.3 3.06696e+06 18382.3 -727878 -217163 -670612 66883.9 576406 154730 
66644.6 77600.8 124388 -173569 169432 -144856 318437 280629 12629.8 -369381 95526.1 -241503 18382.3 787609 42797.5 48062.6 144249 -60969.4 -104277 41311.4 
13635.7 83955.9 -27362.6 -422582 -127622 -119511 -583150 25562.2 -628142 184086 -668550 -194208 -727878 42797.5 3.18208e+06 -5375.65 -44691.1 53695.5 -580812 240380 
74751.6 281048 118587 -170424 393576 630388 213371 -412297 127046 -91313 38358.5 -270670 -217163 48062.6 -5375.65 1.08841e+06 117103 -626660 26988.7 -195896 
-115403 -73929.5 36759.8 -47076.3 -940272 88508.6 -211322 159233 -515060 -106695 -143229 -21283.4 -670612 144249 -44691.1 117103 2.80628e+06 8698.86 -1.14203e+06 5446.89 
-24471.7 -335449 220553 -216820 -311238 -417705 56128.4 -83420.2 -35536.1 -227941 4057.86 268921 66883.9 -60969.4 53695.5 -626660 8698.86 1.34045e+06 313732 85352.4 
-174993 142622 -404336 185753 -215971 -115010 106317 -434883 -925422 135141 -560303 -73647.5 576406 -104277 -580812 26988.7 -1.14203e+06 313732 3.49241e+06 -2282.51 
-99192.5 -78467.3 209269 -153824 -194488 126941 37658.6 -358744 -49033.8 307771 -79673.4 -376527 154730 41311.4 240380 -195896 5446.89 85352.4 -2282.51 602446 
WEIGHT 0.0156736
DETERMINANT_OF_COV_MATRIX 6.31803e-134
ESPERANCE 0.00143416 0.00623135 0.00101465 0.00302826 0.000907435 0.00775238 0.00123608 0.028692 0.00154593 0.00957681 0.00179018 0.0277287 0.00219325 0.0231949 0.00256868 0.0365861 0.00254763 0.0284496 0.00228705 0.0383272
INVERSE_OF_COVARIANCE_MATRIX
2.70013e+06 -184560 -726400 806910 -803954 -141211 47845 -96795.4 92380.4 176124 -220425 658468 -383239 385266 359654 206793 42375.2 154942 -201873 -263521 
-184560 4.90008e+06 -412178 -264868 698712 542876 92326.9 -1.04344e+06 495423 203843 376260 -991670 -126196 -389802 -225191 328665 11188.8 299585 -201331 -46900.2 
-726400 -412178 1.51046e+07 27407 -2.09407e+06 -574243 -1.10578e+06 1.20539e+06 -2.54906e+06 296964 -235362 834677 869153 -147078 -1.02621e+06 -862408 -700079 -164243 -741144 -222972 
806910 -264868 27407 1.04801e+07 373123 -923032 -1.1221e+06 1.86648e+06 -12182.5 509548 68097.3 2.44576e+06 48501.2 65264.4 -344715 3.12204e+06 178897 -1.83982e+06 576430 -2.52954e+06 
-803954 698712 -2.09407e+06 373123 2.62565e+07 -798008 -2.07904e+06 655716 906827 1.30078e+06 -1.35468e+06 1.83755e+06 627164 94332.6 849859 617704 -3.05298e+06 -1.7954e+06 -2.55952e+06 -829817 
-141211 542876 -574243 -923032 -798008 6.37997e+06 351919 755462 719081 518728 632052 -176797 -221950 750824 1.15669e+06 -1.06161e+06 -27056 -1.77742e+06 -798575 252500 
47845 92326.9 -1.10578e+06 -1.1221e+06 -2.07904e+06 351919 2.42505e+07 1.08426e+06 -2.55519e+06 -479803 -82943.5 -198258 -5.37005e+06 600244 -2.36921e+06 -273426 75045.1 -37590.7 -214903 -267885 
-96795.4 -1.04344e+06 1.20539e+06 1.86648e+06 655716 755462 1.08426e+06 4.6394e+06 -324972 1.38351e+06 -665309 -1.42794e+06 -105458 286552 -26222.8 -1.21026e+06 -341021 -541006 989260 -287622 
92380.4 495423 -2.54906e+06 -12182.5 906827 719081 -2.55519e+06 -324972 1.86927e+07 477800 -2.06071e+06 -312204 -4.12437e+06 3324.6 -1.94277e+06 -114363 -987227 -41258 -2.001e+06 66290.9 
176124 203843 296964 509548 1.30078e+06 518728 -479803 1.38351e+06 477800 6.56871e+06 -260727 -547429 -149462 744999 -420537 -1.92427e+06 -410612 -1.88233e+06 441020 1.00006e+06 
-220425 376260 -235362 68097.3 -1.35468e+06 632052 -82943.5 -665309 -2.06071e+06 -260727 1.481e+07 -230739 -3.9441e+06 360362 -2.79457e+06 8341.1 -2.15145e+06 -62193.4 -1.12956e+06 -115709 
658468 -991670 834677 2.44576e+06 1.83755e+06 -176797 -198258 -1.42794e+06 -312204 -547429 -230739 7.26175e+06 -436313 -38492.1 -434202 -314593 -327538 1.01266e+06 780635 -2.67776e+06 
-383239 -126196 869153 48501.2 627164 -221950 -5.37005e+06 -105458 -4.12437e+06 -149462 -3.9441e+06 -436313 1.3201e+07 -88889.2 -3.29456e+06 226610 -1.73086e+06 364243 881615 73266.6 
385266 -389802 -147078 65264.4 94332.6 750824 600244 286552 3324.6 744999 360362 -38492.1 -88889.2 3.64798e+06 407263 -822105 333656 -1.05539e+06 -576120 -404208 
359654 -225191 -1.02621e+06 -344715 849859 1.15669e+06 -2.36921e+06 -26222.8 -1.94277e+06 -420537 -2.79457e+06 -434202 -3.29456e+06 407263 1.08127e+07 340402 -2.93114e+06 -952647 -556101 253074 
206793 328665 -862408 3.12204e+06 617704 -1.06161e+06 -273426 -1.21026e+06 -114363 -1.92427e+06 8341.1 -314593 226610 -822105 340402 4.22604e+06 242351 -551845 -128245 -1.01637e+06 
42375.2 11188.8 -700079 178897 -3.05298e+06 -27056 75045.1 -341021 -987227 -410612 -2.15145e+06 -327538 -1.73086e+06 333656 -2.93114e+06 242351 1.18706e+07 599190 -4.87463e+06 -173331 
154942 299585 -164243 -1.83982e+06 -1.7954e+06 -1.77742e+06 -37590.7 -541006 -41258 -1.88233e+06 -62193.4 1.01266e+06 364243 -1.05539e+06 -952647 -551845 599190 4.41586e+06 309251 -1.1107e+06 
-201873 -201331 -741144 576430 -2.55952e+06 -798575 -214903 989260 -2.001e+06 441020 -1.12956e+06 780635 881615 -576120 -556101 -128245 -4.87463e+06 309251 1.07122e+07 -164002 
-263521 -46900.2 -222972 -2.52954e+06 -829817 252500 -267885 -287622 66290.9 1.00006e+06 -115709 -2.67776e+06 73266.6 -404208 253074 -1.01637e+06 -173331 -1.1107e+06 -164002 2.33057e+06 
WEIGHT 0.0104491
DETERMINANT_OF_COV_MATRIX 5.25663e-136
ESPERANCE 0.00120408 0.00523147 0.000830056 0.00170397 0.000859452 0.00386187 0.00100441 0.00894379 0.00128668 0.0101715 0.00151692 0.0165077 0.00183221 0.0161898 0.00235228 0.0320863 0.00270181 0.0159541 0.00328389 0.0217982
INVERSE_OF_COVARIANCE_MATRIX
3.7182e+06 143579 396536 529456 -234432 637807 784600 308039 -799711 868339 -334130 -163826 -500289 381939 301642 -127330 -345498 415291 312516 -562177 
143579 3.33601e+06 -113107 587755 347851 1.74213e+06 1.29304e+06 -1.73537e+06 -236225 445099 -1.52836e+06 -325187 216912 722255 -455389 -11977.9 1.37732e+06 966153 338719 -672168 
396536 -113107 2.06342e+07 1.10004e+06 -560887 -1.53973e+06 -529933 -1.09967e+06 -199271 257467 -226744 1.73118e+06 -967898 -706444 -1.09258e+06 -530949 -1.13434e+06 557612 49014.2 -745758 
529456 587755 1.10004e+06 1.61735e+07 -1.94799e+06 -99172.2 1.90702e+06 1.50802e+06 329337 28412.6 1.18643e+06 -1.58703e+06 754502 -817422 -16252.3 -191109 1.2953e+06 1.69868e+06 -1.81831e+06 1.88848e+06 
-234432 347851 -560887 -1.94799e+06 3.58334e+07 117776 -5.60694e+06 1.61964e+06 5.50037e+06 -2.14453e+06 -2.31787e+06 -2.21286e+06 -5.69435e+06 -124675 -21617.4 844373 389434 -634641 833001 1.1689e+06 
637807 1.74213e+06 -1.53973e+06 -99172.2 117776 1.1489e+07 4.65055e+06 -2.89767e+06 2.39276e+06 1.80638e+06 2.38611e+06 -4.01891e+06 1.68149e+06 691587 -399906 4.46528e+06 -8738.17 -1.33548e+06 -687584 -1.32871e+06 
784600 1.29304e+06 -529933 1.90702e+06 -5.60694e+06 4.65055e+06 3.86473e+07 -3.24286e+06 1.38244e+06 247157 -3.94753e+06 -1.23589e+06 698865 190318 -4.05196e+06 1.37741e+06 1.59793e+06 2.01436e+06 -1.04934e+06 -229700 
308039 -1.73537e+06 -1.09967e+06 1.50802e+06 1.61964e+06 -2.89767e+06 -3.24286e+06 1.23677e+07 -2.21138e+06 -641976 978449 -2.05534e+06 1.95807e+06 -1.68065e+06 -460280 -872752 -694114 -2.60695e+06 702356 3.90978e+06 
-799711 -236225 -199271 329337 5.50037e+06 2.39276e+06 1.38244e+06 -2.21138e+06 2.73272e+07 -932532 -468631 458225 -4.70167e+06 580127 -3.42881e+06 -350799 -2.69814e+06 601211 -1.00982e+06 141281 
868339 445099 257467 28412.6 -2.14453e+06 1.80638e+06 247157 -641976 -932532 6.38549e+06 1.34557e+06 12259.9 -1.27214e+06 -99255.3 -220210 -751418 -2.16752e+06 -2.46672e+06 -375517 -319991 
-334130 -1.52836e+06 -226744 1.18643e+06 -2.31787e+06 2.38611e+06 -3.94753e+06 978449 -468631 1.34557e+06 1.91005e+07 -2.0423e+06 -1.58323e+06 -182521 -1.08512e+06 1.22386e+06 -2.35729e+06 -2.54646e+06 -3.32854e+06 1.653e+06 
-163826 -325187 1.73118e+06 -1.58703e+06 -2.21286e+06 -4.01891e+06 -1.23589e+06 -2.05534e+06 458225 12259.9 -2.0423e+06 4.1815e+06 -1.67891e+06 -44285.9 490979 -2.85524e+06 -736640 1.59461e+06 -129254 -1.18117e+06 
-500289 216912 -967898 754502 -5.69435e+06 1.68149e+06 698865 1.95807e+06 -4.70167e+06 -1.27214e+06 -1.58323e+06 -1.67891e+06 1.44904e+07 38025.8 -1.63736e+06 851640 458641 -489585 979283 1.55203e+06 
381939 722255 -706444 -817422 -124675 691587 190318 -1.68065e+06 580127 -99255.3 -182521 -44285.9 38025.8 2.00397e+06 -297327 -224821 -165893 864507 52694.2 -1.74453e+06 
301642 -455389 -1.09258e+06 -16252.3 -21617.4 -399906 -4.05196e+06 -460280 -3.42881e+06 -220210 -1.08512e+06 490979 -1.63736e+06 -297327 1.12788e+07 369086 -2.624e+06 -109450 -1.03122e+06 -227844 
-127330 -11977.9 -530949 -191109 844373 4.46528e+06 1.37741e+06 -872752 -350799 -751418 1.22386e+06 -2.85524e+06 851640 -224821 369086 3.96218e+06 952648 -940683 -272482 -805339 
-345498 1.37732e+06 -1.13434e+06 1.2953e+06 389434 -8738.17 1.59793e+06 -694114 -2.69814e+06 -2.16752e+06 -2.35729e+06 -736640 458641 -165893 -2.624e+06 952648 8.96995e+06 1.37171e+06 -1.33051e+06 58961.7 
415291 966153 557612 1.69868e+06 -634641 -1.33548e+06 2.01436e+06 -2.60695e+06 601211 -2.46672e+06 -2.54646e+06 1.59461e+06 -489585 864507 -109450 -940683 1.37171e+06 4.34219e+06 -1275.75 -2.3291e+06 
312516 338719 49014.2 -1.81831e+06 833001 -687584 -1.04934e+06 702356 -1.00982e+06 -375517 -3.32854e+06 -129254 979283 52694.2 -1.03122e+06 -272482 -1.33051e+06 -1275.75 5.53223e+06 192690 
-562177 -672168 -745758 1.88848e+06 1.1689e+06 -1.32871e+06 -229700 3.90978e+06 141281 -319991 1.653e+06 -1.18117e+06 1.55203e+06 -1.74453e+06 -227844 -805339 58961.7 -2.3291e+06 192690 5.37386e+06 
WEIGHT 0.0156736
DETERMINANT_OF_COV_MATRIX 4.64592e-145
ESPERANCE 0.000442887 0.0112579 0.000559749 0.00455569 0.000375429 0.00653973 0.000681355 0.0176241 0.000977248 0.0115212 0.000725042 0.0260259 0.00111193 0.0185633 0.00183219 0.0332793 0.00155566 0.037692 0.00134632 0.0418593
INVERSE_OF_COVARIANCE_MATRIX
2.03196e+07 43376.8 -2.12688e+06 2.502e+06 -6.66458e+06 1.67276e+06 -3.39559e+06 1.05555e+06 -2.57466e+06 -52497.1 -5.79351e+06 1.39966e+06 2.37722e+06 3.42205e+06 2.33743e+06 -459172 590102 -1.36703e+06 837846 144746 
43376.8 1.85797e+07 -8129.28 2.2664e+06 -665856 191042 921164 2.756e+06 2.05505e+06 -1.45843e+06 5.66146e+06 2.61146e+06 -3.00421e+06 -4.45839e+06 -1.14938e+06 -638097 1.01711e+06 -3.27638e+06 -1.45351e+06 -2.77925e+06 
-2.12688e+06 -8129.28 7.31944e+07 626728 -7.36402e+06 2.87118e+06 -1.33768e+07 91617.8 -4.8576e+06 1.07402e+06 7.75961e+06 1.4116e+06 2.63233e+06 -1.07922e+06 -6.41873e+06 584446 -4.23309e+06 493124 -5.60999e+06 -775934 
2.502e+06 2.2664e+06 626728 3.17709e+07 1.05234e+07 546098 -2.35636e+06 -1.13422e+07 -1.93006e+06 -5.18448e+06 -4.2386e+06 1.31594e+07 -8.79692e+06 8.07847e+06 -777033 1.62125e+06 3.16921e+06 -5.65295e+06 2.998e+06 -6.94296e+06 
-6.66458e+06 -665856 -7.36402e+06 1.05234e+07 1.26367e+08 3.99299e+06 -1.20921e+07 4.41367e+06 3.80502e+06 1.39588e+06 -1.61747e+06 4.49529e+06 -336825 2.86806e+06 3.17238e+06 2.1112e+06 -5.84913e+06 -1.24519e+06 -7.40486e+06 -3.41933e+06 
1.67276e+06 191042 2.87118e+06 546098 3.99299e+06 5.98169e+07 4.4755e+06 -1.47455e+07 3.46665e+06 -5.76066e+06 920888 1.13249e+07 -2.02773e+06 6.37516e+06 -1.73964e+06 -6.74281e+06 4.2563e+06 -5.00863e+06 -2.02241e+06 -3.17889e+06 
-3.39559e+06 921164 -1.33768e+07 -2.35636e+06 -1.20921e+07 4.4755e+06 1.03585e+08 2.9786e+06 -9.09293e+06 7.38125e+06 -1.51782e+07 3.05312e+06 -1.00871e+07 -3.18539e+06 -8.98426e+06 -1.56537e+06 -378207 -1.63222e+06 -4.10602e+06 -2.71751e+06 
1.05555e+06 2.756e+06 91617.8 -1.13422e+07 4.41367e+06 -1.47455e+07 2.9786e+06 4.90592e+07 1.85519e+06 -6.69722e+06 9.26978e+06 -5.3397e+06 -1.00125e+06 -6.07697e+06 918009 -7.35298e+06 -665741 6.66075e+06 -1.09071e+06 -9.39535e+06 
-2.57466e+06 2.05505e+06 -4.8576e+06 -1.93006e+06 3.80502e+06 3.46665e+06 -9.09293e+06 1.85519e+06 8.19423e+07 4.05775e+06 -50916.7 2.52081e+06 -7.82214e+06 -2.00539e+06 -2.45348e+07 -2.21401e+06 -6.28522e+06 -2.45824e+06 -7.4027e+06 -2.38396e+06 
-52497.1 -1.45843e+06 1.07402e+06 -5.18448e+06 1.39588e+06 -5.76066e+06 7.38125e+06 -6.69722e+06 4.05775e+06 5.41374e+07 2.2486e+06 -1.4645e+06 -4.38962e+06 157181 3.57003e+06 -1.37101e+06 -3.11893e+06 -1.4474e+07 1.39123e+06 6.7706e+06 
-5.79351e+06 5.66146e+06 7.75961e+06 -4.2386e+06 -1.61747e+06 920888 -1.51782e+07 9.26978e+06 -50916.7 2.2486e+06 1.0884e+08 -4.28663e+06 -1.08475e+07 -3.17715e+06 793870 -1.66676e+06 -1.99516e+07 1.03059e+06 -9.14064e+06 1.19025e+06 
1.39966e+06 2.61146e+06 1.4116e+06 1.31594e+07 4.49529e+06 1.13249e+07 3.05312e+06 -5.3397e+06 2.52081e+06 -1.4645e+06 -4.28663e+06 3.79636e+07 -5.59936e+06 5.31261e+06 -2.32942e+06 -3.43815e+06 -1.62591e+06 -1.33919e+07 5.70498e+06 -1.39173e+07 
2.37722e+06 -3.00421e+06 2.63233e+06 -8.79692e+06 -336825 -2.02773e+06 -1.00871e+07 -1.00125e+06 -7.82214e+06 -4.38962e+06 -1.08475e+07 -5.59936e+06 6.55234e+07 1.67928e+06 -1.20538e+07 1.81873e+06 -1.50814e+07 2.39899e+06 -4.37289e+06 4.312e+06 
3.42205e+06 -4.45839e+06 -1.07922e+06 8.07847e+06 2.86806e+06 6.37516e+06 -3.18539e+06 -6.07697e+06 -2.00539e+06 157181 -3.17715e+06 5.31261e+06 1.67928e+06 1.4198e+07 172961 -307480 832573 -8.41842e+06 -399010 -217206 
2.33743e+06 -1.14938e+06 -6.41873e+06 -777033 3.17238e+06 -1.73964e+06 -8.98426e+06 918009 -2.45348e+07 3.57003e+06 793870 -2.32942e+06 -1.20538e+07 172961 2.54028e+07 -766331 -4.15141e+06 -226265 1.74451e+06 1.32995e+06 
-459172 -638097 584446 1.62125e+06 2.1112e+06 -6.74281e+06 -1.56537e+06 -7.35298e+06 -2.21401e+06 -1.37101e+06 -1.66676e+06 -3.43815e+06 1.81873e+06 -307480 -766331 6.20187e+06 -325328 2.15188e+06 -1.37371e+06 1.40117e+06 
590102 1.01711e+06 -4.23309e+06 3.16921e+06 -5.84913e+06 4.2563e+06 -378207 -665741 -6.28522e+06 -3.11893e+06 -1.99516e+07 -1.62591e+06 -1.50814e+07 832573 -4.15141e+06 -325328 3.68385e+07 498539 -8.61918e+06 -1.0105e+06 
-1.36703e+06 -3.27638e+06 493124 -5.65295e+06 -1.24519e+06 -5.00863e+06 -1.63222e+06 6.66075e+06 -2.45824e+06 -1.4474e+07 1.03059e+06 -1.33919e+07 2.39899e+06 -8.41842e+06 -226265 2.15188e+06 498539 1.40818e+07 -262172 1.85128e+06 
837846 -1.45351e+06 -5.60999e+06 2.998e+06 -7.40486e+06 -2.02241e+06 -4.10602e+06 -1.09071e+06 -7.4027e+06 1.39123e+06 -9.14064e+06 5.70498e+06 -4.37289e+06 -399010 1.74451e+06 -1.37371e+06 -8.61918e+06 -262172 3.12378e+07 -29311.3 
144746 -2.77925e+06 -775934 -6.94296e+06 -3.41933e+06 -3.17889e+06 -2.71751e+06 -9.39535e+06 -2.38396e+06 6.7706e+06 1.19025e+06 -1.39173e+07 4.312e+06 -217206 1.32995e+06 1.40117e+06 -1.0105e+06 1.85128e+06 -29311.3 1.06559e+07 
WEIGHT 0.0104519
DETERMINANT_OF_COV_MATRIX 2.58708e-127
ESPERANCE 0.00333818 0.00372068 0.00142939 0.00875017 0.00157262 0.00582218 0.001771 0.0168532 0.00229348 0.0157712 0.00252747 0.0286102 0.00275777 0.0242508 0.00365307 0.0306361 0.00327643 0.0221599 0.00374859 0.0253165
INVERSE_OF_COVARIANCE_MATRIX
491859 -139236 700646 144159 -183390 -281259 354862 -224875 -784867 70592.5 -269685 -436680 87510.2 218009 -110608 -181371 -160607 -117493 -140779 230701 
-139236 1.62449e+06 -252760 -345937 263535 871786 149892 155029 283632 74903.9 -89161.1 733496 123088 -642908 -724731 342769 -285365 -426906 -139157 -592213 
700646 -252760 8.55012e+06 1.12628e+06 -1.7076e+06 -1.31991e+06 803425 -72610.6 -2.10699e+06 353411 -1.37633e+06 -1.27772e+06 -700233 1.04209e+06 -289648 -373765 -74792.3 -356287 -529535 436227 
144159 -345937 1.12628e+06 3.31031e+06 689409 -1.70367e+06 512255 -79976.6 73214.4 745700 608511 -928695 -1.17341e+06 -467229 -101312 614897 -135521 -261237 -452092 -259765 
-183390 263535 -1.7076e+06 689409 1.02517e+07 498217 199843 -507174 -551410 -295262 -1.41227e+06 171776 -643526 -957715 365374 250963 -1.18356e+06 -30076.1 -686849 -219689 
-281259 871786 -1.31991e+06 -1.70367e+06 498217 4.41363e+06 -817240 -1.36546e+06 -837011 -1.1967e+06 493837 1.19587e+06 101193 -18945.6 -190225 -10158.8 268028 -230482 949192 -317512 
354862 149892 803425 512255 199843 -817240 1.09864e+07 -40285.6 -2.99125e+06 481999 -2.73811e+06 -930092 470707 357956 -1.20661e+06 535031 -1.42316e+06 -354292 -50949.9 -53333.2 
-224875 155029 -72610.6 -79976.6 -507174 -1.36546e+06 -40285.6 3.40803e+06 1.74225e+06 1.38497e+06 355389 333906 -473600 887729 -537149 -854144 297065 283811 -255204 -597854 
-784867 283632 -2.10699e+06 73214.4 -551410 -837011 -2.99125e+06 1.74225e+06 9.21899e+06 1.37298e+06 -1.21428e+06 731747 -684213 -1.39484e+06 -286206 -5324.51 289248 241019 -853853 -670163 
70592.5 74903.9 353411 745700 -295262 -1.1967e+06 481999 1.38497e+06 1.37298e+06 4.26334e+06 -12990.6 -2.15615e+06 -255774 -260574 -115231 -1.04367e+06 380632 -1.08169e+06 -834488 837337 
-269685 -89161.1 -1.37633e+06 608511 -1.41227e+06 493837 -2.73811e+06 355389 -1.21428e+06 -12990.6 9.00448e+06 455672 -596429 -529463 -1.31703e+06 360456 -1.01636e+06 317120 198265 -542547 
-436680 733496 -1.27772e+06 -928695 171776 1.19587e+06 -930092 333906 731747 -2.15615e+06 455672 2.68309e+06 313352 -990159 -488849 481232 -82226.9 688022 613030 -1.32675e+06 
87510.2 123088 -700233 -1.17341e+06 -643526 101193 470707 -473600 -684213 -255774 -596429 313352 7.6533e+06 -107427 -1.06496e+06 -21336.5 -1.72066e+06 -378747 -372845 367692 
218009 -642908 1.04209e+06 -467229 -957715 -18945.6 357956 887729 -1.39484e+06 -260574 -529463 -990159 -107427 4.49882e+06 800373 -372009 724327 -1.65232e+06 10303.8 614147 
-110608 -724731 -289648 -101312 365374 -190225 -1.20661e+06 -537149 -286206 -115231 -1.31703e+06 -488849 -1.06496e+06 800373 3.97582e+06 57308.9 -967463 -645374 -236603 524943 
-181371 342769 -373765 614897 250963 -10158.8 535031 -854144 -5324.51 -1.04367e+06 360456 481232 -21336.5 -372009 57308.9 1.59216e+06 -170889 -464297 -406670 -565804 
-160607 -285365 -74792.3 -135521 -1.18356e+06 268028 -1.42316e+06 297065 289248 380632 -1.01636e+06 -82226.9 -1.72066e+06 724327 -967463 -170889 7.13651e+06 233919 -860658 406026 
-117493 -426906 -356287 -261237 -30076.1 -230482 -354292 283811 241019 -1.08169e+06 317120 688022 -378747 -1.65232e+06 -645374 -464297 233919 3.55106e+06 664003 -219860 
-140779 -139157 -529535 -452092 -686849 949192 -50949.9 -255204 -853853 -834488 198265 613030 -372845 10303.8 -236603 -406670 -860658 664003 2.96832e+06 -75756.5 
230701 -592213 436227 -259765 -219689 -317512 -53333.2 -597854 -670163 837337 -542547 -1.32675e+06 367692 614147 524943 -565804 406026 -219860 -75756.5 1.11324e+06 
WEIGHT 0.0466382
DETERMINANT_OF_COV_MATRIX 3.05949e-134
ESPERANCE 0.000965978 0.00443169 0.000718653 0.0068585 0.000590434 0.00796702 0.000870078 0.0222811 0.00124313 0.00975506 0.00128585 0.0272168 0.00151419 0.0198966 0.00205364 0.0336922 0.00185605 0.0270381 0.00183827 0.0514092
INVERSE_OF_COVARIANCE_MATRIX
5.12087e+06 8266.6 -844901 647496 -1.89891e+06 58727.5 421956 208980 -1.0572e+06 282214 909917 65931.4 -1.11145e+06 -23518.2 69496.6 -152420 814509 14003 -452385 206757 
8266.6 2.07034e+06 -548700 -666511 -55933.1 -2.53166e+06 -844852 -77398.1 681019 291500 -331325 799565 -264494 71617.7 111607 -1.03656e+06 379595 -518252 107742 551829 
-844901 -548700 3.11174e+07 -372171 -2.41863e+06 157503 -2.60344e+06 391071 -196270 1.62785e+06 167691 9679.99 -2.59771e+06 -301590 -2.10126e+06 164907 -1.58247e+06 -172152 -881721 116128 
647496 -666511 -372171 7.11693e+06 -483358 -1.01325e+06 4.00765e+06 2.12123e+06 -1.58594e+06 -178268 1.35884e+06 -1.2303e+06 -1.3427e+06 997589 -119432 -411941 -166476 -2.84903e+06 -46161.7 -676529 
-1.89891e+06 -55933.1 -2.41863e+06 -483358 5.35255e+07 3.354e+06 -1.30964e+06 -205190 -499257 2.32218e+06 -955353 -355788 -1.32804e+06 -883990 2.12586e+06 443370 -3.04053e+06 -1.13877e+06 -3.91018e+06 692154 
58727.5 -2.53166e+06 157503 -1.01325e+06 3.354e+06 8.30492e+06 605912 304022 145490 -2.74709e+06 744016 -1.05554e+06 -51648.8 -586354 -909355 1.95536e+06 328116 934031 18668.1 -1.01636e+06 
421956 -844852 -2.60344e+06 4.00765e+06 -1.30964e+06 605912 3.96872e+07 2.57053e+06 -2.00854e+06 -2.2285e+06 -6.45758e+06 -1.22887e+06 -4.69972e+06 65511.7 -6.23487e+06 222161 1.09013e+06 -1.0169e+06 884615 -357441 
208980 -77398.1 391071 2.12123e+06 -205190 304022 2.57053e+06 5.33532e+06 -630592 130733 626906 -3.50715e+06 -292270 -581842 -500239 -1.41814e+06 -308473 -294141 -217590 238002 
-1.0572e+06 681019 -196270 -1.58594e+06 -499257 145490 -2.00854e+06 -630592 2.84944e+07 2.51547e+06 -6.58971e+06 435240 -8.50831e+06 -2.7103e+06 -3.26347e+06 -329861 -4.61833e+06 220599 2.25074e+06 640196 
282214 291500 1.62785e+06 -178268 2.32218e+06 -2.74709e+06 -2.2285e+06 130733 2.51547e+06 7.26683e+06 -1.55082e+06 -450948 1.39681e+06 -2.28795e+06 574746 -812707 -901233 -1.48726e+06 -1.47337e+06 1.09485e+06 
909917 -331325 167691 1.35884e+06 -955353 744016 -6.45758e+06 626906 -6.58971e+06 -1.55082e+06 2.37237e+07 -1.56608e+06 -4.0765e+06 -145278 -1.45545e+06 -83979.3 -2.1181e+06 -282631 -3.46181e+06 47760.8 
65931.4 799565 9679.99 -1.2303e+06 -355788 -1.05554e+06 -1.22887e+06 -3.50715e+06 435240 -450948 -1.56608e+06 4.49938e+06 -4313.37 1.45096e+06 745691 -160952 606920 892528 424079 -822609 
-1.11145e+06 -264494 -2.59771e+06 -1.3427e+06 -1.32804e+06 -51648.8 -4.69972e+06 -292270 -8.50831e+06 1.39681e+06 -4.0765e+06 -4313.37 2.68363e+07 -681731 -3.88895e+06 -166487 -4.48606e+06 749378 -406743 270614 
-23518.2 71617.7 -301590 997589 -883990 -586354 65511.7 -581842 -2.7103e+06 -2.28795e+06 -145278 1.45096e+06 -681731 4.58886e+06 851475 -652198 240842 -88313 1.26448e+06 -1.26306e+06 
69496.6 111607 -2.10126e+06 -119432 2.12586e+06 -909355 -6.23487e+06 -500239 -3.26347e+06 574746 -1.45545e+06 745691 -3.88895e+06 851475 1.28911e+07 223774 -4.40233e+06 -661164 -2.48823e+06 -634616 
-152420 -1.03656e+06 164907 -411941 443370 1.95536e+06 222161 -1.41814e+06 -329861 -812707 -83979.3 -160952 -166487 -652198 223774 2.31868e+06 -160741 -1.04025e+06 95569.3 -186664 
814509 379595 -1.58247e+06 -166476 -3.04053e+06 328116 1.09013e+06 -308473 -4.61833e+06 -901233 -2.1181e+06 606920 -4.48606e+06 240842 -4.40233e+06 -160741 1.92482e+07 267754 -4.69985e+06 54477.4 
14003 -518252 -172152 -2.84903e+06 -1.13877e+06 934031 -1.0169e+06 -294141 220599 -1.48726e+06 -282631 892528 749378 -88313 -661164 -1.04025e+06 267754 4.89117e+06 699475 -95212.2 
-452385 107742 -881721 -46161.7 -3.91018e+06 18668.1 884615 -217590 2.25074e+06 -1.47337e+06 -3.46181e+06 424079 -406743 1.26448e+06 -2.48823e+06 95569.3 -4.69985e+06 699475 1.17949e+07 25389.9 
206757 551829 116128 -676529 692154 -1.01636e+06 -357441 238002 640196 1.09485e+06 47760.8 -822609 270614 -1.26306e+06 -634616 -186664 54477.4 -95212.2 25389.9 900750 
WEIGHT 0.00522454
DETERMINANT_OF_COV_MATRIX 2.80668e-216
ESPERANCE 6.40465e-05 0.00204679 9.47644e-05 0.00327569 0.000258863 0.00859436 0.000276144 0.0130382 0.000472231 0.0130528 0.000589521 0.027049 0.000504586 0.0215995 0.000748308 0.0374701 0.000924454 0.0130083 0.000968483 0.0442178
INVERSE_OF_COVARIANCE_MATRIX
3.00496e+10 3.33256e+09 -1.2394e+10 4.78455e+09 -1.45491e+09 -6.84638e+09 -7.71171e+09 -1.84331e+10 1.41725e+10 -1.48696e+10 1.68361e+10 8.60431e+08 2.0842e+09 2.51606e+09 9.55687e+09 8.98335e+09 -8.39919e+09 -4.18828e+09 -3.77563e+10 1.58031e+09 
3.33256e+09 7.33014e+10 3.9978e+09 -1.77275e+09 1.48133e+10 -1.01063e+11 -1.21716e+10 6.24621e+10 1.05249e+10 3.07096e+10 -8.43338e+09 4.76497e+09 1.82421e+09 -5.26777e+10 -1.22946e+10 4.5822e+10 -1.19604e+10 -7.30714e+10 -3.1586e+09 1.67638e+10 
-1.2394e+10 3.9978e+09 9.14333e+10 4.89379e+09 -1.50419e+10 -3.24508e+09 -5.90339e+10 9.18724e+09 -4.33951e+10 -4.28482e+09 2.53979e+10 -8.4162e+09 2.0129e+10 -5.49958e+09 1.89927e+10 -1.71426e+08 -2.35491e+10 3.02698e+09 1.5146e+10 4.39529e+09 
4.78455e+09 -1.77275e+09 4.89379e+09 3.30674e+11 2.26441e+10 1.36661e+11 -3.4271e+10 -9.1971e+10 -1.959e+10 -9.89926e+10 -6.31082e+09 1.29558e+10 -8.89757e+09 3.21356e+10 2.81584e+10 1.5559e+10 1.12813e+10 1.94282e+10 2.76309e+07 2.38819e+10 
-1.45491e+09 1.48133e+10 -1.50419e+10 2.26441e+10 6.81591e+11 -2.26486e+10 -4.16399e+11 -4.54835e+10 -1.65243e+11 -3.7972e+10 -2.0096e+11 -3.4631e+10 2.68986e+10 -1.00243e+10 3.51795e+10 3.2288e+10 3.11119e+10 -1.25868e+10 3.65908e+09 -1.05103e+08 
-6.84638e+09 -1.01063e+11 -3.24508e+09 1.36661e+11 -2.26486e+10 3.85918e+11 -4.33245e+09 -2.97325e+11 -2.99354e+10 2.60161e+10 3.47179e+10 -9.06335e+10 -1.5605e+10 -3.44657e+10 3.84639e+10 7.27517e+09 2.11929e+10 7.6258e+10 1.55555e+10 -2.07501e+10 
-7.71171e+09 -1.21716e+10 -5.90339e+10 -3.4271e+10 -4.16399e+11 -4.33245e+09 5.64668e+11 -3.81343e+10 6.1934e+10 1.12255e+10 -1.48882e+11 7.38182e+07 4.85975e+10 1.00982e+10 -1.16169e+11 -2.2435e+09 5.58962e+10 -5.70096e+09 8.81233e+09 -9.9234e+09 
-1.84331e+10 6.24621e+10 9.18724e+09 -9.1971e+10 -4.54835e+10 -2.97325e+11 -3.81343e+10 5.24976e+11 -2.1253e+10 -8.65609e+10 5.02272e+10 2.9999e+10 1.35006e+08 1.32899e+10 6.4474e+10 -1.06631e+11 1.65766e+10 -3.69073e+10 3.74913e+10 5.97913e+09 
1.41725e+10 1.05249e+10 -4.33951e+10 -1.959e+10 -1.65243e+11 -2.99354e+10 6.1934e+10 -2.1253e+10 3.11282e+11 3.63686e+10 8.858e+10 -3.57378e+09 -1.70364e+11 -1.44879e+10 -1.09111e+11 3.95567e+10 -1.74382e+10 -2.95073e+10 -1.00255e+10 2.32165e+09 
-1.48696e+10 3.07096e+10 -4.28482e+09 -9.89926e+10 -3.7972e+10 2.60161e+10 1.12255e+10 -8.65609e+10 3.63686e+10 3.20433e+11 4.69184e+10 -2.01374e+10 -4.09935e+10 -4.21003e+10 -1.05308e+10 7.62621e+10 -5.35534e+09 -1.23517e+11 4.67205e+10 -3.28233e+10 
1.68361e+10 -8.43338e+09 2.53979e+10 -6.31082e+09 -2.0096e+11 3.47179e+10 -1.48882e+11 5.02272e+10 8.858e+10 4.69184e+10 5.01701e+11 3.41441e+10 -1.51779e+11 3.05969e+09 6.28135e+10 -2.83608e+10 -1.46142e+11 5.7119e+09 -1.08149e+10 6.52404e+09 
8.60431e+08 4.76497e+09 -8.4162e+09 1.29558e+10 -3.4631e+10 -9.06335e+10 7.38182e+07 2.9999e+10 -3.57378e+09 -2.01374e+10 3.41441e+10 2.67245e+11 -2.59602e+09 1.45407e+11 2.44977e+10 -6.45122e+10 -3.45107e+09 2.62933e+10 1.03751e+10 3.85739e+10 
2.0842e+09 1.82421e+09 2.0129e+10 -8.89757e+09 2.68986e+10 -1.5605e+10 4.85975e+10 1.35006e+08 -1.70364e+11 -4.09935e+10 -1.51779e+11 -2.59602e+09 2.81108e+11 1.04907e+10 1.29201e+10 -1.49578e+10 2.39529e+10 1.27452e+10 -5.11895e+10 -1.13106e+09 
2.51606e+09 -5.26777e+10 -5.49958e+09 3.21356e+10 -1.00243e+10 -3.44657e+10 1.00982e+10 1.32899e+10 -1.44879e+10 -4.21003e+10 3.05969e+09 1.45407e+11 1.04907e+10 2.19979e+11 1.9017e+09 -1.2462e+11 2.31971e+09 5.77553e+10 8.06773e+08 -6.86895e+09 
9.55687e+09 -1.22946e+10 1.89927e+10 2.81584e+10 3.51795e+10 3.84639e+10 -1.16169e+11 6.4474e+10 -1.09111e+11 -1.05308e+10 6.28135e+10 2.44977e+10 1.29201e+10 1.9017e+09 1.88894e+11 -3.44429e+10 -2.32088e+10 2.67633e+10 -1.98634e+10 -1.46273e+08 
8.98335e+09 4.5822e+10 -1.71426e+08 1.5559e+10 3.2288e+10 7.27517e+09 -2.2435e+09 -1.06631e+11 3.95567e+10 7.62621e+10 -2.83608e+10 -6.45122e+10 -1.49578e+10 -1.2462e+11 -3.44429e+10 1.73621e+11 -1.29999e+10 -9.10917e+10 -1.94087e+10 -8.02705e+08 
-8.39919e+09 -1.19604e+10 -2.35491e+10 1.12813e+10 3.11119e+10 2.11929e+10 5.58962e+10 1.65766e+10 -1.74382e+10 -5.35534e+09 -1.46142e+11 -3.45107e+09 2.39529e+10 2.31971e+09 -2.32088e+10 -1.29999e+10 1.22386e+11 1.14291e+10 -8.76559e+09 -9.50728e+09 
-4.18828e+09 -7.30714e+10 3.02698e+09 1.94282e+10 -1.25868e+10 7.6258e+10 -5.70096e+09 -3.69073e+10 -2.95073e+10 -1.23517e+11 5.7119e+09 2.62933e+10 1.27452e+10 5.77553e+10 2.67633e+10 -9.10917e+10 1.14291e+10 1.81428e+11 7.0405e+08 1.49582e+10 
-3.77563e+10 -3.1586e+09 1.5146e+10 2.76309e+07 3.65908e+09 1.55555e+10 8.81233e+09 3.74913e+10 -1.00255e+10 4.67205e+10 -1.08149e+10 1.03751e+10 -5.11895e+10 8.06773e+08 -1.98634e+10 -1.94087e+10 -8.76559e+09 7.0405e+08 1.13625e+11 -3.10121e+09 
1.58031e+09 1.67638e+10 4.39529e+09 2.38819e+10 -1.05103e+08 -2.07501e+10 -9.9234e+09 5.97913e+09 2.32165e+09 -3.28233e+10 6.52404e+09 3.85739e+10 -1.13106e+09 -6.86895e+09 -1.46273e+08 -8.02705e+08 -9.50728e+09 1.49582e+10 -3.10121e+09 3.82574e+10 
WEIGHT 0.00522454
DETERMINANT_OF_COV_MATRIX 1.84548e-141
ESPERANCE 0.00082258 0.008892 0.000836084 0.00553214 0.000856721 0.010634 0.00100381 0.0244503 0.0014989 0.0135543 0.00148278 0.0350779 0.0017678 0.0278499 0.00206353 0.0373348 0.00185839 0.0192597 0.00197335 0.0488466
INVERSE_OF_COVARIANCE_MATRIX
1.07161e+07 25170.4 389557 865146 -1.24049e+06 1.30188e+06 -1.21493e+06 -295368 -1.64818e+06 -236712 -645618 229585 -1.94541e+06 255851 2.22621e+06 -565083 679574 -213277 -1.06793e+06 -137290 
25170.4 1.06527e+07 -1.18081e+06 -5.24359e+06 -1.16225e+06 283031 -1.35227e+06 -873792 2.68969e+06 6.36325e+06 2.14862e+06 -1.61216e+06 -1.09717e+06 2.09789e+06 1.71346e+06 986489 -49812.1 -2.26872e+06 760310 -2.14089e+06 
389557 -1.18081e+06 2.75257e+07 2.83025e+06 1.23999e+06 284153 1.13463e+06 -1.25318e+06 -2.52674e+06 2.63791e+06 -1.26452e+06 -1.14877e+06 -2.10658e+06 1.6012e+06 -1.44486e+06 950034 -1.39687e+06 -1.33436e+06 -803157 783652 
865146 -5.24359e+06 2.83025e+06 2.04991e+07 -4.32933e+06 1.75217e+06 293370 -2.45104e+06 -1.31197e+06 -3.87979e+06 -7.71352e+06 1.67073e+06 1.25628e+06 1.07563e+06 -4.70706e+06 604522 2.62952e+06 3.52951e+06 3.53418e+06 3.85683e+06 
-1.24049e+06 -1.16225e+06 1.23999e+06 -4.32933e+06 4.4419e+07 2.41319e+06 -1.32033e+06 886380 -2.14289e+06 -3.10898e+06 318610 71933.1 -491081 736508 -2.12815e+06 3.03005e+06 -8.2708e+06 344951 -1.7413e+06 1.26257e+06 
1.30188e+06 283031 284153 1.75217e+06 2.41319e+06 1.31317e+07 -1.48803e+06 -2.55595e+06 2.01948e+06 -2.67812e+06 1.02885e+06 5.20066e+06 -3.32533e+06 -6.24819e+06 4.08174e+06 -1.51434e+06 -1.66707e+06 1.15417e+06 183362 -180388 
-1.21493e+06 -1.35227e+06 1.13463e+06 293370 -1.32033e+06 -1.48803e+06 4.37935e+07 -302988 -8.74489e+06 -2.46289e+06 -2.24777e+06 -3.79828e+06 5.6907e+06 734097 -6.85128e+06 -2.54962e+06 -157259 1.13622e+06 -3.23818e+06 1.8505e+06 
-295368 -873792 -1.25318e+06 -2.45104e+06 886380 -2.55595e+06 -302988 1.37023e+07 541683 -5.8335e+06 2.62767e+06 -2.80892e+06 -1.86344e+06 -2.63795e+06 600573 3.429e+06 -2.28118e+06 3.59169e+06 8720.04 -4.76132e+06 
