DESCRIPTOR_NAME Steinhardt
FILTER_TYPE element
NUMBER_OF_DIMENSION 20
CUTOFF_RADIUS 8.
STEINHARDT_STYLE Multi
AVE_STYLE Multi
STEINHARDT_MODE Full
FILTER_VALUE Mg
NUMBER_OF_CLUSTER 2
WEIGHT 0.102385
DETERMINANT_OF_COV_MATRIX 2.78759e-131
ESPERANCE 0.00475808 0.00242331 0.00172292 0.00441402 0.00201753 0.0050768 0.00268367 0.018136 0.00341831 0.00798274 0.00355195 0.0211457 0.00499442 0.0155397 0.00510065 0.0296929 0.00604468 0.020835 0.00526757 0.0405543
INVERSE_OF_COVARIANCE_MATRIX
1.08474e+06 267059 188022 211789 128436 -10066.7 1461.68 -457006 385146 -221266 -658983 277218 85382.3 -101685 -52440.5 400229 -326458 -273444 3923.99 -247689 
267059 2.74469e+06 -148996 -43878.5 377129 -661679 307971 132128 -98085.5 -322229 1539.88 -114477 -206958 -330043 242728 67410.4 405934 -9823.66 159212 102299 
188022 -148996 6.75744e+06 -143892 -1.90861e+06 462225 755526 -924861 411293 -583904 83669.9 -155725 -415290 366774 893475 -39796.3 -1.43884e+06 23520.4 -958210 75969 
211789 -43878.5 -143892 4.80119e+06 -391732 -1.07988e+06 -126012 -491805 -1563.17 -595720 526728 -671722 955065 -447918 229912 -469510 -1.07077e+06 -448303 -285354 626049 
128436 377129 -1.90861e+06 -391732 1.77672e+07 -909222 218220 1.54492e+06 -919842 1.0634e+06 -41380.2 -1.02858e+06 -1.0782e+06 -767663 84808.2 -150428 -1.17759e+06 -1.07503e+06 -1.01144e+06 287247 
-10066.7 -661679 462225 -1.07988e+06 -909222 1.06766e+07 -370442 1.24137e+06 1.12351e+06 136329 -1.19523e+06 -1.46986e+06 -1.38788e+06 269655 -728535 -93923.6 1.90857e+06 -1.68777e+06 160042 -175487 
1461.68 307971 755526 -126012 218220 -370442 1.41356e+07 609793 1.61333e+06 -1.38947e+06 -2.2808e+06 -383058 1.63785e+06 784455 2.5162e+06 -1.16812e+06 -1.78232e+06 962671 -281086 -220958 
-457006 132128 -924861 -491805 1.54492e+06 1.24137e+06 609793 3.51015e+06 -1.18836e+06 -504741 383995 -1.64004e+06 -1.29141e+06 -212633 629138 760173 87243.2 -627579 458430 -221348 
385146 -98085.5 411293 -1563.17 -919842 1.12351e+06 1.61333e+06 -1.18836e+06 1.50206e+07 -311135 283981 331368 -2.15117e+06 61003.4 -295350 -265808 -1.01349e+06 601028 650105 -636434 
-221266 -322229 -583904 -595720 1.0634e+06 136329 -1.38947e+06 -504741 -311135 4.84266e+06 1.7801e+06 1.09109e+06 -255331 -1.14978e+06 79032.6 -202567 592887 -505621 -112415 247267 
-658983 1539.88 83669.9 526728 -41380.2 -1.19523e+06 -2.2808e+06 383995 283981 1.7801e+06 7.54085e+06 969579 918813 -424191 894541 831661 -1.10408e+06 -669529 -397342 -255816 
277218 -114477 -155725 -671722 -1.02858e+06 -1.46986e+06 -383058 -1.64004e+06 331368 1.09109e+06 969579 4.12027e+06 1.5035e+06 -159238 -164024 142398 1.12519e+06 -124362 -186041 -590197 
85382.3 -206958 -415290 955065 -1.0782e+06 -1.38788e+06 1.63785e+06 -1.29141e+06 -2.15117e+06 -255331 918813 1.5035e+06 8.22692e+06 744417 -459502 681709 -2.25261e+06 103875 723727 -452610 
-101685 -330043 366774 -447918 -767663 269655 784455 -212633 61003.4 -1.14978e+06 -424191 -159238 744417 4.5619e+06 405881 -130961 -288486 244041 -236058 -228068 
-52440.5 242728 893475 229912 84808.2 -728535 2.5162e+06 629138 -295350 79032.6 894541 -164024 -459502 405881 5.5049e+06 -94883.7 -566061 248403 -2.38966e+06 -53379.6 
400229 67410.4 -39796.3 -469510 -150428 -93923.6 -1.16812e+06 760173 -265808 -202567 831661 142398 681709 -130961 -94883.7 1.7804e+06 250754 -317497 66926 -721301 
-326458 405934 -1.43884e+06 -1.07077e+06 -1.17759e+06 1.90857e+06 -1.78232e+06 87243.2 -1.01349e+06 592887 -1.10408e+06 1.12519e+06 -2.25261e+06 -288486 -566061 250754 1.10692e+07 640905 -2.63612e+06 -313369 
-273444 -9823.66 23520.4 -448303 -1.07503e+06 -1.68777e+06 962671 -627579 601028 -505621 -669529 -124362 103875 244041 248403 -317497 640905 1.80373e+06 51263.2 24416.3 
3923.99 159212 -958210 -285354 -1.01144e+06 160042 -281086 458430 650105 -112415 -397342 -186041 723727 -236058 -2.38966e+06 66926 -2.63612e+06 51263.2 5.36966e+06 -35194.8 
-247689 102299 75969 626049 287247 -175487 -220958 -221348 -636434 247267 -255816 -590197 -452610 -228068 -53379.6 -721301 -313369 24416.3 -35194.8 546754 
WEIGHT 0.140837
DETERMINANT_OF_COV_MATRIX 2.41008e-131
ESPERANCE 0.00271199 0.0021579 0.00186781 0.00376419 0.00196661 0.00415357 0.0023128 0.0169267 0.00316386 0.00814722 0.00356341 0.0181801 0.00581977 0.0152728 0.00543049 0.0282484 0.00683787 0.0191047 0.00578167 0.0379157
INVERSE_OF_COVARIANCE_MATRIX
1.20405e+06 13416 519684 -47383 296458 -80963.3 -253477 -34101.2 284521 104437 -208492 -92983.3 248700 -144674 -72159.9 296839 -326205 -161041 55390.3 -101571 
13416 2.41928e+06 47436.1 79224.4 -42820.8 -447730 -101714 91567 -430251 -456080 29504 105438 -157972 77107.5 -22875.5 -67682.1 396381 -14296 -139724 81855.2 
519684 47436.1 7.27418e+06 -279548 -557956 348693 1.19936e+06 -1.12493e+06 -447750 -24834.8 2.06544e+06 -273520 -945884 214750 -789721 -37894.6 -818166 -133469 -601749 253653 
-47383 79224.4 -279548 4.85028e+06 621387 -277496 -755478 -389808 1.24053e+06 -69398.5 -183265 -327630 247938 -49929.6 -239353 -928654 -614867 -413532 -33774.2 847514 
296458 -42820.8 -557956 621387 1.50676e+07 693767 953040 -653905 109080 1.08749e+06 102539 -122297 -1.44415e+06 201701 224176 134260 1.41145e+06 412194 -1.3624e+06 -252954 
-80963.3 -447730 348693 -277496 693767 1.05946e+07 26670 1.60722e+06 850773 -122136 -1.53102e+06 -1.72657e+06 -1.67495e+06 281461 308334 -464273 -21861.6 -925514 -313963 -101821 
-253477 -101714 1.19936e+06 -755478 953040 26670 1.39487e+07 146476 -231913 -1.22192e+06 -509998 376976 -164006 -2.29863e+06 -728003 -272291 -594150 -84463.3 -870037 -185301 
-34101.2 91567 -1.12493e+06 -389808 -653905 1.60722e+06 146476 4.31965e+06 -779214 371082 -233631 -1.32152e+06 -1.07073e+06 -1.79202e+06 371238 1.45521e+06 -502068 -1.25035e+06 818719 -461890 
284521 -430251 -447750 1.24053e+06 109080 850773 -231913 -779214 1.0244e+07 -1.45504e+06 -2.49745e+06 -440257 -1.03566e+06 972565 -5478.41 -495096 -2.30026e+06 94512.1 1.41699e+06 -47312.1 
104437 -456080 -24834.8 -69398.5 1.08749e+06 -122136 -1.22192e+06 371082 -1.45504e+06 4.13575e+06 -599515 -144596 -50917.3 -645728 358826 -273444 -612125 -667516 503305 413958 
-208492 29504 2.06544e+06 -183265 102539 -1.53102e+06 -509998 -233631 -2.49745e+06 -599515 1.02751e+07 502814 187662 -287370 -1.69873e+06 296833 -1.04228e+06 -603030 1.15927e+06 -1865.15 
-92983.3 105438 -273520 -327630 -122297 -1.72657e+06 376976 -1.32152e+06 -440257 -144596 502814 4.65046e+06 597111 850658 296592 -584896 77807.5 142616 -664418 -280622 
248700 -157972 -945884 247938 -1.44415e+06 -1.67495e+06 -164006 -1.07073e+06 -1.03566e+06 -50917.3 187662 597111 1.12287e+07 222252 252140 327406 -2.69625e+06 -50186.2 441005 -482574 
-144674 77107.5 214750 -49929.6 201701 281461 -2.29863e+06 -1.79202e+06 972565 -645728 -287370 850658 222252 4.02333e+06 -338557 -586132 414112 242516 -291265 -33598.5 
-72159.9 -22875.5 -789721 -239353 224176 308334 -728003 371238 -5478.41 358826 -1.69873e+06 296592 252140 -338557 7.37199e+06 27359.2 -1.52126e+06 397087 -2.62579e+06 5945.06 
296839 -67682.1 -37894.6 -928654 134260 -464273 -272291 1.45521e+06 -495096 -273444 296833 -584896 327406 -586132 27359.2 1.40941e+06 -298236 -172313 346095 -562240 
-326205 396381 -818166 -614867 1.41145e+06 -21861.6 -594150 -502068 -2.30026e+06 -612125 -1.04228e+06 77807.5 -2.69625e+06 414112 -1.52126e+06 -298236 9.50117e+06 74051 -1.61831e+06 136011 
-161041 -14296 -133469 -413532 412194 -925514 -84463.3 -1.25035e+06 94512.1 -667516 -603030 142616 -50186.2 242516 397087 -172313 74051 2.13072e+06 206457 -157590 
55390.3 -139724 -601749 -33774.2 -1.3624e+06 -313963 -870037 818719 1.41699e+06 503305 1.15927e+06 -664418 441005 -291265 -2.62579e+06 346095 -1.61831e+06 206457 4.53691e+06 -186358 
-101571 81855.2 253653 847514 -252954 -101821 -185301 -461890 -47312.1 413958 -1865.15 -280622 -482574 -33598.5 5945.06 -562240 136011 -157590 -186358 468264 
FILTER_VALUE Si
NUMBER_OF_CLUSTER 1
WEIGHT 0.225085
DETERMINANT_OF_COV_MATRIX 1.49672e-130
ESPERANCE 0.00341989 0.00234075 0.00166502 0.00418007 0.00192042 0.00431509 0.0023785 0.0171677 0.00307136 0.00798008 0.00376659 0.0187418 0.00545783 0.0155709 0.00527777 0.0286054 0.00659347 0.0191273 0.00582438 0.0389835
INVERSE_OF_COVARIANCE_MATRIX
890322 60706.3 509889 -166135 -482116 133270 -182828 -223164 -91895.5 279275 -479561 -28733.6 451884 102657 -320022 218534 11509.3 -126853 123471 -94262.3 
60706.3 2.7723e+06 284193 -477408 -593969 -470862 -231271 278344 -171252 -174079 180243 -69251.4 -68893.3 -354054 -59943.2 -21208.9 386295 -171378 9503.5 137123 
509889 284193 8.86524e+06 -432540 -1.19328e+06 241240 876496 -970901 555199 -289622 2.24282e+06 -378268 -843649 -364107 -373229 133211 -1.58652e+06 120128 -799293 179208 
-166135 -477408 -432540 4.53522e+06 -1.0892e+06 -102798 -150099 -787129 -452398 323475 485177 -739072 1.37198e+06 522871 -583921 -837374 130280 -293767 -145819 750235 
-482116 -593969 -1.19328e+06 -1.0892e+06 1.74445e+07 125812 -627303 635620 -750035 1.38857e+06 -983410 -1.02904e+06 -1.44501e+06 -604570 -912446 -459642 549730 -894225 -44811.8 92407.4 
133270 -470862 241240 -102798 125812 8.7803e+06 280078 1.67354e+06 450238 -638387 -229764 -2.42907e+06 -303705 315103 965344 108984 442848 -945928 -742345 -307166 
-182828 -231271 876496 -150099 -627303 280078 1.56492e+07 175755 499145 233959 841717 -388860 354863 -1.7013e+06 -616139 -196859 -1.06199e+06 669440 341588 -222911 
-223164 278344 -970901 -787129 635620 1.67354e+06 175755 4.47454e+06 -719043 59192.3 -845372 -1.74578e+06 -1.3021e+06 -1.34508e+06 614930 1.31962e+06 99882.5 -1.13969e+06 289879 -468506 
-91895.5 -171252 555199 -452398 -750035 450238 499145 -719043 1.09857e+07 -1.17029e+06 -2.44906e+06 -985452 -488381 1.57766e+06 -367167 -135747 700858 -135376 13440.1 -271922 
279275 -174079 -289622 323475 1.38857e+06 -638387 233959 59192.3 -1.17029e+06 2.79078e+06 -709343 359688 -68149.9 103770 588073 -51414.1 -34742.7 -294259 -770612 168588 
-479561 180243 2.24282e+06 485177 -983410 -229764 841717 -845372 -2.44906e+06 -709343 1.06183e+07 1.40419e+06 -787728 156540 -2.02479e+06 -55021 984102 -319705 -620320 -30867.3 
-28733.6 -69251.4 -378268 -739072 -1.02904e+06 -2.42907e+06 -388860 -1.74578e+06 -985452 359688 1.40419e+06 3.9106e+06 1.97556e+06 173323 -357590 -312909 707526 33357.9 103551 -250509 
451884 -68893.3 -843649 1.37198e+06 -1.44501e+06 -303705 354863 -1.3021e+06 -488381 -68149.9 -787728 1.97556e+06 8.71099e+06 566650 621328 363645 -2.76871e+06 103144 433409 -509919 
102657 -354054 -364107 522871 -604570 315103 -1.7013e+06 -1.34508e+06 1.57766e+06 103770 156540 173323 566650 4.06414e+06 -376418 -367352 -375739 235955 744144 -83578.7 
-320022 -59943.2 -373229 -583921 -912446 965344 -616139 614930 -367167 588073 -2.02479e+06 -357590 621328 -376418 7.69282e+06 -75066.6 -2.01537e+06 403293 -1.81929e+06 110977 
218534 -21208.9 133211 -837374 -459642 108984 -196859 1.31962e+06 -135747 -51414.1 -55021 -312909 363645 -367352 -75066.6 1.34727e+06 225626 -134782 -14992.7 -563699 
11509.3 386295 -1.58652e+06 130280 549730 442848 -1.06199e+06 99882.5 700858 -34742.7 984102 707526 -2.76871e+06 -375739 -2.01537e+06 225626 1.08065e+07 506349 -2.43689e+06 -204711 
-126853 -171378 120128 -293767 -894225 -945928 669440 -1.13969e+06 -135376 -294259 -319705 33357.9 103144 235955 403293 -134782 506349 1.80663e+06 34247.1 -15302.3 
123471 9503.5 -799293 -145819 -44811.8 -742345 341588 289879 13440.1 -770612 -620320 103551 433409 744144 -1.81929e+06 -14992.7 -2.43689e+06 34247.1 4.01593e+06 -132901 
-94262.3 137123 179208 750235 92407.4 -307166 -222911 -468506 -271922 168588 -30867.3 -250509 -509919 -83578.7 110977 -563699 -204711 -15302.3 -132901 437662 
FILTER_VALUE O
NUMBER_OF_CLUSTER 2
WEIGHT 0.0658992
DETERMINANT_OF_COV_MATRIX 9.35957e-135
ESPERANCE 0.00321631 0.00209688 0.00162145 0.00323936 0.00193669 0.00451247 0.00242782 0.0176546 0.00333051 0.00754212 0.00360726 0.0190976 0.00591203 0.0155684 0.00520743 0.0303399 0.00664317 0.0197339 0.00568088 0.0439698
INVERSE_OF_COVARIANCE_MATRIX
1.69027e+06 -44073.9 256402 -856090 983336 -1.08605e+06 -219675 99965.9 -854706 980172 -86198.7 -981907 1.52945e+06 -256227 69986.2 472148 458357 -418691 -253847 -269048 
-44073.9 3.97689e+06 300236 304360 -127007 -908297 2.00566e+06 692178 -338254 -236072 -241433 153956 -1.22424e+06 -2536.52 495665 238330 1.22037e+06 -365004 -455875 -437822 
256402 300236 1.17904e+07 -1.1455e+06 -1.82131e+06 -44881.6 5.1735e+06 -2.48478e+06 1.25755e+06 -1.00831e+06 1.05499e+06 -673132 -703054 270215 -2.08022e+06 7330.59 -1.63785e+06 921800 -681867 375555 
-856090 304360 -1.1455e+06 8.62088e+06 934543 -706002 -582003 -107234 2.36084e+06 -59648.6 213057 -2.2172e+06 2.48996e+06 14657.1 -709661 -795346 524460 -800348 341922 1.94564e+06 
983336 -127007 -1.82131e+06 934543 1.78246e+07 -3.29504e+06 1.56419e+06 -2.6128e+06 -469226 929213 -4.27561e+06 -2.20604e+06 761382 5.64172e+06 -499486 -152331 3.86071e+06 808642 -2.1644e+06 243224 
-1.08605e+06 -908297 -44881.6 -706002 -3.29504e+06 1.54781e+07 -792472 3.53181e+06 -2.35299e+06 -2.68318e+06 -396454 -2.2956e+06 -1.45248e+06 -1.26458e+06 -949442 647754 2.30263e+06 -275473 -2.09374e+06 -811990 
-219675 2.00566e+06 5.1735e+06 -582003 1.56419e+06 -792472 2.30818e+07 370080 -5.17766e+06 -559917 1.34312e+06 -4.36184e+06 -139917 -884689 926875 1.29663e+06 -3.33768e+06 1.82429e+06 -1.80098e+06 -277409 
99965.9 692178 -2.48478e+06 -107234 -2.6128e+06 3.53181e+06 370080 8.17196e+06 -2.26832e+06 -910887 941257 -2.27744e+06 -1.62583e+06 -2.92778e+06 2.29046e+06 2.31373e+06 2.27796e+06 -3.3015e+06 -71631 -740098 
-854706 -338254 1.25755e+06 2.36084e+06 -469226 -2.35299e+06 -5.17766e+06 -2.26832e+06 2.48525e+07 393575 -2.86857e+06 324545 411764 -1.07706e+06 -863574 -1.48465e+06 -1.33669e+06 -1.17819e+06 2.79715e+06 522499 
980172 -236072 -1.00831e+06 -59648.6 929213 -2.68318e+06 -559917 -910887 393575 4.76785e+06 -1.63153e+06 90885.9 3.00397e+06 -1.38814e+06 1.55711e+06 -382605 -2.52479e+06 436275 603279 33339.2 
-86198.7 -241433 1.05499e+06 213057 -4.27561e+06 -396454 1.34312e+06 941257 -2.86857e+06 -1.63153e+06 1.56759e+07 270300 1.88994e+06 -521406 -2.9978e+06 1.88334e+06 1.60569e+06 339027 3.35008e+06 -823897 
-981907 153956 -673132 -2.2172e+06 -2.20604e+06 -2.2956e+06 -4.36184e+06 -2.27744e+06 324545 90885.9 270300 6.64806e+06 1.17902e+06 1.84385e+06 667067 -1.30238e+06 -834150 -128372 -23872.7 -723050 
1.52945e+06 -1.22424e+06 -703054 2.48996e+06 761382 -1.45248e+06 -139917 -1.62583e+06 411764 3.00397e+06 1.88994e+06 1.17902e+06 1.57613e+07 655269 421821 212315 -4.58067e+06 -1.45079e+06 -754238 -443242 
-256227 -2536.52 270215 14657.1 5.64172e+06 -1.26458e+06 -884689 -2.92778e+06 -1.07706e+06 -1.38814e+06 -521406 1.84385e+06 655269 1.00911e+07 -2.17013e+06 -951126 736789 -696649 -922897 -95168.5 
69986.2 495665 -2.08022e+06 -709661 -499486 -949442 926875 2.29046e+06 -863574 1.55711e+06 -2.9978e+06 667067 421821 -2.17013e+06 8.22193e+06 -191095 -2.05273e+06 -1.23498e+06 -1.36966e+06 -120469 
472148 238330 7330.59 -795346 -152331 647754 1.29663e+06 2.31373e+06 -1.48465e+06 -382605 1.88334e+06 -1.30238e+06 212315 -951126 -191095 2.52853e+06 2.56559e+06 298171 -185281 -862300 
458357 1.22037e+06 -1.63785e+06 524460 3.86071e+06 2.30263e+06 -3.33768e+06 2.27796e+06 -1.33669e+06 -2.52479e+06 1.60569e+06 -834150 -4.58067e+06 736789 -2.05273e+06 2.56559e+06 1.89073e+07 491506 -5.32941e+06 -600899 
-418691 -365004 921800 -800348 808642 -275473 1.82429e+06 -3.3015e+06 -1.17819e+06 436275 339027 -128372 -1.45079e+06 -696649 -1.23498e+06 298171 491506 5.07381e+06 584262 -190284 
-253847 -455875 -681867 341922 -2.1644e+06 -2.09374e+06 -1.80098e+06 -71631 2.79715e+06 603279 3.35008e+06 -23872.7 -754238 -922897 -1.36966e+06 -185281 -5.32941e+06 584262 7.74297e+06 222462 
-269048 -437822 375555 1.94564e+06 243224 -811990 -277409 -740098 522499 33339.2 -823897 -723050 -443242 -95168.5 -120469 -862300 -600899 -190284 222462 1.14094e+06 
WEIGHT 0.162202
DETERMINANT_OF_COV_MATRIX 3.30652e-129
ESPERANCE 0.00334411 0.0023716 0.00179008 0.00434064 0.00191653 0.0043862 0.00243773 0.01732 0.00312084 0.00787324 0.00347849 0.0189427 0.00536633 0.0153914 0.00528858 0.0281466 0.00643839 0.0194038 0.00561067 0.0370282
INVERSE_OF_COVARIANCE_MATRIX
746318 44144.1 257742 -14960.3 -153440 -129353 -15472.1 -106204 -74782.9 174945 -320689 -121800 219559 -89820 37808.7 189765 -839.812 -81306.5 -21961.6 -71620.8 
44144.1 3.04528e+06 -34512.8 -624498 -232868 -471758 -43023.9 -74106.7 -120209 -210802 206701 -84212.3 71076.9 55164.1 -90452.8 -294395 300075 13771.8 71289.7 339362 
257742 -34512.8 6.65125e+06 -214404 -1.5864e+06 284036 1.52623e+06 -633526 70837.3 -237977 807497 -291601 -747199 90314.3 -262324 69281.5 -495713 293813 -494408 30336.2 
-14960.3 -624498 -214404 4.48164e+06 -391387 -564446 -184318 166504 153455 64473.9 34603.2 -1.04468e+06 460400 -57677.4 35764.3 -434944 77508.5 -140238 2491.43 462181 
-153440 -232868 -1.5864e+06 -391387 1.16549e+07 -43226.4 -557097 -287943 -969811 372526 -1.64022e+06 -772380 -525338 1.10624e+06 -81048.6 -297528 205944 -482933 -653578 168137 
-129353 -471758 284036 -564446 -43226.4 7.08091e+06 -433087 995688 -517117 -121710 -469863 -1.35324e+06 -130007 -520387 40815.3 -47284.3 475603 -996202 -123429 -91811.9 
-15472.1 -43023.9 1.52623e+06 -184318 -557097 -433087 1.06985e+07 643727 -594503 -356528 358486 -1.02518e+06 377870 -514026 242660 90160.3 -970919 387608 -175454 -227820 
-106204 -74106.7 -633526 166504 -287943 995688 643727 3.31183e+06 -313260 -65454.4 -384664 -1.37259e+06 -787788 -1.38151e+06 536054 1.07066e+06 -86258.3 -700946 338459 -422245 
-74782.9 -120209 70837.3 153455 -969811 -517117 -594503 -313260 1.08449e+07 371575 -1.66884e+06 -178736 -367044 -642914 -183302 110501 142540 195252 444554 -324296 
174945 -210802 -237977 64473.9 372526 -121710 -356528 -65454.4 371575 2.51386e+06 -164174 81792.7 821397 -545856 285403 48936.4 -594526 -127261 134682 136102 
-320689 206701 807497 34603.2 -1.64022e+06 -469863 358486 -384664 -1.66884e+06 -164174 7.1562e+06 915794 648181 432407 -975849 275276 205682 177628 587080 -138753 
-121800 -84212.3 -291601 -1.04468e+06 -772380 -1.35324e+06 -1.02518e+06 -1.37259e+06 -178736 81792.7 915794 2.72684e+06 1.31039e+06 593878 -172572 -221577 700291 43472.6 -167766 -245309 
219559 71076.9 -747199 460400 -525338 -130007 377870 -787788 -367044 821397 648181 1.31039e+06 7.23613e+06 350032 506817 287548 -2.40062e+06 -271465 27304.3 -259097 
-89820 55164.1 90314.3 -57677.4 1.10624e+06 -520387 -514026 -1.38151e+06 -642914 -545856 432407 593878 350032 3.47049e+06 -357463 -583766 44762 -144478 9479.92 160369 
37808.7 -90452.8 -262324 35764.3 -81048.6 40815.3 242660 536054 -183302 285403 -975849 -172572 506817 -357463 4.32938e+06 440.389 -1.01721e+06 -14543.3 -1.37207e+06 12123.2 
189765 -294395 69281.5 -434944 -297528 -47284.3 90160.3 1.07066e+06 110501 48936.4 275276 -221577 287548 -583766 440.389 1.22352e+06 248852 -145651 -105702 -550219 
-839.812 300075 -495713 77508.5 205944 475603 -970919 -86258.3 142540 -594526 205682 700291 -2.40062e+06 44762 -1.01721e+06 248852 7.57848e+06 584556 -2.20349e+06 -257952 
-81306.5 13771.8 293813 -140238 -482933 -996202 387608 -700946 195252 -127261 177628 43472.6 -271465 -144478 -14543.3 -145651 584556 1.41644e+06 -34743.3 -27372.5 
-21961.6 71289.7 -494408 2491.43 -653578 -123429 -175454 338459 444554 134682 587080 -167766 27304.3 9479.92 -1.37207e+06 -105702 -2.20349e+06 -34743.3 3.42088e+06 46670.3 
-71620.8 339362 30336.2 462181 168137 -91811.9 -227820 -422245 -324296 136102 -138753 -245309 -259097 160369 12123.2 -550219 -257952 -27372.5 46670.3 446754 
