DESCRIPTOR_NAME Steinhardt
FILTER_TYPE element
NUMBER_OF_DIMENSION 20
CUTOFF_RADIUS 8.
STEINHARDT_STYLE Multi
AVE_STYLE Multi
STEINHARDT_MODE Full
FILTER_VALUE Mg
NUMBER_OF_CLUSTER 1
WEIGHT 0.222466
DETERMINANT_OF_COV_MATRIX 1.2828e-129
ESPERANCE 0.00356803 0.00226273 0.00180915 0.00405099 0.00199301 0.0045364 0.00246586 0.0174222 0.00326295 0.00808383 0.00354912 0.0194043 0.00547076 0.0153994 0.00528459 0.0288082 0.00649982 0.0198386 0.00556031 0.0389169
INVERSE_OF_COVARIANCE_MATRIX
869499 139358 236519 -63551 384802 -238232 -170461 -226902 68905.9 17145.2 -441840 -288807 300525 -36488.4 -38172.1 236643 -56866.2 -61457.2 -51895.9 -81526.9 
139358 2.50956e+06 45151.5 30870.5 194037 -459181 -24555.4 138295 -385987 -326692 120472 -201961 -113063 -54474.9 164105 17378.9 389043 -51868.6 -56098 126538 
236519 45151.5 6.61278e+06 -288855 -1.10393e+06 290363 597051 -976557 126177 -72075.8 718489 -247422 -427375 265835 221193 6869.82 -1.24354e+06 -8318.13 -733292 158727 
-63551 30870.5 -288855 4.59796e+06 326548 -679053 -546733 -372467 490731 -227753 398806 -690028 624099 -226468 -167937 -721431 -580799 -347248 -35493.6 765971 
384802 194037 -1.10393e+06 326548 1.3931e+07 -132464 489085 223367 -41919.2 1.32673e+06 404562 -366807 -426398 -383865 529013 303978 1.0005e+06 -510759 -1.37169e+06 -124954 
-238232 -459181 290363 -679053 -132464 9.41472e+06 -156142 1.25913e+06 480943 5191.82 -863432 -2.03822e+06 -832374 269283 -147319 -424068 980977 -1.40905e+06 -214018 32388.5 
-170461 -24555.4 597051 -546733 489085 -156142 1.13685e+07 -29950.1 97332.7 -711471 -1.41125e+06 -430740 1.91607e+06 -1.2691e+06 443792 -453204 -731268 320681 -405670 -137445 
-226902 138295 -976557 -372467 223367 1.25913e+06 -29950.1 3.46742e+06 -897845 63858.8 449219 -1.20647e+06 -1.03494e+06 -1.08397e+06 248803 1.13282e+06 143360 -921029 642751 -381548 
68905.9 -385987 126177 490731 -41919.2 480943 97332.7 -897845 1.00391e+07 -1.24179e+06 -1.12021e+06 -1.10884e+06 -815030 596524 -746005 -412716 -1.84213e+06 268034 1.72274e+06 -85675.2 
17145.2 -326692 -72075.8 -227753 1.32673e+06 5191.82 -711471 63858.8 -1.24179e+06 3.66962e+06 224367 437568 -473223 -609226 189006 -375239 -452910 -582492 231360 347578 
-441840 120472 718489 398806 404562 -863432 -1.41125e+06 449219 -1.12021e+06 224367 7.12596e+06 640090 556054 -193097 8589.32 362444 -1.9087e+06 -682635 593877 -72734.5 
-288807 -201961 -247422 -690028 -366807 -2.03822e+06 -430740 -1.20647e+06 -1.10884e+06 437568 640090 2.80948e+06 1.74349e+06 466461 -89603.6 -267366 911920 59465.8 -197694 -194712 
300525 -113063 -427375 624099 -426398 -832374 1.91607e+06 -1.03494e+06 -815030 -473223 556054 1.74349e+06 7.95213e+06 316909 -146322 237209 -2.77703e+06 9205.22 335795 -473352 
-36488.4 -54474.9 265835 -226468 -383865 269283 -1.2691e+06 -1.08397e+06 596524 -609226 -193097 466461 316909 3.57685e+06 -224108 -272123 69796.2 30264.6 -177769 -90610.6 
-38172.1 164105 221193 -167937 529013 -147319 443792 248803 -746005 189006 8589.32 -89603.6 -146322 -224108 5.63782e+06 8673.05 -733358 200309 -2.2435e+06 44730.5 
236643 17378.9 6869.82 -721431 303978 -424068 -453204 1.13282e+06 -412716 -375239 362444 -267366 237209 -272123 8673.05 1.32139e+06 -124079 -116910 226237 -545223 
-56866.2 389043 -1.24354e+06 -580799 1.0005e+06 980977 -731268 143360 -1.84213e+06 -452910 -1.9087e+06 911920 -2.77703e+06 69796.2 -733358 -124079 8.71351e+06 279164 -1.79703e+06 -98888.8 
-61457.2 -51868.6 -8318.13 -347248 -510759 -1.40905e+06 320681 -921029 268034 -582492 -682635 59465.8 9205.22 30264.6 200309 -116910 279164 1.77122e+06 252831 -70620.5 
-51895.9 -56098 -733292 -35493.6 -1.37169e+06 -214018 -405670 642751 1.72274e+06 231360 593877 -197694 335795 -177769 -2.2435e+06 226237 -1.79703e+06 252831 4.46161e+06 -178621 
-81526.9 126538 158727 765971 -124954 32388.5 -137445 -381548 -85675.2 347578 -72734.5 -194712 -473352 -90610.6 44730.5 -545223 -98888.8 -70620.5 -178621 413215 
FILTER_VALUE Si
NUMBER_OF_CLUSTER 1
WEIGHT 0.205151
DETERMINANT_OF_COV_MATRIX 1.77041e-130
ESPERANCE 0.00341076 0.00233699 0.00166503 0.00419318 0.00192284 0.00431655 0.0023754 0.0171543 0.00306383 0.00798497 0.003755 0.0187258 0.00545305 0.0155846 0.00527294 0.0285686 0.00658902 0.0191373 0.00582136 0.0388934
INVERSE_OF_COVARIANCE_MATRIX
887516 76445.2 537478 -193841 -497963 94626.2 -98303 -239262 -147349 278867 -452240 2467.05 450696 54757.2 -264454 192145 -17736.9 -120285 91081 -83930.5 
76445.2 2.76545e+06 282334 -472337 -467981 -338340 -258417 323050 -159196 -83385.3 176901 -157810 -19273 -256465 -26771 23462.9 341862 -181570 -26489.9 128770 
537478 282334 8.87851e+06 -555923 -1.08543e+06 90669.3 819588 -877053 531023 -236501 2.09138e+06 -293978 -925767 -406029 -294629 216071 -1.51055e+06 60331.8 -766308 136193 
-193841 -472337 -555923 4.57129e+06 -1.01157e+06 -188106 -240462 -825375 -492786 254880 502281 -683904 1.36004e+06 540735 -669429 -859095 170197 -272302 -20883.5 745100 
-497963 -467981 -1.08543e+06 -1.01157e+06 1.70487e+07 37733 -320166 588596 -673454 1.36942e+06 -809093 -930536 -1.25899e+06 -710072 -972051 -525468 742642 -826359 -66958.7 114363 
94626.2 -338340 90669.3 -188106 37733 8.37802e+06 165134 1.3861e+06 427331 -613876 -50510.6 -1.98571e+06 59077.3 301832 967180 23720.3 237020 -1.05472e+06 -776064 -306225 
-98303 -258417 819588 -240462 -320166 165134 1.53361e+07 222695 486892 271817 726499 -369116 425423 -1.71964e+06 -814260 -161651 -1.01456e+06 635618 466113 -248937 
-239262 323050 -877053 -825375 588596 1.3861e+06 222695 4.3197e+06 -668035 93640.4 -755117 -1.52327e+06 -1.16792e+06 -1.29139e+06 484221 1.2557e+06 55002.8 -1.11078e+06 301684 -476559 
-147349 -159196 531023 -492786 -673454 427331 486892 -668035 1.08745e+07 -1.12174e+06 -2.33017e+06 -921288 -623021 1.44856e+06 -341913 -161001 591389 -206984 38975.6 -253177 
278867 -83385.3 -236501 254880 1.36942e+06 -613876 271817 93640.4 -1.12174e+06 2.71287e+06 -692332 361246 -56653.8 76408.3 567697 -58542.9 62874.5 -283597 -800273 151658 
-452240 176901 2.09138e+06 502281 -809093 -50510.6 726499 -755117 -2.33017e+06 -692332 1.02356e+07 1.2241e+06 -747576 236676 -1.97069e+06 -1589.81 1.01492e+06 -327642 -576689 -49230.8 
2467.05 -157810 -293978 -683904 -930536 -1.98571e+06 -369116 -1.52327e+06 -921288 361246 1.2241e+06 3.62553e+06 1.82713e+06 191982 -306780 -226885 775797 -21418.1 49433.5 -260654 
450696 -19273 -925767 1.36004e+06 -1.25899e+06 59077.3 425423 -1.16792e+06 -623021 -56653.8 -747576 1.82713e+06 8.61846e+06 516989 758095 368708 -2.87671e+06 83.8142 422094 -491076 
54757.2 -256465 -406029 540735 -710072 301832 -1.71964e+06 -1.29139e+06 1.44856e+06 76408.3 236676 191982 516989 3.91071e+06 -270444 -365983 -358198 198478 709361 -60200.7 
-264454 -26771 -294629 -669429 -972051 967180 -814260 484221 -341913 567697 -1.97069e+06 -306780 758095 -270444 7.77108e+06 -29890 -2.13937e+06 426432 -1.84839e+06 77728.4 
192145 23462.9 216071 -859095 -525468 23720.3 -161651 1.2557e+06 -161001 -58542.9 -1589.81 -226885 368708 -365983 -29890 1.30253e+06 210074 -102762 -28069.3 -553505 
-17736.9 341862 -1.51055e+06 170197 742642 237020 -1.01456e+06 55002.8 591389 62874.5 1.01492e+06 775797 -2.87671e+06 -358198 -2.13937e+06 210074 1.0837e+07 579581 -2.36509e+06 -192785 
-120285 -181570 60331.8 -272302 -826359 -1.05472e+06 635618 -1.11078e+06 -206984 -283597 -327642 -21418.1 83.8142 198478 426432 -102762 579581 1.84518e+06 58489.3 -4709.66 
91081 -26489.9 -766308 -20883.5 -66958.7 -776064 466113 301684 38975.6 -800273 -576689 49433.5 422094 709361 -1.84839e+06 -28069.3 -2.36509e+06 58489.3 3.99668e+06 -109700 
-83930.5 128770 136193 745100 114363 -306225 -248937 -476559 -253177 151658 -49230.8 -260654 -491076 -60200.7 77728.4 -553505 -192785 -4709.66 -109700 429317 
FILTER_VALUE O
NUMBER_OF_CLUSTER 1
WEIGHT 0.207882
DETERMINANT_OF_COV_MATRIX 1.65908e-129
ESPERANCE 0.00329669 0.00228541 0.00174394 0.00403343 0.00192461 0.00441614 0.00243125 0.0174037 0.00317202 0.00778473 0.00350482 0.0189682 0.0055211 0.0154556 0.00525712 0.0287343 0.00649181 0.0195008 0.00562768 0.0389344
INVERSE_OF_COVARIANCE_MATRIX
747919 90480.8 287699 -139724 -50696.9 -177033 -72477.3 -85617.8 -249603 197093 -355629 -200772 292989 -87273.8 35451.6 196835 13851.2 -45372.9 -56388.1 -53066.8 
90480.8 2.54848e+06 206072 47789.6 -218954 -497900 276070 159579 -66919.6 -238376 60410.3 -211671 -220099 -4530.37 -64133 -50267.1 605856 -42202.8 -41803.3 160979 
287699 206072 7.27032e+06 -695915 -1.61605e+06 167011 1.84042e+06 -903459 259657 -252977 888672 -209139 -609270 80453.6 -550697 83477.9 -704953 292741 -387989 80999.9 
-139724 47789.6 -695915 4.48383e+06 27267.5 -507834 -530645 -61650.8 32443.5 212643 311268 -1.11934e+06 1.05376e+06 94395.3 -161803 -626557 -22327.7 -273066 146413 761779 
-50696.9 -218954 -1.61605e+06 27267.5 1.15667e+07 -431925 -123834 -493495 -786140 295059 -2.05039e+06 -874498 -492300 1.47563e+06 54109.8 -395713 760224 -194650 -811054 181131 
-177033 -497900 167011 -507834 -431925 7.64087e+06 -545682 1.20209e+06 -435654 -437102 -500927 -1.38196e+06 -55315.8 -584659 138028 -56931.4 584726 -1.0122e+06 -391268 -183115 
-72477.3 276070 1.84042e+06 -530645 -123834 -545682 1.16979e+07 553473 -1.19434e+06 -313557 625779 -1.39905e+06 542788 -570276 326625 160244 -1.3912e+06 433546 -364818 -104173 
-85617.8 159579 -903459 -61650.8 -493495 1.20209e+06 553473 3.65543e+06 -447269 -31284.2 -264084 -1.32809e+06 -705063 -1.4609e+06 672628 1.14274e+06 93855.1 -917022 304295 -436988 
-249603 -66919.6 259657 32443.5 -786140 -435654 -1.19434e+06 -447269 1.25253e+07 402879 -1.86568e+06 -156349 -353693 -613999 -302137 2393.02 -141376 63806.5 788049 -277126 
197093 -238376 -252977 212643 295059 -437102 -313557 -31284.2 402879 2.55597e+06 -455897 41819 935390 -601915 425014 16201.8 -655504 13309 114308 115981 
-355629 60410.3 888672 311268 -2.05039e+06 -500927 625779 -264084 -1.86568e+06 -455897 8.12193e+06 924844 759136 422049 -1.28741e+06 438509 397994 294653 891357 -272562 
-200772 -211671 -209139 -1.11934e+06 -874498 -1.38196e+06 -1.39905e+06 -1.32809e+06 -156349 41819 924844 2.90428e+06 1.29913e+06 629002 -102070 -195586 618974 15581.3 -146533 -268729 
292989 -220099 -609270 1.05376e+06 -492300 -55315.8 542788 -705063 -353693 935390 759136 1.29913e+06 8.01314e+06 252722 611522 344173 -2.71174e+06 -368367 -50765.9 -362705 
-87273.8 -4530.37 80453.6 94395.3 1.47563e+06 -584659 -570276 -1.4609e+06 -613999 -601915 422049 629002 252722 3.93949e+06 -536636 -585400 101842 -228048 40388.2 140340 
35451.6 -64133 -550697 -161803 54109.8 138028 326625 672628 -302137 425014 -1.28741e+06 -102070 611522 -536636 4.82941e+06 5252.63 -1.06756e+06 -124262 -1.45253e+06 20448 
196835 -50267.1 83477.9 -626557 -395713 -56931.4 160244 1.14274e+06 2393.02 16201.8 438509 -195586 344173 -585400 5252.63 1.28168e+06 447923 -78854.6 -92114.9 -577986 
13851.2 605856 -704953 -22327.7 760224 584726 -1.3912e+06 93855.1 -141376 -655504 397994 618974 -2.71174e+06 101842 -1.06756e+06 447923 8.72435e+06 639232 -2.53368e+06 -283215 
-45372.9 -42202.8 292741 -273066 -194650 -1.0122e+06 433546 -917022 63806.5 13309 294653 15581.3 -368367 -228048 -124262 -78854.6 639232 1.64358e+06 44607.6 -33928.8 
-56388.1 -41803.3 -387989 146413 -811054 -391268 -364818 304295 788049 114308 891357 -146533 -50765.9 40388.2 -1.45253e+06 -92114.9 -2.53368e+06 44607.6 3.867e+06 26715.4 
-53066.8 160979 80999.9 761779 181131 -183115 -104173 -436988 -277126 115981 -272562 -268729 -362705 140340 20448 -577986 -283215 -33928.8 26715.4 436988 
