DESCRIPTOR_NAME Steinhardt
FILTER_TYPE element
NUMBER_OF_DIMENSION 12
CUTOFF_RADIUS 5.000000
STEINHARDT_STYLE Multi
AVE_STYLE Multi
STEINHARDT_MODE Full
FILTER_VALUE Al
NUMBER_OF_CLUSTER 1
WEIGHT 0.259987
DETERMINANT_OF_COV_MATRIX 2.14946e-67
ESPERANCE 0.00355431 0.0483388 0.00361388 0.00838287 0.00591331 0.0301678 0.00419147 0.0509493 0.00726717 0.0790321 0.00936565 0.0961614
INVERSE_OF_COVARIANCE_MATRIX
412152 3084.27 -18924 -18924.9 35713.6 38702.6 -97047.7 9358.96 12577.5 -2677.8 -21354.6 5412.34 
3084.27 399232 21346.7 -57363.2 -1840.97 -121853 73113.4 -102734 -19879.4 -134180 17432.7 -119826 
-18924 21346.7 1.27296e+06 30570.8 -16402.2 16038.8 -139495 25972.3 -28168.3 -980.851 -117049 6832.41 
-18924.9 -57363.2 30570.8 527448 -20468.8 117259 118915 -63136 -12158.4 -26314.7 15299.3 74215.9 
35713.6 -1840.97 -16402.2 -20468.8 920644 -33566.4 -137999 65033.9 -98948.4 19330.2 -86209 -10709.4 
38702.6 -121853 16038.8 117259 -33566.4 667487 -3743.64 170923 16564.3 -123368 -845.278 -99583.8 
-97047.7 73113.4 -139495 118915 -137999 -3743.64 1.43848e+06 -27115.3 -43144.7 47006.1 -177191 10277 
9358.96 -102734 25972.3 -63136 65033.9 170923 -27115.3 199379 -9094.55 -5169.24 20004.2 -14328.6 
12577.5 -19879.4 -28168.3 -12158.4 -98948.4 16564.3 -43144.7 -9094.55 776621 -408.116 -206484 48407.7 
-2677.8 -134180 -980.851 -26314.7 19330.2 -123368 47006.1 -5169.24 -408.116 411065 11640.1 -144807 
-21354.6 17432.7 -117049 15299.3 -86209 -845.278 -177191 20004.2 -206484 11640.1 463760 -4671.38 
5412.34 -119826 6832.41 74215.9 -10709.4 -99583.8 10277 -14328.6 48407.7 -144807 -4671.38 245990 
FILTER_VALUE O
NUMBER_OF_CLUSTER 1
WEIGHT 0.259096
DETERMINANT_OF_COV_MATRIX 8.93734e-67
ESPERANCE 0.00322585 0.0485037 0.00292514 0.00816873 0.00573928 0.0313777 0.00580656 0.0485743 0.0079615 0.0788849 0.013668 0.0949976
INVERSE_OF_COVARIANCE_MATRIX
474417 10650.1 -54334.4 1244.44 -17938.6 41181.8 -31517.8 14295.7 -7194.37 11647.6 -11162.9 5916.68 
10650.1 422211 55101 -62144.7 22966.9 -161439 22290.9 -106594 -6505.31 -136142 -28943.5 -109089 
-54334.4 55101 1.31064e+06 65190.2 26773.1 12356.6 -109355 14186.6 -79970.5 9092.75 -5140.29 18227.5 
1244.44 -62144.7 65190.2 558521 24290.6 136816 58229.4 -95686.8 27246.6 -34802.4 -27423.8 84750.7 
-17938.6 22966.9 26773.1 24290.6 807558 23977.6 -207195 -12914.7 -40229.1 -13702.3 8651.5 -18215.2 
41181.8 -161439 12356.6 136816 23977.6 683611 -14446 163290 -5589.67 -108456 26436.6 -88248.2 
-31517.8 22290.9 -109355 58229.4 -207195 -14446 1.12291e+06 -18740.9 -317590 15986.9 -1810.43 -22442.1 
14295.7 -106594 14186.6 -95686.8 -12914.7 163290 -18740.9 229213 3350.54 -4513.89 -27349.3 -22822.9 
-7194.37 -6505.31 -79970.5 27246.6 -40229.1 -5589.67 -317590 3350.54 574182 15610.2 -43120.7 32607.6 
11647.6 -136142 9092.75 -34802.4 -13702.3 -108456 15986.9 -4513.89 15610.2 439139 -13472.4 -172379 
-11162.9 -28943.5 -5140.29 -27423.8 8651.5 26436.6 -1810.43 -27349.3 -43120.7 -13472.4 136105 1247.24 
5916.68 -109089 18227.5 84750.7 -18215.2 -88248.2 -22442.1 -22822.9 32607.6 -172379 1247.24 247659 
