DESCRIPTOR_NAME Steinhardt
FILTER_TYPE element
NUMBER_OF_DIMENSION 12
CUTOFF_RADIUS 5.000000
STEINHARDT_STYLE Multi
AVE_STYLE Multi
STEINHARDT_MODE Full
FILTER_VALUE Al
NUMBER_OF_CLUSTER 1
WEIGHT 0.249588
DETERMINANT_OF_COV_MATRIX 1.98577e-62
ESPERANCE 0.00559661 0.0120687 0.00512227 0.0237768 0.00525897 0.0173108 0.0062912 0.0431554 0.008148 0.03068 0.00972154 0.121911
INVERSE_OF_COVARIANCE_MATRIX
171330 9989.56 -952.618 6947.33 -17084.9 -8777.85 -27575 -6591.88 -21147.2 2030.74 -32880 5188.21 
9989.56 142935 -194.721 -6735.72 -10113.8 -38517.4 8960.23 12130.9 16585 -12948.2 -13984.1 -9747.78 
-952.618 -194.721 397890 -15407.4 -53168.4 -5626.11 9662.96 23415 4125 -6547.98 -5041.02 13889.1 
6947.33 -6735.72 -15407.4 221473 20104.4 -54113 -8724.82 -18498.3 8931.91 -88304.3 -182.376 -10336.1 
-17084.9 -10113.8 -53168.4 20104.4 706472 8989.44 -87992 -6867.17 -71901.5 -8219.77 -43225.4 12000.4 
-8777.85 -38517.4 -5626.11 -54113 8989.44 187919 -47337.2 4293.83 28753.8 25456.3 24292.5 -8975.64 
-27575 8960.23 9662.96 -8724.82 -87992 -47337.2 566450 -38215.7 12660.4 14616.6 -78862.8 25714.5 
-6591.88 12130.9 23415 -18498.3 -6867.17 4293.83 -38215.7 61726.9 -18739.2 -4087.12 -14101.6 -6894.07 
-21147.2 16585 4125 8931.91 -71901.5 28753.8 12660.4 -18739.2 452880 14650.2 -80268.4 19828.7 
2030.74 -12948.2 -6547.98 -88304.3 -8219.77 25456.3 14616.6 -4087.12 14650.2 82072.6 -11529.8 3807.1 
-32880 -13984.1 -5041.02 -182.376 -43225.4 24292.5 -78862.8 -14101.6 -80268.4 -11529.8 257176 10319.7 
5188.21 -9747.78 13889.1 -10336.1 12000.4 -8975.64 25714.5 -6894.07 19828.7 3807.1 10319.7 10750.9 
FILTER_VALUE O
NUMBER_OF_CLUSTER 1
WEIGHT 0.248746
DETERMINANT_OF_COV_MATRIX 6.11544e-62
ESPERANCE 0.00544734 0.0122819 0.00758083 0.0249659 0.00674811 0.0171074 0.00675819 0.0401588 0.00989053 0.0363792 0.0102926 0.120894
INVERSE_OF_COVARIANCE_MATRIX
177679 10010.9 -4974.82 3905.79 11189.6 -6293.69 -41599.3 -5383.67 -15195.7 3357.6 -16755.4 10130.3 
10010.9 138115 855.924 -15505.1 -20841 -31158.2 -8655.12 20924.6 903.865 -9238.33 271.709 -10677.6 
-4974.82 855.924 195339 17970.4 -151189 11064.7 -3777.79 -3472.74 -34017.7 -10348.1 24712.4 -2760.75 
3905.79 -15505.1 17970.4 230367 6234.51 -41423.2 -5716.82 -14611.5 6048.17 -79144.3 -7539.4 -18015.1 
11189.6 -20841 -151189 6234.51 504516 19033.7 -51430.2 -6846.91 -61946.2 -4690.26 -60624.8 -2720.37 
-6293.69 -31158.2 11064.7 -41423.2 19033.7 238134 -3435.85 -19010.5 -4569.51 25799.9 11836.1 -13670.5 
-41599.3 -8655.12 -3777.79 -5716.82 -51430.2 -3435.85 608036 484.653 -16523.1 4066.19 -47732.9 24756.5 
-5383.67 20924.6 -3472.74 -14611.5 -6846.91 -19010.5 484.653 105640 -4510.87 -36888.9 -12609.7 -8697.52 
-15195.7 903.865 -34017.7 6048.17 -61946.2 -4569.51 -16523.1 -4510.87 304474 -4133.77 -78099.6 6191.43 
3357.6 -9238.33 -10348.1 -79144.3 -4690.26 25799.9 4066.19 -36888.9 -4133.77 82605.5 -2114.84 9900.02 
-16755.4 271.709 24712.4 -7539.4 -60624.8 11836.1 -47732.9 -12609.7 -78099.6 -2114.84 204031 7687.3 
10130.3 -10677.6 -2760.75 -18015.1 -2720.37 -13670.5 24756.5 -8697.52 6191.43 9900.02 7687.3 9904.59 
